1.524566532510123176e-06 2.268790831706201940e-06 1.275184078856498895e-06 1.203249884789691233e-06 9.629265070119635353e-07 3.701259120096539920e-07 2.509506671524743393e-07 1.542102109972606427e-07 8.951533405167252872e-08 9.461464280684134200e-08
2.660961755183786972e-06 3.024155365012804138e-06 2.139184153696307456e-06 1.403668400925236682e-06 9.112577244468765018e-07 1.192486574366228266e-06 5.726812587721242395e-07 2.625330278540492167e-07 7.497065859989671871e-08 1.369516835291285311e-08
4.437876500791331413e-06 1.619394028860680393e-06 1.377733470556831231e-06 9.731429089865325550e-07 7.647709449296663266e-07 6.618131648119122723e-07 3.960642588548551393e-07 3.482023129913804147e-07 3.559988791346591488e-07 2.393978851642794895e-07
2.449444203457528812e-06 1.829911994580937057e-06 1.069188772619923508e-06 9.078156465039321080e-07 7.188003199537071088e-07 5.057261350769320040e-07 3.545400390941587032e-07 1.992747022299987409e-07 8.406217238801147679e-08 7.572467731938172070e-07
2.502971998130806736e-06 2.759185725800573590e-06 9.936202015411456470e-07 8.961197236911911216e-07 6.577316157496975154e-07 5.246467648027504258e-07 4.135536810413216084e-07 1.429805712513872363e-07 1.514505209460976359e-07 5.385445481592153379e-07
1.755627060756650172e-06 3.378320952317524973e-05 1.997210410068747292e-06 1.841873571186514801e-06 6.143115942265066802e-07 4.336066694596598624e-07 5.471651416894873585e-07 8.318503097518139867e-08 2.325687747443596338e-07 4.641706161903414499e-07
3.142227676226567953e-06 1.978348728077551711e-06 1.337786521977453836e-06 8.687895800579884558e-07 6.471414715727909947e-07 6.566291903260598247e-07 2.430252795395343120e-07 1.821045185958884463e-07 7.989851007423963430e-08 1.695317942340117175e-08
1.498110681915599200e-06 1.249787479292937329e-06 1.105182280690487613e-06 8.877705950376666576e-07 6.403010575748164159e-07 4.198865110108460776e-07 4.629715456535645493e-07 4.162867355364445395e-07 3.447808983610211083e-08 1.160803515963444150e-08
1.225585508439463049e-06 1.019908419307312144e-06 1.025205226134749019e-06 9.650917294899920892e-07 5.742899358375697547e-07 4.276459475383516515e-07 3.002988633259555502e-07 2.917811414702350449e-07 4.324423262065424131e-07 5.152682620640295658e-08
7.164521759430902200e-06 2.541296112570656688e-06 8.130680195816021566e-06 3.162177706757043532e-06 1.751615332770130209e-06 1.063738205897634558e-06 3.370087345540200425e-07 1.473951623378804196e-07 6.444744046731698668e-08 6.826692728580432810e-07
1.613364471031010361e-06 1.254335652988245355e-06 1.093414962193078244e-06 8.125662254990678360e-07 6.088079251586931583e-07 3.498665481678924853e-07 2.901469157434966360e-07 2.662911777141302143e-07 9.797243417184131233e-07 3.290767069499287575e-08
1.466007367509837351e-06 1.252562788171862975e-06 1.055533746671584166e-06 7.911852223777429306e-07 5.815500473567417178e-07 4.136300960011489038e-07 3.035788441792695053e-07 1.909817750823490066e-07 1.100390790276185868e-07 2.839748549160253159e-07
1.861064710464802503e-06 1.653335324804277409e-06 1.796304032311240429e-06 7.175654100311599187e-07 4.157816394702766606e-07 2.321825360986840853e-06 2.456881345306557975e-07 1.135409370301533345e-07 1.973689166465376397e-07 2.255753577135169218e-07
5.729782439992849146e-07 4.104412445424459618e-07 2.774394990638663477e-07 2.710831906245245328e-07 8.475908173990733069e-07 2.258413027533842283e-06 2.894531034832558753e-07 1.419285186725147506e-07 3.893177687595035251e-07 2.424748223464331884e-07
1.578238119684504989e-06 1.172125626554603256e-06 9.556298576440959222e-07 6.850516049965694193e-07 7.161678841433684662e-07 2.828215346593540505e-07 2.060206291373530825e-07 1.745212379027301456e-07 1.332039518420196641e-07 3.185973943181337469e-07
8.375157383357328443e-06 1.915156462806691026e-06 9.362027023723329063e-07 6.973459678692696423e-07 4.297025703385441351e-07 2.788836157123081259e-07 4.260466357629349662e-07 1.712035296132483211e-07 1.348387458562690031e-07 1.345364221812519581e-08
