3.606234806739719520e-06 1.606591377526330346e-06 1.287091101813543954e-06 1.463694614920318246e-06 1.446528552794858323e-06 5.377882439772142673e-07 3.646904379529394509e-07 2.247621759344787336e-07 1.426595973916402172e-07 1.420670464925988982e-07
5.341788729748092219e-06 1.339494552797575564e-05 3.092629403487125979e-06 2.225023249838584887e-06 1.445670057582299466e-06 8.180218805768648065e-07 6.123007873023577739e-07 2.978753451471218603e-07 1.319042968114606103e-07 2.540555755008134468e-07
3.635373558233096231e-06 3.866358969070434680e-06 1.760900908265121799e-06 1.461698416224580083e-06 1.351852436992472495e-06 8.492309570237441523e-07 6.928066449857882964e-07 2.578906616921448771e-07 4.667042863722066586e-07 3.875814491820659161e-07
2.692340742161854257e-06 1.952300851380471260e-06 1.597296929596638063e-06 1.225024171855755305e-06 1.032183510337083481e-06 8.188148540693136491e-07 5.218145889197797420e-07 1.538452894463258020e-07 2.170954696520192615e-07 2.686111247070402341e-07
2.920454070397712326e-06 2.120309165139719726e-06 2.084179289525094392e-06 1.269801683857214037e-06 9.428555011079518598e-07 7.323381196650874754e-07 5.559032290191463411e-07 4.539817774990567579e-07 8.986082433161518217e-08 2.531083544082810833e-07
6.606184239783389919e-06 3.293885665295012166e-06 2.475980329847804802e-06 1.529490640454866498e-06 7.771542877338444978e-07 8.935394544821917932e-07 7.318386707087813018e-07 1.635369992322412275e-07 5.479138165180790329e-07 6.167686751252712440e-07
3.441099486701958237e-06 2.758148397393185938e-06 2.253444813423082504e-06 1.931039530311508067e-06 1.034722003265397978e-06 8.778379629563313755e-07 4.547763884611376802e-07 1.514009544657117496e-07 3.082276380328557291e-07 3.962539810604200709e-08
3.181744681655159809e-06 2.066147497273286110e-06 1.784454586198227978e-06 1.668103883271871919e-06 1.115384324182706318e-06 1.013769100224730410e-06 6.294660643902959478e-07 6.619682596906813873e-07 6.368537162198972657e-08 1.226627283711667510e-07
5.291002914993778884e-06 2.640172268272595033e-06 2.052612552497048093e-06 1.277991185530450341e-06 8.775784442281467570e-07 7.963531423928647563e-07 5.805422804659435545e-07 5.665379343306662698e-07 7.350609404573620450e-07 2.140307627492994563e-07
2.925966889400351478e-06 1.905650094857617092e-06 1.388957532425953452e-06 1.220386654169991118e-06 1.012488996490839863e-06 8.546608310323136202e-07 4.755315370228316547e-07 5.669285797374296784e-07 4.252360518217131041e-07 7.275215779302198632e-08
2.896020914814887777e-06 2.728102612505895010e-06 4.150050299266611943e-05 1.763131005705587583e-06 3.462238163101899458e-06 1.794084470903825127e-06 7.093567172323417160e-07 3.095554908557570943e-07 1.148681622412766058e-07 3.751587533422664878e-07
3.284651705601211822e-06 2.230961024159009653e-06 1.560925905883454951e-06 1.122900678190388867e-06 9.478524149488518422e-07 6.703143766106971133e-07 4.375312849735997072e-07 3.734194020237048185e-07 2.003366157265928119e-07 2.078394460740914168e-07
2.420537315256271826e-06 1.361304122335296972e-05 1.607764766396794883e-06 8.207524375724717570e-07 7.086779042589498145e-07 1.397990472798388009e-06 6.217796069296893339e-07 2.090858123471024848e-07 2.263817656411039809e-07 3.079636400834208687e-07
3.925019328345256057e-06 9.835918047173167478e-07 2.843087584572123534e-06 6.792181076495714937e-07 3.505200617779675228e-07 5.185744378598267635e-07 1.700250821083067947e-06 5.597475365835083729e-07 2.069325004498264587e-07 1.183241584499060750e-07
2.119210954272120877e-06 1.397415071662153067e-06 1.400593981328872677e-06 8.311019332744090236e-07 1.218691702955568833e-06 7.843998269386611204e-07 3.998742705081887172e-07 2.922973616434824591e-07 8.385040314577673183e-08 9.660701991935479300e-08
1.559765185564242634e-06 1.984427648925705718e-06 1.496557442167362686e-06 1.086211560709451587e-06 6.798909166446128478e-07 4.674258918961454738e-07 5.110802646024774352e-07 2.944321256243136301e-07 4.358231394913480357e-07 6.377449607217781996e-08
