2.106854855884402273e-06 1.985873488912856176e-06 1.625873993090692630e-06 1.743405573270417916e-06 9.213994834668106662e-07 7.142986801246985625e-07 4.788537543355085215e-07 3.114007967508638156e-07 2.792698234227752984e-07 2.894330032121596305e-07
1.162052869947965356e-05 3.457999218878955174e-06 3.353650000619219694e-06 1.768327426626935287e-06 1.291725002352115740e-06 8.886552454801141838e-07 7.515784707894797776e-07 5.548254305890933011e-07 2.082911260266588029e-07 2.912183451705116647e-07
7.605119184146915708e-06 2.492243992340575811e-06 2.129632907037324033e-06 1.733458958553701617e-06 1.507614275367134977e-06 1.099737543767957717e-06 6.146475185946762205e-07 3.132311469044798676e-07 3.928547882177899898e-07 2.925556183881307259e-07
3.904873923332841638e-06 2.441974280979453376e-06 1.884022346252149260e-06 1.477296346109791253e-06 1.166907448324009073e-06 8.584497243770890812e-07 8.122758010914477216e-07 2.264827018809481774e-07 2.961032424339361094e-07 3.153485508803520561e-07
3.870227489290262836e-06 2.232062321114841778e-06 2.034551066854575477e-06 1.417188799298794139e-06 1.055108816400729245e-06 7.679999337388576979e-07 6.450844302113757280e-07 4.905205009958908763e-07 1.420076309106859823e-07 4.967571023353614984e-07
7.369852110250310596e-06 3.664542715495448489e-06 2.889446530750701837e-06 1.957394781633513000e-06 1.077728497477628330e-06 7.717449407384896194e-07 9.734162373415164834e-07 2.897994153974258039e-07 5.520819498386947883e-07 7.844780630262256311e-07
2.156045942879798918e-06 2.865620905213440505e-06 3.888123545115721912e-06 2.308239535543038046e-06 3.681376978289728622e-06 8.544830182934832064e-07 9.149517168734083901e-07 3.934122185691119868e-07 2.312982734867961299e-07 5.945242723997426984e-08
4.019291560338988179e-06 3.073630147734446471e-06 2.103444794701881696e-06 1.881820904818453787e-06 1.114548243858471350e-06 1.176097664894187747e-06 6.962200552994445807e-07 7.228677345776769458e-07 8.856659248038984297e-08 1.501160852575362744e-07
2.985469737975974930e-06 2.461119443413623495e-06 2.201336907462678771e-06 1.671220032013170743e-06 1.158763755633829616e-06 8.852452249672226365e-07 5.645386009636482101e-07 5.998457041934205509e-07 4.862614031170912622e-07 1.163145787632707698e-07
2.679599661545460075e-06 1.972583322216497206e-06 1.684548471278637515e-06 1.360702584106736956e-06 1.176494949231251934e-06 8.691672013341489966e-07 8.504541823233881514e-07 6.336361751958235318e-07 4.271587075399526827e-07 4.143921475004767752e-07
9.173919451586202593e-06 3.574153603753465830e-06 4.775495919172453764e-06 3.431745342118213664e-06 1.853925079276424088e-06 1.082466455425834150e-06 8.092753247568700847e-07 3.682229386774884118e-07 1.977646283485984459e-07 6.531025172934705159e-07
3.098646612661300183e-06 2.587348189557190541e-06 3.732778274927705037e-06 8.542536465413972090e-07 6.723332660889865034e-07 1.204587092137128548e-06 2.243906896332571655e-06 5.914339670076070308e-07 1.733581718472305123e-07 4.761280899778814510e-07
3.304006317671029650e-06 2.182094662918144484e-06 1.839432125664690133e-06 1.398781679194608134e-06 1.047765244181486838e-06 8.729144391090867344e-07 4.598793111781041898e-07 3.620815194185633176e-07 2.545926116958477840e-07 2.652973059519891086e-07
3.745091303010148562e-06 4.587211331825253629e-06 2.132704830651704480e-06 1.479983573444796733e-06 1.152296671611834406e-06 3.266926564134523888e-06 4.409875144033398992e-07 2.991661134404209549e-07 2.262271342471496700e-07 3.496025390547506802e-07
6.159096303361040029e-06 2.360175709397672811e-06 1.501663879499474263e-06 1.202476785498683120e-06 9.758298118174734823e-07 9.502206539459928465e-07 4.403073430300596112e-07 3.644477878730168248e-07 1.523435329526686236e-07 2.117546249385229266e-07
3.633495206467896975e-06 2.756425432386780992e-06 1.992850587450546585e-06 1.086300970011703882e-06 7.770333427766815309e-07 5.892953291537329986e-07 7.495739623146637206e-07 7.781368697264454486e-07 2.766693637865092343e-07 9.858914753876396250e-08
