1.571291684989332792e-06 1.538311048608904039e-06 2.388142000560277511e-06 1.943230352689714653e-06 1.192525592978544232e-06 1.385205443823172281e-06 1.093314838555529114e-06 7.591543178671441115e-07 1.017759301154892979e-06 3.848974532941362517e-07 3.118566499627295036e-07 2.528665262903517355e-07 1.727940121308394282e-07 1.563126059057947211e-07 1.000127486476999916e-07 7.284073417512350414e-08 5.670882423567203354e-08 8.860452157817211779e-07 7.457491996284773474e-07 2.156887255069052278e-07 1.503683467184225860e-07 3.295196536678758577e-07 2.074810546099749886e-07 8.204577592331739294e-08 2.032886974538899906e-07
1.846488694068959374e-06 2.877506164819151903e-06 2.085276514726209947e-06 3.159706788224025031e-06 2.095323373259111671e-06 2.016839945267765602e-06 1.234594946838104678e-06 9.708215992958099356e-07 8.900798596135802427e-07 1.650123184345404066e-06 8.721361842277413788e-07 4.447344431314228357e-07 3.823411633297688833e-07 1.170795237726778312e-07 1.202281994241381596e-07 3.254267615336944161e-08 1.432273285706122927e-08 7.225097471530097898e-07 1.305039592055419566e-08 1.865460901334563313e-07 3.174374782934480256e-07 6.197687424975651126e-08 2.494754629654174853e-07 6.689891496587007768e-07 3.301580938528381974e-07
4.250030937837407117e-06 3.957985090655753390e-06 1.680322747103968490e-06 1.515256535271060398e-06 1.416472200610161101e-06 1.049549791382147127e-06 9.441067599257224643e-07 8.534671796094033754e-07 6.753548384548639944e-07 7.992158431842518882e-07 4.476859567591578867e-07 3.833422664129053258e-07 4.047517196108205086e-07 3.334717596697456253e-07 5.151534396998761514e-07 9.958843737450021400e-08 3.799187529356248668e-07 1.032922381421104199e-06 7.849662829788513445e-09 4.288674627361869929e-07 1.739525313594998563e-07 6.580854343497320348e-08 3.351389497610714061e-07 1.756495672347601102e-07 5.127906534227480701e-07
2.544392521115559456e-06 2.508768877905770964e-06 1.970853922522061963e-06 1.255935799980547432e-06 1.049908438485429296e-06 1.035235199143072281e-06 8.362032273224963495e-07 7.736138674861996666e-07 6.562192191613566083e-07 5.243283937052405629e-07 4.730848072442095170e-07 3.485927727189672535e-07 2.897273374427587485e-07 1.340952470496482605e-07 1.224510573807951865e-07 2.724884993910470354e-08 1.177834889012968557e-08 1.150110813263595546e-06 1.972641595701450301e-07 6.263475793138846547e-08 8.722381597524721736e-08 3.215819286143920702e-07 5.761146808316198839e-07 4.094854598821512916e-07 2.305335329913620555e-07
2.450555136164423262e-06 4.010011164477881576e-06 2.848820040262614097e-06 1.126251084213124850e-06 9.738029478863842925e-07 9.378999068910906553e-07 8.795562341390326959e-07 7.208805716678391970e-07 5.945775990729072426e-07 5.636134397047427777e-07 4.649216745419855665e-07 4.601184246507301706e-07 2.204584589592154151e-07 8.773862279382622292e-08 2.441378677540255064e-07 6.808511158930843883e-08 9.788722092944815350e-07 5.965853650771387532e-07 1.843181910724622404e-07 1.924777602677582991e-07 2.490374978865184847e-07 9.275173810265155050e-08 3.514978769259643631e-08 2.750266808785993991e-07 2.357860597618117913e-07
1.738733083264265193e-06 3.445874399438992508e-06 5.159843583669131828e-05 2.240930746138909535e-06 2.010369242612653714e-06 3.007581511474240371e-06 1.027333255266993391e-06 6.929498207975331392e-07 5.367143701851657596e-07 4.644373968159443752e-07 3.516240939037092377e-07 7.598985042229139731e-07 1.255919041785501775e-07 6.618727679845581053e-08 9.041736759615760674e-08 3.366053541836049024e-07 7.052604145675858954e-07 9.602132779093545569e-08 7.558129691186463266e-08 5.791916679666363409e-09 2.756355935791482427e-07 7.713990715435943562e-07 5.047332180100896652e-07 9.384301612709112009e-08 2.051339443543198882e-07
3.934339016797239945e-06 2.736088425913647630e-06 1.952900654076730187e-06 1.552957670841361819e-06 1.296540117389377170e-06 1.071631854462364128e-06 8.153645105873642689e-07 6.820734329982800779e-07 6.134846341281740709e-07 7.945594934495587163e-07 4.043389732077013855e-07 2.352934681002555789e-07 1.303906297943679296e-07 1.010364264244536121e-07 2.484865827952638943e-07 3.125510798896344423e-08 1.925292454694870478e-08 9.522671692034760122e-09 2.187774404788358601e-07 1.598621217633256785e-07 7.149186646837406085e-08 2.138692728971796551e-07 2.207117610729363970e-07 3.061381585243795710e-07 1.534232829958285788e-07
1.544092849809470599e-06 1.425271737089589621e-06 1.270875815496490924e-06 1.222757747217929618e-06 1.097768685868398410e-06 9.495205271560343754e-07 8.670137463048637963e-07 7.073791110534653845e-07 5.701252546263199572e-07 4.280266416105170954e-07 3.650975839577878263e-07 5.977050165908034651e-07 2.802837730533225711e-07 5.138535503745200899e-07 4.814113013311704688e-08 1.979750997114156662e-08 7.798339719186317498e-09 1.368395535816656738e-08 4.619185559225691574e-08 1.431170199191557246e-07 1.777588573336288686e-07 3.446465689408184439e-07 6.223304763561937070e-08 1.195123600687183543e-07 3.199647292199802431e-07
1.314711186088248352e-06 1.114379321224385091e-06 1.010092888357844429e-06 9.969673943595017828e-07 1.057871327989628117e-06 1.191980545537281074e-06 8.176606084347760423e-07 6.258828521069235756e-07 5.177573936943226129e-07 4.467831102828705039e-07 3.794922215223672058e-07 3.001255693977418386e-07 2.407674890752789960e-07 3.412947255353455699e-07 8.868435619814936498e-08 7.246539132585038945e-07 5.382176541416962883e-08 6.682607646617361538e-09 1.680058118694500696e-08 1.422306617050228834e-07 3.015617494900484881e-09 2.830893808568330159e-07 1.303001152665961660e-06 2.214225464927177198e-07 4.503042616639171301e-07
8.901491537968517304e-06 4.646793324895103816e-06 2.842443171409535449e-06 1.906092610598498375e-06 2.776440371210454462e-06 1.046143772251059204e-05 2.506631890117557288e-06 1.909893406660022186e-06 1.396934108535142262e-06 1.347493595697158483e-06 6.232789673499217694e-07 3.263625350189242012e-07 1.682442153775798056e-07 1.520482959415518425e-07 8.973642631547065863e-08 3.183552027562093489e-08 9.098184710133973506e-07 3.088952375884134600e-07 2.166245392121358012e-09 1.145312516537636718e-07 5.498841293847331971e-10 1.915955491966531370e-09 7.547697630529616503e-08 5.180716304116959863e-07 7.339935466601300143e-08
1.699309652953517108e-06 1.504259902269439235e-06 1.287939595730956125e-06 1.168430809420251755e-06 1.104972352201361420e-06 9.481701921849449402e-07 7.549848375945966130e-07 6.198216157581993439e-07 5.764092395276123264e-07 3.556926777474135615e-07 3.187691366565720081e-07 3.112218685206573389e-07 1.739541796914147684e-07 2.314346881246622202e-07 3.870134750356699092e-07 1.393475785599435494e-06 3.077749907091220387e-08 1.169870817969649025e-08 9.653306883579226756e-08 1.014757246306747454e-07 3.076471458479456452e-09 2.013041790144956997e-07 2.132884678630786601e-07 5.731268592234719999e-08 1.383171370354676793e-07
1.505739379394939547e-06 1.419601917937456042e-06 1.276629481093836521e-06 1.094864594296430602e-06 1.050962175428432955e-06 9.846483128951719312e-07 7.194630644280115805e-07 6.266451841231070967e-07 5.210725270864075794e-07 4.479165426910531067e-07 3.402791853074212729e-07 3.232371005103243706e-07 2.410841417341614382e-07 1.663899358646869126e-07 9.073316691761972576e-08 1.211700297131294709e-07 2.590253541345888158e-08 4.244068603738126513e-07 5.991055277787828964e-09 4.788818293919972408e-07 7.155563724269139605e-09 1.618846588909749190e-08 7.211306249148171689e-07 3.639181607494671807e-07 1.291192057179333293e-07
1.949909183923658641e-06 1.737230049561996955e-06 1.838925420272051073e-06 3.195098284381341683e-06 8.781918111416784985e-07 1.032026716559548651e-06 6.076646449938650378e-07 4.460302048731914189e-07 4.190861556638278779e-07 5.833323171860566205e-07 3.022039042149779559e-06 2.262177696924090716e-07 1.603815686372897830e-07 1.034010889765905430e-07 2.182286126102428324e-07 1.501800779220262006e-07 3.788117174871991337e-07 1.561955880816021472e-08 5.052238513385179353e-08 1.644706953431143175e-09 1.401547548131923475e-07 1.454670721414199472e-08 4.373056401751665751e-07 3.972445821853854693e-07 3.180901915867319962e-08
6.172918649394127188e-07 4.935489297100505161e-07 4.346122294559035571e-07 3.507171348269432178e-07 2.755290355527974974e-07 2.306165461466730198e-07 2.910499222359743104e-07 1.451047518345265833e-06 3.033556330758533081e-07 2.735924272668593482e-06 1.368698411255014277e-06 2.089294594441105991e-07 1.974564923610373674e-07 8.615611765095554843e-08 5.906044114234815412e-08 6.004221827454868257e-07 3.790765809763389443e-07 8.435455248714846665e-08 2.316997324501723862e-07 3.056949614311459404e-07 1.285572100920418278e-07 3.974731139675248014e-07 1.311923054686877413e-09 2.401359604953507315e-07 2.901569349187484154e-07
1.819406509174973819e-06 1.295621365730765637e-06 1.151974091294579929e-06 1.140689808482879743e-06 9.510508690723528780e-07 7.487750646675636067e-07 6.625170861289158174e-07 5.869685623001191713e-07 7.238519096010562764e-07 2.784097120921747908e-07 2.613094397817370618e-07 1.985742020319088496e-07 2.321664107892571683e-07 1.394246978136514636e-07 1.137790267575790460e-07 3.087184445870665131e-07 4.174590562922199586e-07 9.193290469494404161e-08 2.318534636850937642e-07 2.709303516340672856e-08 2.394696360091216608e-07 1.050781962989898778e-06 4.533598633861642898e-07 4.607632437464061902e-07 1.396478971974307583e-07
7.990218007894322750e-06 7.813432686306718891e-06 1.925899936791188316e-06 1.154929379248921493e-06 9.583272550245451894e-07 8.356514318910177781e-07 6.149397710734238757e-07 4.393050553619149864e-07 4.059890477234352050e-07 2.970238025634673035e-07 2.244895841321899935e-07 1.928194966006179341e-07 5.888970444021383777e-07 9.185652571913275632e-08 2.061795778974294073e-07 3.636223225081991503e-08 1.533688106712741607e-08 7.031864106348106019e-09 4.974518337785303682e-09 1.196481436976568106e-07 9.287238152290794675e-08 3.341816530740239479e-10 2.064578840570844032e-10 2.641044126540710657e-07 3.757819078064938872e-08
