1.548479037454530116e-06 1.204026891641616301e-06 9.960853814146633856e-07 8.064106568346271208e-07 7.228435480232758158e-07 7.254221410884283646e-07 6.004762487808083473e-07 3.874103686991848925e-07 4.346846428231840756e-07 5.252607893846814256e-07 3.727178847341664080e-07 2.278379466435756807e-07 1.378037144557816022e-07 1.024673552290500217e-07 7.745948341983214243e-08 5.196522176405465176e-08 5.100115634313025899e-08 4.587584651295468636e-08 7.859228446274011215e-08 3.227573476974627818e-08 2.427994243751905758e-08 5.835465106733917755e-07 5.002796295078807513e-08 1.764661084479685361e-08 4.226763847792429375e-08
3.163162694200833247e-06 3.641968522038539555e-06 1.412793619306943232e-06 9.522872338409056506e-07 9.960204462944232769e-07 8.364086290267618071e-07 6.338175710228784364e-07 6.204972298928817134e-07 5.023109071469467803e-07 3.153910770021832900e-07 3.045390506566720275e-07 3.633500919346741695e-07 2.082983033795538663e-07 1.725564209634283652e-07 3.586932789826428928e-07 1.402891999579946978e-06 1.119085856838890843e-07 2.504158073216686218e-07 2.590275926942270347e-10 2.412905762716692315e-07 5.140983658656823655e-07 7.146255425158136461e-08 3.233033561306267618e-07 1.163725981627899421e-07 1.163244286710479764e-07
6.896294506118336135e-06 4.229088687907417107e-06 2.738655737071384954e-06 1.818343784846725505e-06 2.050905965072655165e-06 1.117486591066339466e-06 4.955473140104994609e-07 3.640677270833441943e-07 3.827656015524629557e-07 2.457122143578577409e-07 2.555823147452467166e-06 6.537843068881590683e-07 6.608470091671527880e-07 2.587197204789045801e-08 6.801548241899619498e-07 6.812358389991569354e-08 1.008674691237490848e-07 1.103396039197926770e-07 4.087465126992143198e-07 7.836038954409828718e-07 3.928846841486103481e-07 2.334488959445160942e-07 6.987394501139457163e-08 2.865245207622154476e-07 6.776860242485539886e-07
9.077601204999688451e-06 2.178905474818509285e-06 2.180614295221039394e-06 2.623329709945309974e-06 7.307175712314302043e-07 4.738448414344787719e-07 3.713963335045833396e-07 3.419025971593301349e-07 2.219187187566576813e-07 1.827419088203641347e-07 2.067428637040082244e-07 1.329755225298783997e-07 1.492645969801289784e-07 2.242906039954431473e-07 3.408745683572570646e-07 1.039240181665595633e-07 9.481068158772292729e-07 6.363915462983331230e-08 2.426127993907714658e-07 7.879041810459330950e-08 4.124728470220258853e-09 1.709450514364619953e-07 3.373894595735423158e-08 7.555355829337456049e-08 1.671556800478519041e-07
5.988405974561842870e-06 5.469075973341930106e-06 1.125079649605484361e-06 6.035176429403480953e-07 4.497288303646999173e-07 2.048316214524493910e-06 4.040407097331089626e-07 4.071662820034848243e-07 3.595184359880387536e-07 2.548671286580921107e-06 2.711256388172831640e-07 1.251240076284209713e-07 8.750521671557715723e-08 7.900254323599620967e-08 7.885391199752723053e-08 3.939007214406506481e-08 1.492924389823573513e-06 2.795831949857953787e-08 3.572526317855313815e-07 2.922155574462391005e-08 1.928564059591161287e-08 3.570479186479732322e-08 7.758103800978290351e-08 1.382633891921902738e-07 7.187433272756207235e-08
1.705788940982875164e-06 1.448239036607375034e-06 7.983740267323802229e-07 6.049449571000165365e-07 4.642771182597694408e-07 3.630230423708587128e-07 3.103503480033538416e-07 3.589956701547287142e-07 1.040185501838112245e-06 3.250761807565073695e-07 2.489959928784480617e-07 1.645945125849469533e-07 5.423834659226249596e-07 3.803513450059341822e-06 2.981546397737652849e-06 5.536832891557583459e-08 1.626838387636510611e-08 7.419582678477446350e-07 1.063910406827961728e-08 3.057938006715656328e-07 9.315867309810070790e-08 2.578904862156071061e-07 4.298444665244887737e-07 1.728336863206062886e-08 3.828223133488931445e-07
1.817621167056247849e-06 1.519687521088134180e-06 1.394142711845304103e-06 1.642198554838948412e-06 1.810318621013661531e-06 9.236267512276897481e-07 4.684980242566710191e-07 3.751938824718249463e-07 3.558821249439870481e-07 2.920328622490013830e-07 5.021586362585763087e-07 1.937028538590207070e-07 1.657660942568146460e-07 9.692961476663226007e-08 7.057652579401000302e-08 5.649680358373187515e-08 1.012908832063765759e-07 3.579128808478628737e-06 5.463672500578440570e-07 5.466764113404383569e-08 8.152819852015395713e-09 5.031882376061233984e-09 1.053945028954532202e-07 9.145896154894459901e-08 8.101105901350774249e-09
8.667627748246683201e-06 7.162531603868206236e-06 1.274608938236815022e-06 1.058090909148919863e-06 1.025612114819464648e-06 7.463661116900717667e-07 6.880595061116520613e-07 5.283866225951825868e-07 3.957677242565557501e-07 3.161125309132481685e-07 2.360130269907076540e-07 1.863063983020592698e-07 1.433036649175657474e-07 9.134059133907682695e-08 6.573602885447419403e-08 5.061282372905445733e-08 3.616580101276498552e-08 3.681248258609218620e-08 4.882856117063902739e-07 5.085962562513046160e-08 4.925294756694532263e-09 6.470965356634959836e-09 1.781357950477450489e-07 7.207054798577170083e-07 1.874328576050114862e-07
3.978636333968752312e-06 2.670644277781593611e-06 2.268999113829933325e-06 1.247455348567411212e-06 1.003162808721577798e-06 1.138476161036201141e-06 8.548254106458853977e-07 2.282912085450500288e-06 6.642493365483013234e-07 2.328576697573999705e-07 1.251022472254569302e-07 1.451935786515920334e-07 2.132457864312913829e-06 4.382631850943761010e-08 9.745390034350153097e-09 5.082839992403907994e-09 3.022721872203535468e-09 2.368201898833199642e-09 6.916235316408734584e-08 1.510966372617419287e-08 1.892872129448160661e-07 3.448305246494751050e-08 1.592901694351392247e-08 1.262258424518388904e-07 7.167174877275956516e-09
5.018107036535361220e-06 2.274876746216261647e-06 1.481418507910359483e-06 8.603926585695992670e-07 7.757242748124713624e-07 7.802280892066744465e-07 6.917131861211389011e-07 1.603763296107816336e-06 6.907322369139020194e-07 3.626339964851498750e-07 3.782570405351376380e-07 2.119120284715225367e-06 3.222614704483022596e-07 1.852327701896118866e-07 1.625935473032109328e-07 3.655900983725275037e-08 1.373893727648465445e-08 1.546131193042066861e-07 1.262453144748690412e-07 6.471413255125128477e-07 6.650463417459221258e-08 2.214819650299883839e-07 1.868788390416742728e-07 9.907547180982578761e-08 3.268223449022740972e-07
1.209471571029167075e-05 2.029349171657329709e-06 1.772931304961164125e-06 1.493026101670200910e-06 2.114563166237992595e-06 9.820420372875702286e-07 6.258646651635741873e-07 6.192262388774928132e-07 4.319835458113239732e-07 4.993332605410736142e-07 5.090937150448224335e-07 1.509611613294402822e-07 9.831627634997144867e-08 2.510860169086112443e-07 5.394449131087772543e-08 2.212309461254193680e-08 2.125824340820242453e-08 6.423268345573067687e-09 2.983149457402845253e-09 3.629144223136352820e-08 2.559779648161639624e-07 9.691812715132417260e-07 7.780361960916507276e-08 1.009848426693497837e-07 3.090006933031522167e-09
3.630020548708350333e-06 2.552988738035545705e-06 1.076051735788466440e-06 5.926799151329348794e-07 4.640424747159211865e-07 4.439753452747271799e-07 6.147089397403215587e-07 6.520731644965595437e-07 8.564618785250381011e-07 8.765637337490303330e-07 2.060649590914272025e-06 9.672936128638959981e-08 6.041135978823582706e-08 3.088884317240407272e-08 1.776003515042373022e-08 1.121042636383070655e-08 7.090634854265609784e-09 1.656677523140217474e-08 5.009798300264691928e-07 3.506466959580748458e-07 4.715319900027877245e-08 9.222316554164476545e-07 1.453476972862267613e-08 4.976747346922469430e-07 3.814073512066249505e-07
1.598737035066520487e-06 1.488652076646172894e-06 1.061093935232865042e-06 7.047631943412540216e-07 6.119981136544471539e-07 1.295021053629124953e-06 3.808386542645574552e-06 1.177802368984062853e-06 1.599699266171208012e-06 3.236578966674019899e-06 4.780121111243528125e-07 1.916659686113182168e-07 8.045662157189854598e-08 5.407073691423041697e-08 4.011319929583154136e-08 4.778337731578404997e-08 2.071116566783808704e-08 1.460189413646328109e-07 3.840835174270002622e-09 3.563879196154852799e-08 1.770708100613336375e-10 9.798593664200331272e-09 6.289769198243343301e-11 6.154780249960629763e-07 1.000512596521603522e-07
3.130821669823983373e-06 2.753981668507397945e-06 4.644097743263430741e-06 1.721434345219758372e-06 1.432455775141157647e-06 9.151093191118745876e-07 5.934365820854232077e-07 4.677045714431431770e-07 4.133200836947478397e-07 1.308701482454931379e-06 2.971523938480860035e-07 2.294751760353126034e-07 1.473740173454445623e-07 1.115138409324488652e-07 9.272798113530163382e-08 1.158325118075020804e-07 2.882609442657913601e-08 1.617913320114792313e-08 8.323768202007464297e-09 5.573245614944628499e-09 4.056161085949013270e-08 9.843262881168092547e-10 2.237719230627905116e-07 1.500650283043459621e-07 1.440882465863856150e-07
1.666993897857238505e-06 1.363371971732778170e-06 1.340728046106585353e-06 1.365648897315784814e-06 6.851521763110661493e-07 5.912274848072704806e-07 5.118018421914302156e-07 4.994704587293222928e-07 1.221185912789352742e-06 2.887591433669863137e-06 1.579166082293834618e-07 2.249276810282240593e-07 1.371017452708111311e-07 1.721782271562166432e-07 2.350948937157026700e-07 1.478177517355665917e-07 1.015354413713303137e-06 1.464726234011850585e-07 1.054528968253742565e-08 2.721663476186801023e-08 1.518778021171113063e-07 2.062708108517538393e-07 2.765334891044789786e-07 1.178736652958515649e-07 1.195274886045989149e-07
1.019191369315374559e-06 7.042798267738439618e-07 2.112491371851619455e-06 1.146730487503799228e-06 8.159328459804415082e-07 6.275439474311611484e-06 1.278883505737457731e-06 4.220344307434462744e-07 4.325776605812050586e-07 4.855168973019102193e-07 2.421684696967728583e-07 2.956189993524783793e-07 2.021497440045789457e-07 9.493674140905188905e-08 7.121682532679331371e-08 3.620568506086104004e-08 2.191608480175962135e-08 1.269580257699833811e-06 6.356420970041450910e-07 8.427254229308430386e-07 1.799873942739256199e-07 3.798469014201128154e-07 2.402199729421043693e-07 4.424790256782466366e-07 1.232373207093085959e-07
1.074108328683548333e-06 8.979742248604847931e-07 1.156693651767985952e-06 1.129525322110614140e-06 1.183556499899667413e-06 1.514990094308712975e-06 5.595982550032294499e-07 3.247123488602088570e-07 4.981430365102134597e-07 4.822228251012868400e-07 4.054666546527050893e-07 1.871208849961626809e-07 9.960464247877254477e-08 6.803336144382701053e-08 6.364647082889635444e-08 5.974075619949711631e-07 6.638500597790557020e-07 1.087808832833620071e-07 1.759498511621911652e-07 3.636071558954193482e-08 1.457837790193668485e-07 3.214003411571995995e-07 1.246271577456616356e-06 2.116774133106980240e-07 1.413245327103194998e-07
6.631136899863455691e-07 4.212435064850879252e-07 5.991447928542547195e-07 5.232192940429141063e-07 4.809650440258275896e-07 4.686632913267863063e-07 4.404174412596742593e-07 3.424259558064897358e-07 6.765177353489298905e-07 2.198291630664387348e-06 2.122466072388643881e-07 5.862749512167186551e-07 2.162274456683846666e-07 1.136892758544032835e-07 7.651094064014603339e-08 4.980887159688647725e-08 2.116470939294815552e-07 3.455970238797562900e-07 3.328740959712321514e-08 3.645169231702787087e-08 2.681975627544265471e-07 4.024008550597681615e-07 7.290979992398377807e-07 4.815020579890349645e-07 2.595784275309702367e-07
1.398378963016488611e-06 1.126043070617953161e-06 1.221742986207753848e-06 7.423052090350635832e-07 4.727133085243478957e-07 3.527031723990332448e-07 4.410625296583158287e-07 6.112910152852435256e-07 3.269658205020276927e-07 2.666880531019405137e-07 2.795384237608363043e-06 4.578508034192606507e-07 1.742010594367164963e-06 8.695726756235753982e-08 1.550451096149047274e-07 6.214619202530110020e-07 1.111562999495822788e-08 5.070926273686735422e-09 1.571041296416441532e-07 1.038030675952524599e-06 7.824348001479557651e-09 6.939148450137426832e-07 3.265108387615492168e-08 2.118488534094468091e-07 1.703768091523438647e-08
9.061857570328033668e-07 8.084094594399261160e-07 6.684609774464649672e-07 4.932426528790188435e-07 5.618798555310397388e-07 5.916928877265373391e-07 5.036236439392834502e-07 4.347303206306167424e-07 3.556226436806176112e-07 2.260498572542438212e-07 3.429325256183525424e-07 1.390013530616758025e-07 2.127612059732744045e-07 5.287917092431952470e-07 7.266647967006465727e-08 3.108384933638150327e-08 2.017201333489291231e-07 1.432519148469882533e-08 1.177311184567663864e-08 3.452640307060386918e-08 1.632917415533066878e-07 7.213389105803215315e-07 2.277927663534074559e-07 2.255482822228833723e-07 9.228906921735288834e-08
1.204493288278221177e-06 1.640805588445262532e-06 1.224546823885442298e-06 9.621803079484697013e-07 7.905800800351393222e-07 2.828553190495776151e-06 4.359896595190488393e-06 4.618319641581316058e-06 1.350945676692492787e-06 4.141671027951075296e-07 1.865573452177985628e-07 2.219831327414544319e-07 9.294389262249767534e-08 6.057814591500041755e-08 5.356200040418468711e-08 8.111664067717813386e-07 2.630389264006280287e-07 1.618086751298484324e-08 5.726224052414835253e-09 1.322800324771988022e-07 2.079460962399051207e-07 1.643639633682398778e-08 5.589049751077515935e-07 2.388213759615351013e-07 1.662882144478514978e-06
5.353163167243342143e-06 1.089299178745235254e-05 7.241805291676373263e-07 4.120844224186941776e-07 2.445479873547719212e-07 2.540276910893010367e-07 2.047041586186287348e-07 3.295939898262289429e-06 6.482308440853904166e-07 9.956306758851276609e-07 2.479982872949500315e-06 5.912789106719831926e-06 7.717087197619604040e-08 4.631052082552001382e-08 2.688665903500608001e-08 1.772819158291280421e-08 3.967161773437747245e-08 7.206057545458059903e-09 3.290850712057447309e-07 6.710360891404896849e-07 4.209324941976559246e-07 3.222341957583959187e-09 1.027115666275033163e-07 2.197296808981636942e-07 1.451704938400799422e-08
2.761479101450273447e-06 1.810290090356041090e-06 1.375665484396964068e-06 1.832283765337407414e-06 2.095144642240297751e-06 2.368444415956119276e-06 4.339947541761430237e-06 1.140137770832096899e-06 8.406034206026591391e-07 3.845928445004410658e-07 2.767929485972990262e-07 1.988576224931905699e-07 1.190173760387899271e-07 7.775198112251875399e-08 4.997794066198643043e-08 2.175177469730636026e-08 1.105498241985217894e-08 6.209842643204488911e-09 2.471485163333931769e-07 3.649415047506208386e-07 4.121530988851374354e-08 5.876521678706924308e-09 3.305598164084225029e-08 3.590298452169965265e-07 6.823672950988066808e-08
6.254820239923538301e-07 6.921920040658846809e-07 7.000827076419370800e-07 6.023352111066067969e-07 6.651342795491362623e-07 6.088215737204213310e-07 3.399077795911283271e-07 4.296495575201474418e-07 1.975773175090832418e-06 2.975311991212021559e-07 1.779103155411863841e-07 8.099667451285932772e-08 1.597954148760864442e-07 4.947398776918077529e-08 3.719552437086800075e-08 2.014162885038424618e-08 1.832977435161422582e-08 2.704123026636157149e-08 1.942523013202720823e-08 3.513772863560087043e-07 2.783102700135226514e-07 9.239232399072659905e-09 1.708934502091556866e-07 1.329977756417813812e-08 1.227624559630277373e-07
2.994811781826352495e-07 3.645398234677161355e-07 3.324691347574896472e-07 3.034779067641659563e-07 6.513950368672413688e-07 3.783083593434112249e-07 2.318704007881475538e-07 2.108238928986920451e-07 1.987674542072449291e-07 2.055916170196619567e-07 2.434415483209768010e-07 2.774468216107148267e-07 1.448015568423579930e-07 7.767741319108008863e-08 5.724511218325171029e-08 4.137553995692690390e-08 3.137973730360334207e-08 2.653917828318416182e-08 2.434307690366069246e-08 3.076328380366023125e-08 2.504323421778019286e-07 1.218311411395938449e-07 1.063632685862982367e-07 2.736511740450818883e-07 1.565253960697468246e-07
1.494047669399296231e-06 2.127559459159557896e-06 1.319026099521427034e-06 9.200304213251426020e-07 7.900986903923653284e-07 6.107169105135556190e-07 5.200806800535479546e-07 9.194511978339844499e-07 3.800327419903722425e-07 8.398712571940623648e-07 3.106512704585659495e-07 1.515984678648800690e-07 1.077971385268055705e-07 7.599036256784661009e-08 1.498114801899464086e-07 5.118868755068257436e-08 9.644041843065443308e-09 5.883092209022291459e-09 3.850721320382863237e-09 3.962365382555632750e-09 5.137082777097073028e-08 7.823566348987227538e-09 2.353992511703158128e-08 4.221418922371166838e-07 3.830604357882462468e-07
7.035551910574570048e-07 7.157776602121094937e-07 5.613561077974208033e-07 3.677103661521442228e-07 3.505408736779569699e-07 3.769905460477385766e-07 5.895945738514506932e-07 5.334166998657099820e-06 1.591568687069462954e-07 2.227899616190831621e-07 1.300380210352816085e-07 1.247892273640482189e-07 1.295538526426004758e-07 3.094223161557684171e-07 1.011616978068310055e-07 4.569384212880690533e-08 2.089364047712875838e-08 1.088013045741457226e-08 5.340355213098382741e-09 2.791219684336886058e-09 2.019745988341285223e-09 4.565016287272189930e-07 8.941717354782159419e-08 1.618719366245919984e-07 2.692310795543958018e-07
1.085551331121467265e-06 1.125748178132917403e-06 8.034798444083903268e-07 1.151564711317428680e-06 2.445641057699345233e-06 2.172788527008831344e-06 6.992214081277084901e-07 5.096403827850129317e-06 3.915799451512469199e-07 2.760904924137653416e-07 2.155740246768778483e-07 1.853482097482650578e-07 1.362483103011736053e-07 2.748657661195115505e-07 1.101065440043567352e-07 4.246168096252188065e-07 6.836774036371513062e-08 3.196746868158915242e-07 1.028656270562942302e-06 2.958252633410829673e-08 2.372440578312322408e-08 1.610989408146842556e-07 5.507378395801053664e-08 4.621063428596385366e-08 1.334143511421482044e-07
1.224120018325072443e-06 6.602424673868070620e-07 7.595468094633866988e-07 7.941593884068815032e-07 6.179106518833930389e-07 5.431495730885908345e-07 5.937955871891790015e-07 2.496358795927344023e-06 3.659975890210930898e-07 3.105297507605911257e-07 2.265536939134956287e-07 1.686226860872546768e-07 1.244889597248247615e-07 1.037337000428802799e-07 7.174591440751680715e-08 1.023299032630151875e-07 3.100933200350071096e-08 1.885573453876340401e-08 1.255171245648282687e-08 2.068475497046147058e-08 3.608168158260430521e-09 2.016204661769297685e-08 3.166545681092811933e-07 3.128880205674585085e-07 4.367348508162887065e-07
8.995825152713521168e-07 1.057509927049866257e-06 7.061915694011152313e-07 5.437692109243941581e-07 9.999864104713501150e-07 6.250247954382532563e-07 3.943821157516838357e-07 4.723264692161474533e-07 3.958312588978083659e-07 7.568201544654755736e-07 1.361171881105963556e-06 2.969468284612684179e-07 6.142885096825109004e-07 9.627981483351660377e-08 4.488985175829353634e-08 2.448241528181585913e-08 1.033638329836270232e-08 1.645625278740143024e-08 1.172546439628295133e-07 5.017642363789086727e-09 5.644012311213949159e-09 3.876749573739778163e-08 4.862019054395595170e-08 2.867942468019167823e-07 5.756473074513680897e-08
1.296970363118356330e-06 1.039544160079648684e-06 8.939481826730474074e-07 7.675169262401551745e-07 7.907787022931772084e-07 4.665367536975781341e-07 3.354273044458973547e-07 2.813070061956868066e-07 2.315643106896208020e-07 8.089160545951365714e-07 2.368150145083949366e-06 1.443047885928715721e-07 1.926176109347465965e-06 1.574099250518424106e-07 9.316077718963052803e-08 3.213543268045007610e-08 5.531579863758270476e-07 2.135157084546899038e-09 6.857619782810319605e-11 9.415449883193319911e-08 2.025959427072421744e-08 4.637255454163790795e-07 5.218480647292606087e-08 1.309645727903162474e-07 1.309508416937843034e-07
6.635119703657844975e-06 3.721084801972256251e-06 1.842505263134010851e-06 1.486341521763603185e-06 8.370133034718820213e-07 5.177275669432861478e-07 6.503447095067126000e-07 2.670198482897431905e-06 1.588222719082344870e-07 1.018935256738277689e-07 2.597638388018535769e-07 9.664602195055181437e-07 2.599790497997344295e-08 3.980344739937573951e-08 1.802435113972885572e-07 1.665559263926657981e-06 2.534105917793333372e-06 4.049224108096479928e-08 1.443038035349121360e-06 1.012786555929960691e-08 4.246903944139508508e-07 3.304246277170400906e-07 8.155077379757236139e-08 2.183573892592664712e-07 2.733866510129198095e-07
4.022495717492252829e-06 2.453930745885127785e-06 2.450134241645398093e-06 2.004099190887630210e-06 8.483565713843895964e-07 1.842027460483273571e-06 2.191074810485498927e-06 6.178467839834995046e-07 4.946755835108649974e-07 3.094125508296442093e-07 1.493949270266193556e-07 1.333382021513019128e-07 2.212359690287600806e-07 1.627879318334652186e-06 3.599441900685836072e-07 8.309122934684367220e-07 2.583632196051577814e-08 2.149515053462959696e-09 2.114520633465436218e-07 4.051915393090249308e-09 1.706784787396817931e-07 3.343988347271298705e-09 4.353565387231462164e-07 1.071808673898472772e-07 3.415704387697420458e-07
9.272952869955378851e-07 7.761693681394939699e-07 9.673149276338644831e-07 1.574507813406132594e-06 1.040611199914230090e-06 4.471268587830801518e-07 2.784219786334852503e-07 2.917646877069942294e-07 2.973070859552228449e-07 4.300761240067636829e-06 1.175352866328749706e-06 2.675087414169992204e-07 1.406449152691818652e-07 8.677661980500840456e-08 1.578769861159924605e-07 7.583174468280964173e-08 5.595495350107230253e-07 1.637343915370882703e-08 1.077556812651029290e-08 6.978641955175636012e-09 4.288254170800832965e-09 9.045599758063798757e-07 3.211946294378736186e-07 5.679033431816403392e-07 4.109614702120263830e-07
7.428159424853292593e-07 6.152417565085865462e-07 2.608709768447668424e-07 7.695228321851344303e-07 1.249187894131303155e-05 9.920192998485084885e-07 1.092528231428726300e-06 5.490330882435988590e-07 4.585733947161287031e-07 1.093110960748047103e-06 1.415147908091110620e-06 4.266165044733520957e-06 1.311149250534368063e-07 3.278874382215212218e-07 5.713205214641902353e-08 3.003115061554208990e-06 4.441785044366832010e-07 5.820118424409278512e-08 2.093765271013227305e-08 9.043368536629887181e-09 1.777502317841707826e-06 3.693923881325700079e-07 2.253688588900309856e-07 1.312118066280815164e-08 1.410135323011071277e-07
1.208385452483395459e-06 1.057372673548642410e-06 8.162813588625105194e-07 1.046531501342429037e-06 8.030614802530856239e-07 4.658506103810534894e-07 4.325222783248683326e-07 7.640621703394994981e-07 4.341909131260645667e-06 2.466874967381549358e-06 2.675020147102716759e-07 1.399634467178711668e-07 1.065115943187101794e-07 3.316031223846389590e-07 5.484984777932255521e-08 2.423563803966747987e-07 1.520600655148370253e-08 8.577616401578342592e-09 8.300661697431674384e-09 3.295445463415352513e-09 3.969791132882657833e-08 2.370361179485329120e-07 5.953971755342465933e-09 1.802656456250505102e-07 1.324529229866672913e-07
4.337134902403957769e-06 3.252493182822987195e-06 4.020322705509685261e-05 1.065613967818459438e-05 2.806285661180389749e-06 2.122361323383587541e-06 1.806966295431474818e-06 4.721089545182401003e-06 7.449148903163111878e-07 6.968968205766426189e-07 1.601047086948634467e-06 2.285986789034404833e-06 4.490613671990586798e-07 1.935216538236303957e-07 1.882370988491755748e-07 1.547077910557393944e-07 1.399077988045789641e-08 1.902667083500995937e-08 4.554574873885360045e-08 9.387815136383832440e-08 5.457578559760456331e-07 1.213299550359087019e-07 1.136222855010318846e-07 7.529260260975977203e-08 7.986087579471017636e-09
5.100807422893482929e-06 3.921238297075187034e-06 2.625321482984983150e-06 1.372391436004285098e-05 3.118734175080573882e-06 2.101378989653083392e-06 4.839912436651926989e-07 4.280167308942517919e-07 8.415012015858160599e-07 3.121586158569272608e-07 1.501575767167298563e-07 1.077999470387222225e-07 7.114397677057035397e-08 4.134647012217339465e-08 2.389088990956347343e-08 1.300457474676711074e-08 5.748331522277017181e-09 5.967666933722929113e-09 2.374721414926649388e-09 2.453203990737943513e-07 1.425434606189680985e-10 1.628443056365171955e-07 1.297924066177585907e-07 8.109823272970988152e-08 2.417795002237936464e-07
1.340800012420639506e-06 1.735080527500213297e-06 1.644907458367529998e-06 2.568078905810288713e-06 5.748246933099059839e-06 4.626615139304382833e-06 2.109162022126898397e-06 5.763406564925550407e-07 2.037279307806493067e-06 3.421637490708124447e-06 4.578934062996893621e-07 1.207795919137005536e-07 6.674925775145530149e-08 4.162919135209559494e-08 2.693919487673536476e-08 2.567175598195298185e-08 8.379259351353130742e-08 3.346516376824726614e-07 1.415788445725505925e-06 7.682389701155295748e-08 1.877857474612066342e-08 6.063902237449262031e-08 6.976240512092815127e-07 4.565672367052775337e-07 1.878293949908249035e-08
7.992083504410399090e-07 5.712147047331504345e-07 4.788957239114948313e-07 5.999233580579212706e-07 8.633023249465476926e-07 6.475259420271575957e-06 9.684013840545995920e-06 9.876625602006091788e-07 3.025245684083567928e-07 1.726639591471547431e-07 3.768655015608200885e-07 7.668546805051748676e-08 4.574829057838425892e-07 1.223119568357648681e-06 2.903406243229689362e-08 1.698750199356142767e-08 9.427442089786557076e-09 6.070296415093824515e-07 2.513383549546327973e-07 3.452078964674897522e-09 2.521515076597085987e-07 2.521092955763929066e-09 4.188551247272249286e-07 2.226698454850953337e-07 6.090245094790474058e-07
2.562880583661680150e-06 1.094890560716339945e-06 6.912225431755927671e-07 3.411674575710217726e-07 2.144934051393401231e-07 1.815272799326851185e-07 1.562468404513924451e-07 1.277582532501020844e-07 8.371456800294979237e-07 6.539346585376462644e-07 2.570358786540829887e-06 9.255303994247393987e-07 7.392627217014474264e-08 3.467743052215084596e-07 2.020110315640293413e-07 2.169921441499290271e-06 6.192250526480839574e-09 7.680255347636891684e-09 3.644685270124133686e-06 3.392227377640683251e-08 8.939925472454367181e-08 6.160182620691295733e-09 3.374138124983716862e-08 1.657905032621303887e-07 6.197709577980177721e-07
2.879211082775771396e-07 2.102282991089132006e-06 1.835440380398633801e-06 6.799507515611577609e-07 4.628467163425645198e-07 2.890104851011944216e-07 2.469698787619105050e-07 2.539903382106378986e-07 2.613149604755341594e-06 9.264847290029824267e-07 4.298959828907878091e-06 1.415697990675892077e-07 2.114437929323596157e-07 2.009168419238245612e-07 7.965943055768238658e-08 3.427019775912272797e-08 2.551925873844528013e-08 1.246254362453760374e-08 2.520222597628634338e-07 5.496449928738901321e-08 2.486669262450709131e-06 1.114937666479193677e-07 1.798980200235090623e-07 4.354358631919515773e-08 4.536302084713239989e-07
6.718791795596306893e-06 4.240256970046327044e-06 2.576049141098717716e-06 1.827204550489260886e-06 1.084300409414312444e-06 6.238854071628598438e-07 4.742655316039103105e-07 4.058807819314162286e-07 5.378009284637666748e-07 1.589852142851785279e-06 1.933258303257937652e-07 7.547918800934673740e-07 1.046072378663477248e-07 6.691343483869104691e-08 3.099072937880340330e-08 2.176812178643857491e-08 9.956528351202421624e-09 3.489995975619853276e-09 1.051997919442877237e-09 8.310421041330472258e-10 1.143861754974799089e-07 8.700914027075699069e-07 5.434034887049713430e-07 1.508586992373246000e-06 1.197242177595154520e-07
6.553449254622010131e-06 5.785248320480373613e-06 4.051533543676972770e-06 3.010478564135163563e-06 1.665052598747180202e-06 2.455713426602378331e-06 2.610213838468351222e-06 3.466502324484928200e-07 5.725816406643119819e-07 2.451456122593682770e-07 2.094710653769365513e-07 1.470416348621487232e-07 9.743519243361531026e-08 7.910141747466752802e-08 4.909147794940447824e-08 2.342355999981140005e-08 2.945454099771673532e-07 7.259056596823215035e-09 2.799563176883767088e-08 1.135505173019843621e-07 1.232796792792402695e-07 8.197022617928527138e-09 6.552588081335593839e-07 1.197286176644547969e-07 1.588865281079489430e-07
3.031318838757052249e-06 2.240364068658141918e-06 2.261451671109215995e-06 1.764489850157170383e-06 1.044116321204528412e-05 2.256398386901921506e-06 1.093932106912057779e-06 7.802622698039160044e-07 3.694059519810489122e-07 2.149837984604228602e-07 1.542840375206119751e-07 1.397438301111018202e-07 7.283054019793215549e-08 5.469616104025132057e-08 5.415785596688403069e-08 2.047895732856904048e-08 7.382509515594269783e-08 1.386500509814753932e-08 9.777444388126656682e-07 2.115624366313820568e-08 3.346082683091178535e-09 1.186225076244112965e-09 1.542592040339308733e-07 3.985228246211236731e-07 3.027876211335594399e-07
7.611234463149094149e-06 5.835178308838562757e-06 3.496000078756354824e-06 2.998767228051546727e-06 3.761041772276470267e-06 7.252869435209694683e-06 1.152067742217686866e-06 2.772428641811326642e-06 8.598608698632699871e-07 4.243400128487027045e-07 2.631625423449136607e-07 1.914788010709837105e-06 9.991065646618584765e-08 4.345865736708533751e-08 2.195696407137631105e-08 8.601519177031082473e-09 3.974437744335106809e-09 1.503867210381461311e-07 3.580789384849590259e-07 1.203229451756137764e-07 1.121969688038854050e-07 1.232613755574997464e-08 3.936674541683292493e-07 3.053807146995087077e-07 4.064456339544165327e-07
4.313072928499590509e-06 3.817862501047592805e-06 4.033415560670275709e-06 2.621179135225371971e-06 1.697463576368220319e-06 1.574835961860001285e-06 1.202847647357262286e-06 5.272051301275531504e-06 7.942503062717817509e-07 3.754942458809915330e-07 2.777434186780983012e-06 2.136953258759481604e-07 7.401448617171055179e-08 2.413568147759682020e-08 1.477764823664761374e-08 8.582177072060620445e-09 5.745328707176903597e-09 2.857937208722979066e-09 3.830613900027156968e-07 2.211704505764718956e-08 2.207081015856846952e-06 7.586115846423798513e-07 1.646537626595108345e-08 8.161407215850544936e-08 8.675527117358589169e-08
3.753847294620893141e-06 3.157508475407816912e-06 2.144119954254674117e-06 2.167337947172350553e-06 2.108033450992052590e-06 1.032102044672101202e-06 4.428649217552135634e-07 4.936019579514833639e-07 4.058012438903168635e-07 3.183561036468838248e-07 2.454972509822638201e-07 2.047887380318964260e-07 1.024626769465112054e-06 1.238596777322369459e-07 5.308248523383789515e-08 1.486730983814965542e-08 2.373072217620317927e-09 4.635098358433155708e-09 7.304061947756025246e-08 1.773264243441181158e-06 8.435313791270365817e-08 3.191570082935188395e-07 1.388096923207977192e-07 4.752839093980375921e-10 2.770719165341705756e-07
4.162699196167784012e-07 2.828707674505662267e-07 6.399041137106640277e-07 7.530435629095325198e-07 1.778014928867405685e-06 3.927302580928421918e-06 2.508635028194242879e-06 1.932635149169703321e-06 3.276307719823870009e-06 1.186795848602531579e-06 1.243224809740641863e-07 7.331581214060766692e-08 9.873828255133326661e-08 1.716687074811762206e-06 3.492768279429371601e-08 1.594685031014607568e-08 1.068641478859452045e-07 2.040841192377116947e-07 7.254431428093419517e-09 3.263051359938645165e-07 4.143669817182859290e-07 5.314401940187689813e-08 2.799413284120250825e-09 6.586241807453686382e-07 1.004986494983396612e-06
7.615036794853860243e-07 6.418851369383865331e-07 9.979015634397626325e-07 9.721892596543965695e-07 6.226152653403720128e-07 2.545181620483144236e-07 2.282307061335822504e-07 2.314116571518382603e-07 6.115195223713782861e-07 4.066644891858036598e-07 2.850357140036238521e-07 1.412881793587075494e-07 1.297190213971380364e-07 9.036799048828860242e-08 7.815182843956075537e-08 3.459095322626874839e-08 2.295168104142804086e-08 1.442023059664679522e-08 6.627517305704415953e-07 5.664797225970892194e-07 4.079614138685599640e-09 1.504386109739415407e-07 9.782020634066916500e-08 3.794728864018851938e-07 1.730767307238774093e-07
5.492861314311042590e-07 4.299989782105710250e-07 2.846723908523849331e-07 2.922008917135116882e-07 2.515097387519894542e-07 2.046934315691878702e-07 1.643293171710566630e-07 1.628722384388226177e-07 1.290192963680459937e-07 1.062133729743030877e-07 9.653654877175899632e-08 9.258378895178573914e-08 2.855544087184011940e-06 1.552597358251864523e-07 1.268490492566827073e-06 7.145597372192395359e-08 1.881936245326401023e-08 1.099070589906792908e-08 5.893218693114534150e-09 3.285455783108801751e-09 2.595246396510553680e-08 6.210327343374445732e-08 1.719898551997157257e-09 9.371322184400040496e-09 3.460061056732256695e-07
3.270414815178675794e-06 2.323153137596918297e-06 2.247014512375043700e-06 4.036961202742515995e-06 5.534504984431071572e-06 6.116550454399958866e-06 1.602235356961001040e-06 3.416843319537723367e-06 6.122995351436158698e-07 4.667053430027857021e-07 1.749438318467449122e-06 4.071253275380165968e-07 9.031361958203305651e-08 4.544957766182764568e-08 3.116873896000263991e-08 2.160215388376252554e-08 2.252770044115626839e-09 8.867927793566486066e-07 1.883030078004657900e-07 2.389394682376303081e-10 3.649337577319323977e-11 3.466817225036001560e-10 9.606538926549549115e-08 4.854025527638933399e-08 7.134747137461811671e-11
4.113042138148485315e-06 3.889772763048801797e-06 3.083771856288941567e-06 2.403781558763043684e-06 1.304224153139744123e-06 8.792512673871183350e-07 6.875819484243042596e-07 6.720303554523568673e-07 1.172061393921326206e-06 1.204731110915931949e-06 1.092873062568620055e-06 3.089691737625096050e-07 1.533500835252392179e-07 1.535062206070289961e-07 1.497513416098823252e-07 6.731155767299248727e-08 1.029053540410212044e-07 2.495242865861279233e-08 2.270332969171571578e-08 2.037588114933150004e-08 1.663217055847155288e-06 1.073024709057206982e-07 3.340732250651036260e-08 2.210860514490058374e-07 2.093396441659371552e-09
3.591877718833855372e-06 3.152587684078141653e-06 1.254700905008466339e-06 9.870153055468857327e-07 8.496769415845844373e-07 7.595179765150575256e-07 6.946984425123306905e-07 4.758910007925804114e-07 3.934552314250086174e-07 3.173230335390062157e-07 2.223583649725130253e-07 1.513624472342454885e-07 1.442103862208291817e-07 3.233879526069588440e-07 6.150497321360524692e-08 4.124717109152902067e-08 1.914612145309823611e-08 9.891592321071532326e-08 5.281245157497366385e-09 3.096411026020576906e-08 5.615621963632214184e-07 3.274701370594132475e-07 5.183879090336035542e-07 5.334142979644607576e-07 2.805262217014733936e-07
2.719461084104923919e-06 2.696930649520827505e-06 1.760436945866763298e-06 1.153634729773117613e-06 1.163786944532968641e-06 8.369471964533506480e-07 6.491062570878536170e-07 5.659931702535670014e-07 2.113362313604109767e-06 3.063762635738419695e-07 1.786394202301202739e-07 3.137197584328428375e-07 2.741513289812601967e-07 1.633191247019191119e-07 1.145440357665179834e-07 2.986531011727233223e-07 9.964540207346182319e-08 2.397151523947218417e-08 1.490631429633130893e-08 1.283673980512494390e-08 2.270625321472964052e-07 1.440406479654026436e-06 2.872257071889417068e-08 3.501210305406291467e-07 1.996892954952814926e-07
3.343421879532000110e-06 2.885351957925207779e-06 3.020409527677242927e-06 2.673861918083082138e-06 1.624211774161772056e-06 1.483716595102960492e-06 9.938197732584477104e-07 4.950266418137578909e-07 3.290116064119246773e-07 2.346399277602691542e-07 1.708649999050199342e-07 1.052904349167290263e-07 1.937592481949397330e-06 2.118352508869227439e-07 1.961254083402021905e-06 2.415984267114626248e-07 1.076709992641063799e-08 6.309326171344100363e-08 3.228879524358500728e-09 2.043236447895296600e-09 1.406589749078397757e-07 2.765004296536108450e-07 2.429071377217250634e-08 3.184258664379004155e-08 2.460531659522462475e-07
2.102477300779673939e-06 1.060334009227348231e-05 2.364692672754001716e-06 1.178020337812927551e-06 7.605723129569094355e-07 4.489493426752934723e-07 3.860560185687944414e-07 2.592891729242173441e-07 4.411257654727570103e-07 1.370876534297328130e-06 1.657651687324941905e-07 2.252562863199186473e-07 1.061941332143644089e-07 4.187282159775180566e-08 3.049523838623751388e-08 1.768206147330785492e-08 1.150097536824578399e-08 1.918873346802833541e-06 7.028653254264737852e-08 3.277673377662836827e-09 2.071279829365563403e-09 1.246591679591868850e-09 4.454514748324472071e-09 7.569693802616121697e-07 1.228027519787826633e-07
2.841328710409197777e-06 2.414544058049395438e-06 1.912866587177668082e-06 1.454388591812384230e-06 1.000341162309411609e-06 6.987174670649820606e-07 5.323831702565568743e-07 4.114014297526727757e-07 4.126306299028674153e-07 2.379245213784462120e-07 2.043118282755533916e-07 1.533667493084049233e-07 1.945887359381734421e-07 4.223061581558189771e-07 1.286646430746974497e-07 6.408978457173078591e-08 4.474778891495339254e-08 1.932434318302448539e-08 7.245640156991687320e-09 3.110495738172509881e-09 4.020271158979726493e-09 8.318146282997778390e-08 6.611505203878300173e-07 2.530643995647848803e-07 3.864577026981242934e-09
2.071694811899861888e-06 2.542249338953816721e-06 1.961538541287129057e-06 1.474359699391471783e-06 1.813507304001812973e-06 1.166962045796994762e-06 1.312615012754329819e-06 7.306214314940738581e-07 6.456898445870941232e-07 4.877130974928261908e-07 4.538861738150417148e-07 1.339673178797792346e-06 1.664150695985005365e-06 4.951436225055536877e-08 3.063633347243351384e-08 2.071402132382742846e-08 1.321994179925478958e-08 7.271628911709720647e-09 4.802734433433994099e-09 1.748261928201259811e-09 2.402587008271574461e-09 3.370864408529503323e-07 1.844358480465063729e-08 9.903752733914048560e-08 4.541843048434179199e-07
2.915753328985964345e-06 2.895268676704590301e-06 1.996272060828486025e-06 1.828064054350807974e-06 2.564884378956412510e-06 1.428178272036490496e-06 1.956198246077492289e-06 5.432966063117765468e-07 1.262986387521058543e-06 2.688251113389633741e-07 1.498717467000306824e-07 9.622537823905331547e-08 4.376257769590586516e-08 2.805567827739359218e-08 1.976874275879035879e-08 1.090484265621145077e-08 6.573916564792320882e-09 1.445205855574674072e-09 2.415499301327422852e-08 2.600090439900652050e-10 1.027155728385466174e-07 3.315822053329684514e-09 2.543383233904715391e-07 4.797122653809837825e-08 4.173000908145946758e-07
1.123220071042987943e-06 9.988279687232669202e-07 8.275545314833359989e-07 6.210103487233340740e-07 4.093764739566222761e-07 3.472803105029126666e-07 2.719937637114759987e-07 1.912817309694488273e-07 1.711747580570855123e-07 5.773983951126215768e-07 2.284460858313928779e-07 1.343829337820447826e-07 1.351411278129486277e-06 7.144839592955479709e-08 4.094529379529418741e-08 3.018375716295442793e-08 2.048975415244871308e-08 1.219299530707752496e-08 9.687979199044921168e-09 1.853089985799203409e-06 8.407228062278840580e-09 7.415262023566378329e-08 7.169331200872500483e-07 3.499713187486742834e-07 6.020138094970979366e-07
9.879509631510522341e-07 7.817151180597328298e-07 8.308442888358364265e-07 6.877820473055470146e-07 9.232333453797644162e-07 9.344715309868904422e-07 4.640165092893124307e-06 4.676518616119148219e-07 3.403146455784829741e-07 2.306746253841706373e-07 2.014443512944673412e-07 2.051727851330901523e-07 1.608687946860031992e-07 9.917137340283342283e-08 6.603587137221766200e-08 5.716360369212716222e-08 5.327002029116934874e-08 8.459809281581402310e-09 2.379642072830909203e-09 6.247018811313105377e-08 6.133359205649733496e-10 1.094413553469012296e-06 5.077559522006294103e-07 8.609168818524259241e-08 6.435417418179838132e-08
5.027985157151257447e-06 2.902819934993574380e-06 2.384546675007785725e-06 1.925091532894245069e-06 1.710553005420679624e-06 1.386153432855470047e-06 7.205488546051056224e-07 6.976517719110100561e-07 3.580580979745316786e-07 2.120970644488998446e-07 1.297731237798947365e-07 2.558437583132935785e-07 6.636420704734241282e-08 3.419645560387346539e-08 1.835116068295350821e-08 1.889978770613031227e-08 6.670258339802361043e-09 7.926044784245591528e-07 5.335504210115398694e-09 9.995244835613562089e-10 4.906136851419444005e-10 2.226375958618731413e-08 7.975481771279051673e-09 2.159541426334772022e-08 5.006028372022375107e-08
2.802580701195209167e-06 2.455124395657491205e-06 2.351572016379765303e-06 1.937789238349159294e-06 3.325800761179305966e-06 1.578788258048073141e-06 1.643161037427273496e-06 4.711995040901041734e-07 3.452592817182760993e-07 2.138121368168674829e-07 1.977161362898270256e-07 2.110166688452392785e-07 5.009252056138595170e-08 3.205612462079690481e-08 2.294292799302246609e-08 1.964075439479930847e-08 1.097434943269342043e-08 5.882554133454711672e-09 2.995167019271484322e-09 6.822042703618038092e-07 1.426317907883493058e-09 5.511789278821922079e-09 4.547845995920302972e-07 3.273487851360822647e-07 2.029593812253553558e-07
6.832460679785807287e-06 8.901889423403665957e-06 6.349220707215358937e-06 4.551504523012751867e-05 3.751039919302479516e-06 2.108142130208402213e-06 9.129643980394015470e-07 7.786192129469802611e-07 5.914351366949086278e-07 5.384561762340707431e-07 1.119091838151594169e-06 2.072233517686185064e-07 9.515469951349299917e-08 4.815999733561556814e-08 3.122722977598021300e-08 1.824866601995065296e-08 7.501283449364165118e-09 3.287301480841674872e-09 1.217458451689051912e-09 1.732737011369983741e-10 8.800162811630478705e-09 5.026082101167382303e-08 1.845357724716165620e-06 5.618301456626282553e-08 2.147155108916612383e-08
2.280640629140467839e-06 4.921132859311675159e-06 4.129787774389744161e-06 3.134873456006094087e-06 1.942009713400107634e-06 1.252364509665432654e-06 9.409499387009066929e-07 5.036730538070094534e-06 5.805671657857631396e-07 1.308481520935513304e-06 1.408290732543960193e-07 9.183468152661506974e-08 4.494943365192011561e-08 6.538533370821660506e-09 2.165584866108407898e-09 1.844765072175633635e-10 3.395782320601129137e-11 3.308351521334140482e-07 3.527720961315958144e-07 6.025245245219601756e-08 7.320823965926446383e-07 5.880761160368602419e-08 5.013189726780487579e-11 2.113853403555355390e-09 7.028127128711308451e-07
4.406895892972707254e-06 3.603595197692465047e-06 2.303145165275124624e-06 1.124474468419070522e-06 7.900920463329650648e-07 5.361787864918226575e-07 3.621738329652003933e-07 2.332135256737392811e-07 1.912069227448071691e-07 1.814321189615594623e-07 1.303837106276793841e-07 1.187283282379598922e-07 7.545339354977984054e-08 5.488680341729577149e-08 4.483694091823387553e-08 7.819739276138853928e-07 3.249984336329303932e-08 1.498778380070302958e-08 5.272082927617785472e-09 3.124950214933107015e-09 9.751433577949929968e-10 4.473500021115053420e-10 1.045685733759721729e-09 4.074405922250210794e-11 5.270468989169839001e-10
1.158986856607583940e-06 1.438534329797718462e-06 8.974692829787024635e-07 6.832565567860654669e-07 6.143945799174508444e-07 7.394747746600229452e-07 7.036266262882272575e-07 1.021101725203597778e-06 1.067743795207961100e-06 2.369870175089394406e-07 1.464495688508061737e-07 8.687827204802489883e-07 2.013767199196212445e-06 7.308858433335027956e-08 4.093154197380844270e-08 7.997750413711187406e-08 1.742195919971384414e-08 7.221918130457522158e-08 1.354479521311430747e-08 3.755875208378860970e-07 7.043221381247026750e-08 2.138528484232654413e-07 4.519069787931415059e-08 5.121245655596634659e-07 1.041141872196303200e-06
6.609791335798441956e-05 2.669903162440298613e-05 2.162760470475807877e-06 1.638235166683352219e-06 1.046678178518119156e-06 9.318222288588248875e-07 7.529928637872485984e-07 6.380741276417615377e-07 3.861888835087034941e-07 2.542401073873589630e-07 3.642205116207676457e-07 1.643714465017936866e-07 6.999782337802588993e-08 2.290984511966895200e-08 7.592744242881172076e-09 2.675484814856218218e-09 2.028453151532470458e-07 4.277800943935036213e-09 9.523325473794797928e-08 9.651985185722194185e-08 7.627972313400342451e-09 2.599522376916810796e-07 6.438462710640588889e-07 3.336806421599362916e-07 4.767469057624119473e-07
9.085381141065299001e-07 7.152873972024035805e-07 1.050941413497481501e-05 6.827892030414034346e-06 1.863955015400157679e-06 8.086307919024899606e-07 5.805893279293878763e-07 2.643072862819576449e-07 1.349297367224315947e-07 1.982569187118582614e-07 7.159235057617039367e-07 3.491005407507442972e-06 1.252652492517933619e-07 6.134955858831848758e-08 4.757989470467405129e-08 2.205485811387137027e-06 9.004677995886129879e-08 6.910460886643747931e-09 1.216040981890921080e-08 2.501222675116629941e-07 3.053219449147834148e-08 1.034331037485495914e-07 1.323872864561674081e-07 2.924858675395961021e-08 1.347598262298803014e-06
8.579554930470913231e-07 9.064280104209699537e-07 6.324103152110454727e-07 8.934437841781996388e-07 6.448063417189305197e-07 4.192569220507357003e-07 3.314468892444927783e-06 8.411660887353831038e-07 2.898648300935650335e-07 1.945453720320976506e-07 1.460596911005809436e-07 1.097462772763622283e-07 8.532621724938853466e-08 7.602931793372962536e-08 6.383881498021389006e-08 5.353215104280754730e-08 2.569854647180619077e-08 1.790999247345422780e-08 5.896327695849031490e-07 8.220805074045519547e-09 3.125352804584257113e-09 1.248998826615072179e-09 9.362843671745375819e-10 3.491754644858509387e-10 1.507153456227686366e-10
3.911945442373362028e-06 3.132719802763782453e-06 2.246827341744665415e-06 1.770289712826547845e-06 9.912666301357525008e-07 9.509481955863566442e-07 5.733363609913039947e-07 6.076096923072235289e-07 3.347634826792530245e-07 2.361587581202347832e-06 1.261526576139040473e-07 1.009596427398064480e-07 7.183352728087857177e-08 5.345893368471103164e-08 3.817952622922984268e-08 2.839933333554894752e-08 1.043551585899178310e-07 1.747186572693627415e-08 1.210748110170500617e-08 1.353944972629581103e-08 3.846997575951855864e-09 2.555354428140848547e-07 3.448224042926882764e-09 7.084045119306121458e-07 9.759305146816658477e-07
7.292060434944063400e-06 1.084018465256042644e-05 2.624503169066534760e-05 3.754997925164382875e-06 2.040363807800733789e-06 1.119368053252544649e-06 1.027052867663071049e-06 2.993535498490560009e-06 4.237319247302351384e-07 1.793872712828697436e-07 1.594303852327022241e-07 5.369987117594438646e-08 3.658191122604839503e-08 1.319946869225520565e-08 5.066604793774142131e-09 1.598702801504404272e-09 1.060823973087780729e-07 1.685035335022266774e-07 4.579335284926940892e-07 8.693924677941748955e-07 1.578749004242661081e-07 2.615745440043440861e-08 1.625326958008935231e-07 6.899060030961612233e-09 8.616821320893793421e-08
4.160822032485408665e-06 2.992945479616080607e-06 3.176046573063392817e-06 2.700236834928672942e-06 3.093442398022306356e-06 1.493453991224752616e-06 4.466052122234373348e-07 5.106626199934279469e-07 3.139526525420826770e-07 1.036671882966982582e-06 2.510718153026941202e-06 1.797826708600043138e-07 1.178088909765513963e-07 8.623454366531938019e-09 1.030654056920910006e-08 1.662435991334153100e-08 4.246755181940334064e-08 1.591884805072102738e-08 1.568055364189628765e-08 5.304258972057984052e-08 7.444068995930298496e-07 9.560140645001636585e-07 4.157613446999963559e-07 2.816077280644086058e-07 8.131606124901134929e-08
3.459264054085041588e-06 3.441691932672074451e-06 3.611064306817082650e-06 2.582318559257856223e-06 1.311319436703485464e-06 5.875965102927945539e-07 3.668973412641688497e-07 2.814958039588521439e-07 2.563377374111021745e-07 4.955293373609767171e-07 3.907781556906867986e-07 1.337774344985966867e-07 3.831572323072885339e-07 8.114577823415012803e-08 2.638751481356397728e-08 5.450043195481891225e-09 6.698547028269102852e-10 2.396455711181547363e-08 9.983658603059184190e-08 2.585508352153636927e-08 6.934886402736458136e-09 5.096017077407299244e-11 4.835334001708027259e-08 2.298982339113348014e-07 1.249479046604318552e-10
4.266913396992635013e-07 3.557004816608567333e-07 3.525979306259203725e-07 2.759065503323472659e-07 2.220979796851283015e-07 2.254638768534113303e-07 1.598530883888123926e-07 1.605458281430251116e-07 1.293391590886430951e-07 3.954883116381429294e-06 2.979758989744448291e-07 1.484159186982311132e-07 1.499572538371442498e-06 7.379276230901918011e-08 1.705122606675669965e-07 3.574918340789067464e-08 2.981640384504736954e-08 2.020869817285335067e-08 2.487124206723623711e-08 1.259153514257386304e-08 1.807917272024409381e-07 2.669489844924934488e-07 6.264010742572983568e-07 4.911310169554741393e-07 4.318165568970376023e-07
1.464710059606246991e-06 1.166143749691297608e-06 9.584150341651260163e-07 6.978158939178168061e-07 5.660679012508925306e-07 4.155874517442895936e-07 3.893058981788663917e-07 3.346576808430142080e-07 2.146370965366677627e-07 1.763442834491969789e-07 3.678295835278268357e-06 1.501607354254524025e-07 8.292098338957698480e-08 9.619103299604745788e-08 1.685655656671896272e-06 8.092806651085758412e-08 3.766441958786915186e-08 1.945264340098487204e-08 7.353823171117509017e-09 8.726428746744481848e-09 3.485756575431221684e-07 4.058104397376169996e-07 2.082506898986602009e-07 1.449498788307449455e-08 1.878724280424060367e-07
1.886772926531668737e-06 1.808009929207396449e-06 1.950934441203833955e-06 2.361206233661184177e-06 2.793985161232881243e-06 7.063511763272862778e-07 5.480783166348129724e-07 3.998587269573270853e-07 2.362905357481890351e-07 2.405225907918052452e-07 2.897874780446495018e-07 2.466298877048784920e-06 1.018740349672661975e-07 2.426325516208945646e-07 9.531003613294548319e-09 2.595874946781266919e-09 1.346891461032425401e-09 2.399865590135712994e-07 2.026531735886821813e-07 1.246700362098154287e-06 1.344578007817095541e-09 4.708005754855247705e-10 6.804179282549419902e-07 6.208568616805911426e-07 1.073905475198247515e-07
2.041887519636626180e-06 1.885164352384862587e-06 9.464505921176808134e-07 1.072996663960615623e-06 1.206654619118949309e-06 5.945878288805669065e-06 8.382664281670700103e-07 6.601797489017727280e-07 2.964118812558473996e-07 2.100966380502856882e-07 2.577670976320704957e-06 2.330890656446271464e-07 6.746723661780588180e-07 7.923263140434421738e-08 4.241483928623054276e-08 2.832631316917434577e-08 7.814880267851449395e-07 1.891432984878364406e-08 1.617086592170062175e-08 2.357487774425696201e-08 6.695333034352671545e-07 8.428647361459911237e-08 1.567095782632958600e-07 2.222479151146818772e-08 1.632134531780382217e-07
1.187826763139675177e-06 1.090581362102588957e-06 9.254391556818869459e-07 1.083559071506021468e-06 2.507579206608915988e-06 8.626317435235450947e-07 4.353224192931496822e-07 5.523071803561522492e-07 1.751796341796950713e-06 3.140959832861051828e-06 1.416491494059935171e-07 9.437242713290049784e-07 1.037870862164596890e-07 5.984040314219317240e-08 4.893259631118345626e-08 4.337781706802402249e-08 3.501402566724430451e-08 1.630486668053474111e-08 7.451556667289978588e-09 3.098547516731894943e-09 4.433117084569920915e-09 1.878068336683064925e-07 1.494640745025576422e-07 2.481034679867376199e-07 2.715624016205337287e-08
1.311528149455532202e-06 9.922096896537890497e-07 5.520509813397643259e-07 8.046214245611892833e-07 3.312438903518942489e-07 2.760215752873775814e-07 2.337631050253043257e-07 2.827393978020793063e-07 2.917176506074165045e-07 1.618389719985081015e-06 7.124448000806200008e-07 2.498430379293241811e-07 3.991226089563602051e-07 1.183564261567247473e-07 3.017289130162709241e-08 9.783250506985532762e-08 1.069638468777136598e-08 7.632005673188404831e-09 5.969666238905221005e-09 1.912256348106677221e-08 1.106579150018776669e-07 7.252401068030684054e-07 1.037394455096029331e-07 3.053954850415922841e-07 6.533634498151002945e-08
1.105543066978518920e-06 7.239842942669584880e-07 7.291351152194303875e-07 2.644117791404711571e-06 7.210047345251150043e-06 9.224950425078837839e-07 5.816671474193770439e-07 2.484053762795402425e-07 1.607807183359675965e-07 1.402402206394000730e-07 1.550775246683078583e-07 7.229729432869055207e-07 3.131051293918214844e-06 1.514430149906339164e-08 5.634791588343789601e-09 2.493821257969031099e-09 1.798820313040929379e-10 1.345177869391429290e-09 1.202142625463453814e-11 2.895452196157725420e-10 6.007772246977240133e-08 1.420781599740511802e-07 8.122156074262672287e-09 6.058784700515560053e-09 3.831346783910743400e-09
7.072831738166337157e-07 3.735243808433032813e-07 6.154965357706553542e-07 5.050057827295339587e-07 4.477712138614313939e-07 3.380311352245811025e-07 3.191600887650197320e-07 3.924678326366661112e-07 2.986250321266398951e-07 2.545068961183844850e-07 2.536438789589487889e-07 1.174858439033839550e-07 8.063892804046435393e-08 5.497712040321363164e-08 3.943192636341191721e-08 5.706693109537815838e-08 3.206433262090734593e-08 7.949187638558723314e-08 1.047767156434306692e-08 6.257940311096158590e-09 3.448693349945679382e-07 4.264117987927188012e-08 7.738101933281567936e-07 1.144464286149161286e-06 8.841568374135825887e-08
1.191712527027891967e-05 1.015769327470850592e-05 1.851558377969101281e-06 1.082867540741259104e-06 9.048951558258245233e-07 4.958780455043287831e-07 4.484765299534440670e-07 2.635167725778919968e-07 2.017569053272147278e-07 1.473139755303535136e-07 1.652940589171000913e-07 1.021902205451753075e-07 5.530419693791703449e-08 3.520221230400097304e-08 7.081054062718230014e-07 1.672500108830109648e-08 1.430288380431852976e-08 5.527083842974163512e-09 1.415463190859186733e-06 1.739440521036719673e-06 6.914282921347557674e-10 7.639733489590003928e-11 3.360408996951877484e-07 1.620938473513352604e-07 4.882929399924077151e-11
4.593779277356113896e-06 4.255921530036467469e-06 3.194234662464150768e-06 2.210221861369180186e-06 1.449867757092350217e-06 8.483791762303325636e-07 5.683014438284118478e-07 3.265686300083818133e-07 2.508433264517444650e-07 2.278611812605255759e-07 2.087443294161236580e-07 2.102466151264331368e-07 2.647631930429934189e-07 1.334938840963840050e-07 6.075962465723002483e-08 2.706275810825846488e-08 1.168737104596767221e-08 6.395413593437602991e-09 4.374024704375917383e-08 4.842191856622548166e-09 4.815228742982852062e-09 3.813477854166688166e-08 4.963268080454910555e-08 1.259506461497600311e-07 2.006419805556349368e-07
2.291104860303405318e-06 1.424510664861851380e-06 7.983175368538526475e-07 5.363977652653361033e-06 2.966361607771824310e-06 9.552252720638613312e-06 1.802058822094773239e-06 7.163873819690583138e-07 2.269682477853809334e-07 1.874110102625814243e-07 8.265289361202720430e-08 7.140388161853297234e-08 5.039786249041585187e-08 1.394467537548136829e-08 1.129432340353337869e-08 1.793705542733540578e-08 7.840392041815613097e-09 1.346025975540434537e-10 2.328911928277689289e-09 2.878454482887442986e-07 9.628909060456944543e-12 1.076184376438822435e-10 1.885732367845147289e-07 5.019151105981866120e-11 3.109826000612546213e-07
2.684918347672548471e-06 1.646606062747190428e-06 1.428601602314263049e-06 8.467748487961862096e-07 9.946953112026293565e-07 8.216982578641297080e-07 8.211257649603670486e-07 8.498105287547414752e-07 6.733013708132494503e-06 7.633064688322845382e-07 1.661291023390373584e-06 9.014068317134952537e-08 8.807102856569515321e-08 6.612537434651081411e-08 4.152926266955498579e-08 2.384497501831653964e-08 7.247291667823685965e-08 3.367164316001119218e-07 6.276867475965587863e-09 4.123378054790025582e-09 2.859309678095982374e-09 1.668730781460146296e-09 3.601535497962063303e-09 6.229026835126759235e-09 7.444594790482396379e-08
4.090239434940399624e-07 5.485964410297044224e-07 6.871588060658942169e-07 7.056569744480948969e-07 3.689850606736090369e-07 3.414471881067223336e-07 2.763023233567420228e-07 2.410999034539013724e-07 2.087723442952027765e-07 2.086598118119828493e-07 8.118091974951294170e-07 2.309767002820768355e-07 7.287417210977902668e-08 5.582866101631143685e-08 4.632740136966493850e-08 3.473781137174144485e-08 6.104589669386672839e-08 2.810579716904457732e-08 3.054927747506328244e-08 5.145308133388561394e-07 3.396483925933740462e-07 5.149706200768488482e-07 3.487651918881915930e-07 6.120201707558877866e-07 1.703675567056551790e-08
3.194394314877288737e-06 3.434334858968760385e-06 8.538901255263272765e-07 4.888112698822911091e-07 5.047192465929627151e-07 4.444697747114851595e-07 2.677703412953145838e-07 2.659820668609013451e-07 3.483136306183906034e-07 4.758299044773320922e-06 4.051803880457232724e-07 1.357704145376167321e-07 2.348858660911143482e-07 8.855894729310356082e-08 5.929016601749542268e-08 2.959676097976522679e-08 1.815258257383919530e-08 1.640010005915119597e-08 6.522515917656972818e-09 2.466172698391302047e-09 4.479218555989509556e-08 5.402415671826065843e-07 2.614999631618949727e-07 1.351455797523300244e-07 6.164416007005151602e-07
3.279462701182791209e-06 2.038548042445190820e-06 1.666038483538729853e-06 1.336449047008084893e-06 1.211174300095901381e-06 3.880597797712989781e-07 4.643093818781907741e-07 2.842991287702175257e-07 2.184660357666771419e-07 1.801853400761719368e-07 2.776710038299468729e-07 7.087864683435315049e-07 3.785083634598306920e-07 5.520387319249550164e-08 4.701051371938522454e-08 5.981947692995287436e-08 3.855533454269103549e-08 3.119289770363452799e-08 2.427415984549724069e-08 4.173998068806958131e-08 9.451533695674967303e-07 5.479324119238049641e-07 2.469996235267520391e-07 3.053238882785196323e-07 3.948217610391976870e-07
2.651542698305745467e-06 1.962099394335756607e-06 1.991247281018720252e-06 1.884388443040144509e-06 1.739968070398807963e-06 2.004176689064084657e-06 8.100350300228012700e-07 5.488950665832778398e-07 7.465616313036551937e-07 2.347184428817371971e-07 1.936520336206688778e-07 1.446412315736968400e-07 8.574279524646247341e-08 6.610823353181381511e-08 5.857070772488381957e-08 4.078383150815422803e-08 4.670169184009956668e-08 1.532226551482708286e-07 2.805021861188918663e-07 7.004871507170661235e-08 3.118870818372987071e-07 1.747571321049121610e-07 3.385928566817016983e-07 2.168740850844890790e-07 6.234792806068103309e-07
2.647001497413861201e-06 3.075008669193064425e-06 4.432290170389865999e-06 1.614383773023741125e-06 9.191130359761169310e-07 7.466694409056880551e-07 5.557209666139286987e-07 3.245443404211019931e-07 2.925450280679719314e-07 3.028213448760005338e-07 2.492928627660691805e-07 1.768414469307482015e-06 1.128978628168905769e-07 7.762763605020585479e-08 4.875462562417231052e-08 3.195968787515712030e-08 2.054060833491139033e-08 1.374627441538226152e-08 9.263436361432980326e-09 4.367499592058059379e-09 3.976008136508363712e-09 4.787591475240533847e-09 2.144574034353629494e-07 4.751151927240669621e-07 2.753313148817168485e-07
3.742897775491150321e-08 5.823600689140008445e-08 5.204323922007033488e-08 4.628520805472582662e-08 5.161415365413953107e-08 4.632042890028235968e-08 6.369210019358907995e-08 6.337495623721906377e-08 1.247726081333973221e-07 4.068140648384184630e-07 7.757556124529258940e-06 5.961950539128032090e-07 7.136166668554329031e-07 1.282938071059240759e-07 2.734885903042996333e-08 2.013057342847722096e-08 1.133788372833161724e-08 6.592749693010246394e-09 6.044041149027885041e-09 8.104295320843575809e-09 6.718220219102754072e-07 1.345537610431096748e-09 1.400376594116727893e-07 5.831419994260683369e-08 1.371569950498251749e-07
