2.552485399082639281e-06 2.114995726919205694e-06 2.050073653902901655e-06 1.663047077662553609e-06 1.803236235967558106e-06 9.538017601770378364e-07 7.142257017750264976e-07 4.980291323088069785e-07 3.194684149311571414e-07 2.782852707155648909e-07 2.895618084191363082e-07
3.480383650255061635e-05 1.047535489167118601e-05 4.964468399875069632e-06 3.286614549861707956e-06 1.935739304123654751e-06 1.321974294053833322e-06 9.061152976852851270e-07 7.761691042484735418e-07 5.478435855691397498e-07 2.116286793663154343e-07 2.823967829632894509e-07
3.095282252341295650e-06 8.121025266706225374e-06 2.545225248809189105e-06 2.179632555986573466e-06 1.790263289552046905e-06 1.538687152342503875e-06 1.122228709120762427e-06 5.879760117880426451e-07 3.633442552467028453e-07 3.816283035766353558e-07 2.970858819137092725e-07
5.766817491921420674e-06 4.739030081830725897e-06 2.676429577928245135e-06 1.966672825933190331e-06 1.496897131794419587e-06 1.187462764461181581e-06 8.768562167002753998e-07 8.153051806176206364e-07 2.497722913844350533e-07 2.947060912617178063e-07 3.172356758380248394e-07
6.940329218362154196e-06 4.342722966941407272e-06 2.352668991177198660e-06 2.082506859271398216e-06 1.480420160755837690e-06 1.084283665175831625e-06 7.876777016521669774e-07 6.649487384004067248e-07 4.934411125821837049e-07 1.425093771464538364e-07 4.972342667606555742e-07
7.138257293867606421e-06 7.560029614822100211e-06 3.950921065796613539e-06 2.885102063842164717e-06 2.138795399023559904e-06 1.145278487559531820e-06 7.877056784691589989e-07 9.855400564855387280e-07 3.057718463417613206e-07 5.298839060234706065e-07 8.063289743771338810e-07
2.379335115525226321e-06 2.252000020582559471e-06 2.570233765584926178e-06 3.928140014380439997e-06 2.567901930853611877e-06 3.703375392182691956e-06 9.065881926356984120e-07 9.223870350009835450e-07 3.922755401281666038e-07 2.382407839449804518e-07 6.164561421688034856e-08
7.566792664227245160e-06 4.298115094902083624e-06 3.257650529001503236e-06 2.125988428613782529e-06 1.972995950947673085e-06 1.146437487755555166e-06 1.035000256344907282e-06 8.276022439449460479e-07 7.133263725834695043e-07 9.343191487261010452e-08 1.451751295020119890e-07
4.040936226140252186e-06 3.093488409429462533e-06 2.587041418054501983e-06 2.172399059685434121e-06 1.772210063459591318e-06 1.192571369124272049e-06 9.079080777878182445e-07 5.887970146032884693e-07 5.835247521332788403e-07 4.979072178677230564e-07 1.170842139033967925e-07
3.001459446282223371e-06 2.783015092638696279e-06 2.029202235975973960e-06 1.689159512147573623e-06 1.400343754790507120e-06 1.207284080947243005e-06 8.808112160152548791e-07 8.516311996263592834e-07 6.304488365022586121e-07 4.369552842403697478e-07 4.418623575511690911e-07
1.348224674248593751e-05 1.012224754291084600e-05 3.814480117679226663e-06 2.181103410177105323e-06 4.999467965047171155e-06 1.952039901267675447e-06 1.129154976275402460e-06 8.151696627176139407e-07 3.716714239804539963e-07 2.006657604531268740e-07 6.336886457785104833e-07
6.821257163257010081e-06 3.154312817024861510e-06 2.634259644448819953e-06 3.219223245105683416e-06 1.285398684735143812e-06 6.893163179113732672e-07 9.507478538271351977e-07 2.280646468123769119e-06 6.966119259959591109e-07 1.876304596003585473e-07 4.530564204124556978e-07
7.179906189489666327e-06 3.482295878132767091e-06 2.277048391162234614e-06 1.891954261648927448e-06 1.438544494925898821e-06 1.017291571043770223e-06 9.369849792449354839e-07 4.708545528455431812e-07 3.718805680097978563e-07 2.567434677966752353e-07 2.646263734540635321e-07
4.821886358372161936e-06 3.820791165657364424e-06 4.743412450780595318e-06 2.224829902906060251e-06 1.546333539281697248e-06 1.144894579196679532e-06 3.469061796268430531e-06 4.386115317852724694e-07 3.047497453213586892e-07 2.263661118409931350e-07 3.557553035943703369e-07
7.623497272254274416e-06 6.968541355620603730e-06 2.643300677454146012e-06 1.585087467218747778e-06 1.224377263764727266e-06 9.849112783469033230e-07 9.389391402032037527e-07 4.874639424017979712e-07 3.878662638387923108e-07 1.505980111837772411e-07 2.160416093233206362e-07
4.381918286427510209e-06 3.856103982965175897e-06 2.647554599244975925e-06 2.153546516078084551e-06 1.169574129400221221e-06 7.902291755018120976e-07 6.192428625466367200e-07 7.668932980925388319e-07 6.978996674083093525e-07 3.816932343771583113e-07 1.001333137111012963e-07
