1.420873707881210771e-06 9.295190384323067490e-07 7.219344596529989628e-07 6.360996744906180203e-07 4.201685342233303602e-07 4.759764369365167305e-07 2.273087750753237202e-07 1.099781394991965863e-07 6.364513149025009396e-08 4.952901749258927926e-08
3.524962418325599852e-06 1.498495582414225574e-06 9.483562123706358627e-07 6.928669419281218505e-07 5.829758881319403726e-07 3.088274110338979130e-07 3.600923187656519091e-07 1.503224588834098969e-07 1.001719157873994865e-06 1.936994635879819277e-07
5.756870951045627198e-06 2.586939151982693737e-06 1.914251556145214546e-06 6.426545779580962057e-07 3.469535412456890006e-07 5.290210840924745803e-07 1.472907796767649255e-06 2.923915447303479405e-07 3.911315701325953448e-07 1.093275422091481090e-07
6.276488888628543650e-06 2.508790500876072064e-06 1.057891298954755900e-06 4.050064004926240543e-07 2.836948577972259915e-07 1.754209430203232565e-07 1.577918197637825717e-07 2.279742718698324843e-07 2.051760590309490083e-07 5.732912628731759233e-07
5.982326682954869879e-06 1.452301792758226827e-06 4.782413798788624328e-07 1.199525897631353306e-06 3.925059067009590292e-07 1.648248516654852788e-06 1.295299087578802212e-07 9.651613364981255680e-08 4.693852054979390580e-08 8.873704839768819759e-07
1.622249381063158154e-06 7.815708614989902093e-07 4.780581449094108072e-07 3.230423596767721189e-07 8.064821847356305262e-07 3.220584885530523035e-07 4.589594765471657941e-07 3.820614332946979661e-06 3.571593248071620339e-07 1.879835793741669502e-08
1.661322448883162491e-06 1.540301023904691010e-06 1.686479315225568369e-06 5.398633382925598894e-07 3.685999618931470316e-07 3.391055227249341859e-07 2.657301150096762180e-07 1.264309212247980513e-07 6.456004645235545584e-08 2.458782516151661851e-06
8.512901593045082068e-06 1.264574627663565932e-06 9.738239586158507415e-07 6.991479126601715034e-07 4.619311454452234718e-07 2.950982346021291349e-07 1.897586997408336954e-07 1.034962430759130090e-07 5.807027685315445286e-08 3.526414876870635960e-08
3.283077989026373269e-06 2.031408077124494907e-06 1.112812991800816891e-06 9.205572496965968839e-07 1.544630301695724396e-06 2.282756445927196472e-07 1.176070357665361526e-06 4.665961397842290336e-07 7.391000988708392506e-09 2.818688823236762317e-09
4.002882152110161597e-06 1.324515147556530269e-06 7.963879299881350353e-07 7.065125278566459768e-07 1.183990107008632345e-06 3.466777744303018460e-07 1.452715177919491933e-06 1.938570067871659906e-07 1.052164858107537913e-07 1.126810677075379828e-08
8.575043716572557673e-06 1.682130149758220854e-06 1.831489213810432973e-06 7.194101153926882874e-07 5.219310300841398522e-07 5.607059270391694421e-07 1.791521599882354136e-07 1.906197894882010954e-07 3.280163460844077348e-08 1.594013404485075735e-08
3.302189873489021258e-06 9.856564160795283688e-07 4.775116960129274734e-07 5.614129168801086167e-07 8.122497392906459524e-07 1.769044469917476207e-06 1.091243141405408373e-07 3.651632923731415707e-08 1.448824193979536789e-08 1.480392726685283607e-08
1.589305157616141232e-06 9.436081556059598476e-07 6.232872737015612050e-07 3.127955625062488821e-06 8.559300315422309159e-07 2.498556429557173949e-06 1.888926944952610356e-07 6.062811174740650461e-08 4.688124997724308510e-08 9.030706210185498648e-08
2.706647232863849382e-06 3.801862234651588547e-06 1.350631489365218180e-06 6.679198943412247353e-07 4.332599966544300845e-07 8.718489779577494276e-07 2.244701374983104539e-07 1.182421814721443728e-07 1.107264084884681174e-07 2.593298518978689685e-08
1.439994187606453528e-06 1.531900968743952231e-06 7.669925257964832008e-07 5.200795470050622198e-07 6.074489706274740390e-07 2.050939963795669655e-06 2.050840609564963563e-07 2.259299859818382778e-07 8.301092440715681666e-08 6.976016951035241624e-07
8.563127918585226142e-07 1.697658186253494522e-06 8.884271670129361143e-07 3.820180299094030053e-06 4.143819791109809709e-07 4.082954077358600168e-07 2.503112190371307456e-07 1.444190539422517570e-07 5.353401453747160712e-08 8.340363580556020415e-07
1.004943208291652861e-06 1.056459647303663444e-06 1.332581381118588708e-06 8.908363130687900017e-07 4.078105295454375591e-07 4.800717937831053880e-07 2.009410506378844672e-07 7.564679464900074323e-08 4.026523615364098823e-07 4.282886596601565001e-07
5.586085801188203339e-07 5.303036157898219215e-07 5.037004379426114445e-07 4.396448472358476334e-07 3.468778068946233630e-07 1.368490288615788750e-06 4.589560208978532732e-07 1.329562662226992571e-07 6.142113427287031491e-08 3.145666495000201827e-07
1.266079933488505911e-06 1.100897480117797595e-06 4.759291091985365798e-07 4.114820377060089034e-07 4.656840419551264407e-07 5.893781892547500253e-07 2.401519803994997904e-06 1.203584412811046751e-07 4.213177873887378660e-07 9.294534947286685136e-09
8.239455301575697812e-07 6.309472946955570919e-07 5.545891899901240374e-07 5.217139186811880281e-07 4.074538797784013099e-07 3.262313480136832315e-07 1.481354274218314172e-07 4.022562547372090579e-07 5.234604675738633429e-08 1.189447185643438473e-07
1.399680087920827512e-06 1.238076872394732191e-06 8.238737422261187274e-07 3.957461807389214034e-06 3.114099153319573425e-06 3.299486931094479694e-07 1.861994183648637230e-07 6.942631463078236857e-08 5.330453514341222748e-07 1.656286167358447756e-07
1.012250302839126870e-05 7.581725848535282824e-07 2.760295369560298104e-07 2.162556471782312344e-07 2.154091125575065218e-06 1.079426767135472752e-06 4.310838389458209785e-06 5.476437439129809317e-08 2.208152787753364108e-08 2.541846163639048220e-08
2.362811053439598904e-06 1.563578339521948305e-06 1.987700982219263379e-06 3.726955480131900319e-06 1.015078740310772567e-06 3.609263461129621368e-07 2.061581186906831226e-07 8.839973401812600086e-08 3.603600114338877757e-08 9.853085321666920492e-09
6.337747859949422474e-07 6.856915873549938713e-07 6.428872128947248259e-07 4.271164964997426333e-07 1.474171731546793282e-06 2.731365377482197319e-07 1.133338338211395246e-07 1.013972973604011735e-07 2.755365132464426093e-08 2.302915469058527375e-08
3.283559100484043827e-07 3.302593813914819243e-07 5.835903082774115543e-07 2.499582066107370660e-07 2.029867809233852242e-07 2.370073907515029415e-07 2.318808463850042223e-07 1.033008631481052583e-07 4.725178125865749640e-08 2.954960436461108211e-08
1.856159880409851563e-06 1.210861927394299958e-06 7.848421014369594458e-07 5.429295870528677624e-07 6.566532725653859205e-07 6.344547033594122067e-07 1.521392971912528947e-07 8.352519828462094274e-08 1.103673213385622434e-07 8.702093908409410191e-09
7.020010817604779491e-07 5.039402539459916635e-07 3.458892774799628618e-07 5.519319776062806845e-07 3.069807102279061311e-06 1.829522915539974848e-07 1.324517271170987211e-07 2.330312718137950512e-07 7.434014518010409861e-08 1.878064338457516611e-08
1.172058330691677157e-06 7.400719642963190840e-07 3.090203038918217046e-06 6.983453683459109798e-07 3.135069193039999237e-06 2.576936035890775008e-07 1.786231751272399893e-07 2.174193080328802326e-07 1.773944983210435527e-07 1.910166637555690235e-07
9.590136179208491166e-07 7.563847143543674579e-07 6.132145323729330410e-07 7.168168613299171404e-07 1.440922785251256448e-06 2.882932144105565071e-07 1.681676127045057535e-07 1.093197081279590191e-07 8.047992244600122622e-08 3.910195626621203372e-08
9.774656244752820305e-07 7.252706141006571463e-07 8.265473347252719778e-07 4.814158096272848833e-07 4.237415918033658136e-07 1.161061137482744978e-06 6.453725735211781326e-07 1.400455089762442210e-07 3.403341075943168423e-08 9.027384105799578723e-09
1.204869884089078132e-06 8.612562391607183472e-07 7.233990732473253139e-07 3.618940072380050847e-07 2.557488687877477020e-07 2.013941581600518260e-06 1.733165852553873086e-07 1.188319835090280133e-06 5.913826943763181408e-08 3.333485294199309978e-07
5.521713754194505581e-06 1.935536835040500284e-06 8.391540386707932141e-07 1.340918960963985650e-06 1.151834899898930651e-06 9.278097006753791974e-08 6.840673746185385706e-07 9.413338745399477133e-08 1.133731110435787683e-06 1.431040036343141206e-06
3.557717953664285221e-06 2.337041574151068816e-06 1.217550488756152840e-06 2.047116073125249517e-06 5.402175530510044795e-07 2.761527692760985224e-07 1.364679264714174551e-07 1.086046080616461614e-06 6.598331073873676957e-07 2.141758134325104496e-08
7.951135440555785124e-07 1.271109433997656594e-06 1.036842519942060665e-06 3.190708830079329777e-07 3.124474985559044395e-07 2.661646867833752243e-06 5.585533023490724907e-07 1.580618142114118961e-07 6.278017281341872160e-08 3.423729832932753998e-07
7.180029195672198991e-07 4.379839369286079300e-07 8.710502959327978898e-06 1.031441525931689605e-06 4.653383088813277362e-07 1.524271550632021139e-06 2.682695099047989357e-06 2.404228624421909931e-07 4.172502649979548017e-07 1.383157737938014505e-06
1.174250649381911216e-06 8.339176981576948829e-07 8.536554328274401044e-07 4.408173106149004269e-07 1.823156014409759462e-06 2.583105170636829654e-06 1.437946830370489958e-07 2.404752983171437832e-07 1.598931888410512352e-07 1.464701725437266376e-08
3.815237917278953914e-06 2.968400069761126576e-05 3.236317396091877070e-06 2.077058005863012232e-06 2.799223488254456633e-06 6.303385071843245889e-07 2.009175102598234664e-06 2.717153551020231453e-07 1.827479085306380836e-07 1.786389498920838332e-08
4.713204382755312883e-06 9.031249887062128433e-06 6.320645435432521975e-06 5.260703384681234590e-07 6.903293526258918553e-07 2.759774841521468032e-07 1.102375089040872862e-07 4.823462522011744387e-08 1.861994029823646066e-08 5.812104831702498203e-09
1.657374927267398563e-06 1.811503262966201711e-06 5.154171092762955067e-06 2.975406370567469247e-06 9.658624206800967144e-07 2.571812099962297656e-06 1.253804775490790875e-07 4.778703086143289050e-08 2.635698014058698754e-08 1.777305705144559628e-07
7.003633797476099482e-07 4.845009902562193886e-07 1.069371885573727664e-06 8.826630127676179656e-06 5.420257868464051937e-07 3.402611509295782603e-07 8.504042633713199978e-08 9.492044541236663999e-07 2.346739018608549160e-08 3.407409840592056858e-07
1.858859970345075671e-06 6.335235086834813582e-07 2.352171916820447323e-07 1.593254538641203624e-07 6.150841476844785709e-07 2.149576041220812537e-06 7.520295481676424246e-07 2.313525156671373450e-07 1.316572176601952747e-06 5.867851444295197330e-09
7.205805994677908462e-07 1.816288109804881666e-06 4.491428576385422438e-07 2.477888095329679451e-07 1.820988822249815339e-06 3.342564598494156578e-06 2.559502842553325598e-07 2.094342386038641191e-07 5.751918808298880156e-08 2.071289897105855095e-08
5.885099441735381909e-06 2.466223942812163165e-06 1.097565520021981936e-06 5.143539517538058893e-07 4.922586196376672164e-07 9.980504545413519643e-07 4.984746072270301074e-07 7.853157968082831391e-08 2.631111518262918412e-08 8.299263096938687164e-09
6.276388691117810753e-06 3.963840415613931836e-06 1.880312958676701626e-06 2.622480877442998939e-06 5.077649026618193295e-07 2.416555306723155597e-07 1.501024038487120403e-07 8.138330471387668046e-08 3.560119680825751128e-08 1.768950672745039775e-07
2.772587444678947007e-06 1.956811008609872789e-06 7.609613468848528065e-06 1.473821943009880062e-06 5.431441998858953121e-07 2.153388774204878252e-07 1.298541886725983567e-07 5.993665073468876077e-08 3.858599058007182197e-08 4.602569847459935747e-08
6.918200653651823017e-06 3.467404342843707404e-06 3.661118807633606602e-06 4.176945772776144971e-06 1.842874490110998975e-06 3.756677665613806389e-07 1.216187944026132230e-06 5.976821470185607106e-08 1.579984353029960659e-08 5.437126082692348126e-09
4.093126718747346882e-06 3.713336367171167975e-06 1.813183019053692552e-06 1.289459427799074994e-06 3.093626953451933747e-06 7.026571868576010363e-07 1.568798526535399645e-06 4.207981321952600561e-08 1.159622483526479130e-08 4.810455283967831147e-09
3.583920157959404005e-06 2.301294223514941188e-06 1.952333434745684054e-06 5.803992075738583279e-07 4.572775825583928577e-07 3.007271058311700853e-07 2.045408761210161052e-07 5.667096023616523727e-07 3.443800371920292174e-08 2.819703294817986753e-09
3.234919590430770312e-07 6.209100088422938461e-07 1.698793620934588502e-06 3.290207839685018013e-06 2.994596991100501179e-06 7.753054365059960287e-07 8.319189702374989560e-08 1.107673300912118666e-06 2.420725407206440961e-08 6.612869756464000641e-08
6.865287263842549395e-07 9.615598000585133583e-07 6.404234562084657170e-07 2.364630865086255622e-07 3.007370072587490576e-07 4.123718597223313271e-07 1.890783224416156859e-07 1.038499753690411598e-07 5.943095408622443007e-08 2.020848659806033191e-08
4.855661893148803879e-07 3.191222935007165598e-07 2.545886566142358947e-07 1.733853171225052888e-07 1.455693713447277657e-07 1.038715860943279968e-07 1.030693440437615719e-07 1.797288760100391851e-06 6.194449599527863698e-07 1.676390596608900311e-08
2.673737419257318253e-06 2.554989249336575701e-06 6.777091494618548925e-06 2.632649094810383951e-06 2.101562926908284341e-06 3.678748777035231006e-07 1.053297996880493791e-06 5.465480413671105724e-08 2.831230851977980394e-08 7.015254922606706819e-09
4.153966277053908479e-06 2.995079541258750915e-06 1.478144942978141849e-06 7.495071991751153234e-07 7.630663026588744203e-07 1.199112770661009092e-06 4.900016731692138904e-07 1.511287700461624642e-07 1.094628569372787220e-07 7.294175857272306228e-08
3.596882777266844092e-06 1.192469434341856034e-06 8.485980162505231412e-07 7.280409063492682164e-07 4.367814307786686767e-07 2.863352075111809815e-07 1.585107215405616331e-07 2.511710517275526430e-07 5.106998901834042044e-08 1.637485447633743085e-08
2.793289939464039838e-06 1.712134985591975707e-06 1.059005684871277166e-06 7.318695414755405797e-07 1.143468050429823562e-06 5.937605457321180613e-07 3.180581607312770273e-07 2.009933988478814556e-07 7.889278315420364250e-08 1.709928932473604976e-07
3.131992415343473926e-06 2.863146120868428754e-06 1.840441480307692027e-06 1.161179245335736954e-06 3.931631331090634768e-07 2.261514235289578849e-07 1.273546901828073968e-07 1.107733283820498718e-06 1.218418829563258766e-06 4.160966618142202918e-08
8.222997313393824343e-06 2.319408051733486764e-06 8.414184882780211421e-07 3.856889552350502953e-07 3.100650389532990237e-07 8.619063059263509753e-07 2.071709348141539025e-07 5.021599647504902162e-08 2.397352746379459913e-08 1.688724354904395622e-08
2.669946243378825089e-06 1.779065612687252701e-06 1.034827915253994439e-06 5.683778629699048020e-07 4.209739224259723164e-07 2.347274464547114907e-07 1.589993090367602132e-07 3.369932048252412025e-07 9.387803697153378078e-08 3.974111014961013937e-08
2.340183366270670718e-06 1.771028695185853297e-06 1.637612374537392000e-06 1.271243235509616131e-06 6.809670171078380089e-07 4.523786319330949774e-07 1.729757375912231620e-06 1.619384709824927209e-07 2.569373603423883217e-08 1.165318854946037540e-08
2.909169231716814668e-06 1.888894621839758948e-06 2.172734063974995031e-06 1.791318044481082448e-06 8.560718580205293576e-07 3.549926483047254511e-07 9.805103543037242802e-08 3.190292487336057765e-08 1.505231509764521622e-08 5.111136198011566810e-09
1.087570063027178436e-06 7.532828292052669183e-07 4.460318194031215731e-07 2.891660626816223383e-07 1.838805930385561555e-07 4.502821240697955759e-07 9.468923896808666967e-07 1.692900775913317965e-07 3.504558719037116343e-08 1.816163124771036723e-08
8.534438560393307136e-07 7.696562020643228993e-07 8.842553174816189743e-07 3.513920946682666944e-06 4.001894381437922718e-07 2.288684768872888643e-07 1.979626642183711117e-07 1.165015763183948843e-07 6.253371207082465674e-08 3.774123567726532894e-08
4.054524046439374709e-06 2.182774033139775917e-06 1.585856537891152695e-06 1.001449045164741120e-06 5.320390664275496127e-07 1.946357866552642525e-07 1.862945338525953480e-07 4.539427775661124210e-08 1.575866749751119610e-08 1.122140709061364982e-08
2.681725113176289606e-06 2.242481446801154206e-06 2.875436007822272790e-06 1.498901101001818823e-06 4.181890704616175798e-07 2.019541416049312556e-07 1.875117280622118811e-07 3.558046577305540340e-08 2.154084683217547121e-08 9.554082998385896705e-09
8.089819469399728646e-06 3.136442110699774895e-05 7.696236120434313445e-06 1.284695113490832634e-06 6.933080475208710146e-07 7.767562037728266862e-07 3.839834300225006124e-07 6.249738786299955273e-08 2.480278295619136080e-08 6.762448195600534235e-09
4.032714325270371782e-06 3.793050686059656737e-06 2.078156714096893118e-06 1.054264322234769978e-06 3.036015424669368496e-06 8.452212925751375110e-07 1.114174348402885504e-07 1.158398232144042124e-08 1.202114193467176703e-09 1.580883087966514538e-09
4.187187077364856834e-06 2.088254532295144611e-06 7.952038846196917734e-07 3.869209177781810446e-07 2.087432670325305064e-07 1.640344304319990286e-07 1.100620757583694862e-07 5.970793239366336570e-08 5.267403635919416269e-07 4.546246089497067246e-08
1.313502518737160946e-06 8.517363255675237069e-07 6.743548132117500203e-07 7.094092201586474980e-07 1.144363734159727918e-06 2.212908319233900708e-07 1.170331714041539021e-06 6.558877059763164514e-07 6.671836040865988420e-08 2.114114087836243824e-08
5.147790372810015540e-05 2.155358672384965620e-06 1.093964458774890577e-06 8.069573198649628712e-07 5.048936320194369806e-07 2.620283534906140088e-07 2.192298712726040481e-07 3.549762450530444362e-08 4.542457460049329230e-09 1.097491656491679188e-07
7.869801451797287645e-07 9.639764812776141644e-06 1.982283486559421725e-06 6.345779860384820916e-07 1.905249416604944992e-07 1.902694373285109471e-07 2.368622920179785491e-06 7.231769658043625738e-08 1.259734259408142464e-06 2.172813683254774228e-07
9.022196455725374394e-07 6.846411840608706216e-07 6.625462556660898560e-07 2.500931608062777792e-06 5.486320657957062278e-07 1.888126240644757482e-07 1.088240123491143563e-07 7.795779976776003480e-08 5.984739772979309604e-08 2.326733108092366046e-08
3.677478013243414522e-06 2.233769266462578041e-06 1.049214244920045334e-06 7.246737176908456572e-07 4.746398174195173581e-07 1.462623594237895150e-06 1.007039555011927121e-07 5.693542443866521066e-08 3.297845445280900875e-08 6.467320377841189124e-08
7.183141731624057206e-06 1.957625014216188056e-05 2.185641794539043375e-06 1.006231213299109394e-06 1.872147488797190920e-06 1.862502450331171673e-07 6.492666431418812629e-08 1.996647200787482213e-08 3.398148384470564743e-09 1.477072885260806223e-07
3.667264314193662605e-06 3.101646678136307298e-06 2.875680358665514588e-06 5.736837088436582522e-07 4.325025315102680109e-07 2.133991154388017022e-06 2.470452338256107407e-07 6.532498269650480167e-08 1.364472132360400865e-08 3.058341196331927356e-08
3.061465519122543858e-06 3.485531470087343009e-06 1.498797164936206707e-06 4.262581455404865894e-07 2.730300617336201192e-07 5.114776046842897165e-07 1.432430332419673706e-07 2.195000971596765711e-07 1.675119065862369634e-08 5.026325711328275946e-09
3.838053623589100986e-07 3.173380760839480228e-07 2.423196721088534647e-07 1.817806836474492935e-07 1.431689424704168511e-07 2.521197967391030677e-06 6.347405319172516595e-07 5.220537108004110404e-07 4.684165267410829752e-08 2.660125144105205911e-08
1.305935492647221751e-06 9.375701762189464235e-07 5.504537358711148931e-07 3.961326609491437766e-07 2.724439395177201078e-07 4.526882367860702052e-07 1.738036083817181650e-06 1.696747570020660003e-07 8.383169926684318144e-07 3.279051768668442937e-08
1.813564337650845298e-06 2.014943391767498600e-06 2.439407254900810800e-06 5.577908278746927580e-07 3.242961674169332587e-07 2.623599257063758412e-07 1.565686599579779955e-06 1.737302365799264182e-07 5.683662132900874403e-09 5.337385849406561430e-09
1.924129026164535275e-06 1.207196711616608954e-06 2.191613122243662862e-06 3.510222958185359957e-06 4.686560551470970640e-07 6.456293227055617895e-07 1.361173286143784968e-06 1.547876140047147165e-07 3.440774801104207225e-08 4.529788262582849096e-07
1.182467385007465183e-06 9.941148079228847143e-07 1.980454269495902166e-06 5.280642422441970185e-07 8.067977983368704073e-07 2.273702830808677846e-06 6.193565354600850425e-07 7.223868209011730475e-08 4.609916658081215427e-08 2.976154492560399374e-08
1.114764431687776927e-06 7.851715549516337422e-07 4.119611329960168522e-07 2.366418490640568572e-07 2.691890384697363565e-07 1.221853554625835137e-06 3.135671505876349896e-07 2.458710463615003740e-07 6.912163730148134847e-08 1.028421401192433299e-08
8.659619033013960553e-07 7.783306998617288662e-07 5.535319342651420256e-06 6.219692442893532979e-07 1.990689112569186343e-07 1.444209149967921565e-07 2.054054998098755543e-06 2.557907840334098130e-07 4.273307401032778008e-09 1.010346541193496331e-09
5.466043545607941530e-07 5.729548574193842185e-07 4.327995262100277870e-07 3.150068515717910983e-07 3.497885534425287662e-07 2.745302451736510708e-07 1.289911309197903132e-07 5.885527493515222785e-08 3.683961898115835955e-08 7.683049328717083287e-08
1.146125261499993692e-05 1.983034992062116095e-06 8.758802229127136720e-07 4.516189262267160828e-07 2.324153895363708176e-07 1.567028331293847063e-07 1.067607959796036717e-07 4.286573289946586372e-08 4.176984733879620086e-07 1.106967010792476407e-08
4.532684788218413492e-06 2.992020649142834477e-06 1.402466238205765316e-06 6.462236838842252028e-07 2.843796089766418692e-07 2.226487357188555961e-07 3.097787017118785286e-07 1.128400373205658246e-07 4.285462705862666991e-08 1.050796339726718760e-08
1.978222186286091920e-06 4.161936536412866190e-06 4.902818439135327450e-06 5.069447405084032470e-06 4.462888920955132472e-07 1.543623991720568307e-07 6.741853698946119394e-08 2.851869932708126847e-08 1.408319124124355375e-08 6.588354354797557848e-09
2.424793977988404993e-06 1.184672120380532245e-06 9.363125218312268202e-07 8.201108360835176783e-07 1.369802690365654608e-06 3.844485811121501458e-06 1.178755423369644856e-07 7.585343131099800600e-08 3.272514544013717261e-08 2.678775041922885880e-07
3.771617600431903710e-07 6.894069644554998841e-07 4.740169905041865074e-07 2.806600278394749436e-07 2.259631933330933856e-07 4.530248152104509067e-07 3.153680872457584503e-07 5.995422462726991886e-08 4.012162171766821431e-08 4.624867669477495874e-08
3.628057448729033056e-06 8.775802757504368789e-07 5.122138044533753779e-07 3.088674873077638382e-07 3.147740093755336351e-07 3.132422562268791682e-06 2.263576220930438425e-07 8.867551469423819923e-08 4.512796657966959273e-08 1.847416817588965172e-08
2.793889869964147998e-06 1.590146779002970965e-06 1.121680719669777152e-06 4.275293529473923715e-07 2.557922025603007902e-07 1.767286571160266198e-07 6.219119254393601023e-07 1.378641870301823378e-07 5.590675292931437556e-08 3.632839460316435247e-08
2.230297769994357295e-06 2.057762747047229376e-06 1.887925623080452297e-06 1.257988426752710334e-06 7.313781732524542707e-07 2.272127716380415974e-07 1.392509990825945569e-07 7.012293799818045287e-08 4.982807056935928515e-08 1.150856325180222333e-07
2.520585083963785690e-06 3.589615130331961471e-06 9.639701787727056267e-07 6.110562819236540416e-07 2.967658071406675159e-07 3.081301844851028357e-07 1.164711319489047732e-06 8.517444020185656744e-08 4.041978552697478006e-08 1.860683725898957492e-08
5.226909955130009386e-08 5.428623967269047904e-08 4.869550079794788512e-08 5.774537293392990980e-08 9.815294497722672960e-08 5.746200625145998173e-06 1.285057138850361510e-06 4.240802285539570622e-07 2.403291395610192848e-08 9.695077313798246071e-09
