4.989891304511640168e-06 4.349118206649340302e-06 3.477104763916649467e-06 2.829780253578749068e-06 2.125715874048169090e-06 1.481661742572282207e-06 8.901304195509015221e-07 5.678442009197375140e-07 6.776842375735979879e-07 3.131755734883596358e-07 4.435708568981794724e-07
1.058735362317970276e-05 6.357709458603990744e-06 3.636177285906710751e-06 2.441896665889575542e-06 1.969428838416353480e-06 1.527105335685430429e-06 1.071504161051237009e-06 5.264073546237115960e-07 4.079851404454124226e-07 1.028530913807245893e-06 3.798475821596972296e-07
3.174969704765893007e-06 3.494893631655065284e-06 2.663903365040064925e-06 2.337815244028299912e-06 1.919638287786083721e-06 1.377407102400481485e-06 1.379363876468888339e-06 9.462922190158233045e-07 4.467492710206221315e-07 7.763174465950342454e-07 7.831461933470376858e-07
5.962320187535961930e-06 2.591987003492877770e-06 1.787546160289788165e-06 1.902770389853703192e-06 1.459029205561185887e-06 1.209125215502076961e-06 1.206259223570114997e-06 6.859700231195716954e-07 3.521474085481633616e-07 4.273741317286328799e-07 2.391037492090765943e-07
3.620136957743295117e-06 3.039650610587560154e-06 2.679701841952553931e-06 2.431395706266080592e-06 1.948562593394547956e-06 1.394621008032181251e-06 9.130652570156588430e-07 5.604574995382459853e-07 4.785830008904938022e-07 8.607799170084599260e-07 6.237673180528600358e-07
4.700551214020909641e-06 3.915536837232742355e-06 3.347124120529671659e-06 2.561453605742972519e-06 1.982565981095575416e-06 1.497236733921155728e-06 1.010120158063127604e-06 5.784932376370143872e-07 3.241441481974790628e-07 2.764657565255984993e-07 4.627501638057864068e-07
4.233390601132985961e-06 3.947054706227162055e-06 3.204136795248655115e-06 2.605471880226763783e-06 1.985019715986715981e-06 1.455347175306594363e-06 9.791088714463467294e-07 5.511922404008181350e-07 2.997729558244311594e-07 3.548697398823376049e-07 8.154219423844737958e-07
4.181887285263075806e-06 3.134009224085389796e-06 2.618177232277079909e-06 2.060809820531740468e-06 4.499078991366244728e-06 1.725070995284409666e-06 9.129333507230169861e-07 7.362256772792439034e-07 4.018350835473658274e-07 2.978021008965425268e-07 3.993651084994670570e-07
4.536688115761925928e-06 3.883286554650944694e-06 3.451827420359898447e-06 2.461255860004374947e-06 1.976474988055835940e-06 1.485703114371766456e-06 1.170812854647915952e-06 6.272532857569684238e-07 2.928641770200644119e-07 4.012834737882854975e-07 1.083168104608676587e-06
4.928056586381752821e-06 4.521146204988813666e-06 3.609575282090997217e-06 7.244415248952886531e-06 1.975670592143475985e-06 1.575745963820346094e-06 9.805769769876792729e-07 5.362710853766994692e-07 2.635995110285504408e-07 3.620937857488048134e-07 3.036969371932022920e-07
3.775423622422743792e-06 4.745143856148831686e-06 2.611133097633044440e-06 1.988464854771132322e-06 1.504906560856372183e-06 1.113482966052264105e-06 8.279333957597246653e-07 5.089071904861975932e-07 4.797315504433463945e-07 3.375949178854829390e-07 2.436555367884929179e-07
3.608985009059840151e-06 3.428657025848496362e-06 3.271053799512516894e-06 2.680578678653912990e-06 2.182525948668014190e-06 2.552861930865668007e-06 1.175928952003376729e-06 9.840297867766041386e-07 6.020752141507646699e-07 3.985909936028884851e-07 2.378642581233779203e-07
4.773487911948749742e-06 4.048874784603416432e-06 3.545118892400134633e-06 2.673500144098371863e-06 1.953239097635712248e-06 1.532920378250644870e-06 9.309877283450271359e-07 6.002560160207938154e-07 2.830902735309286821e-07 2.403051474374992777e-07 5.284289743092113476e-07
3.705456438633968676e-06 3.569738703326359884e-06 3.206471187863082431e-06 2.624520942674008655e-06 2.207784604461114902e-06 1.653818838993984576e-06 1.033837507389660945e-06 5.073360806844915696e-07 3.799297189557579615e-07 2.414231453530493945e-07 1.012299042047768818e-07
2.255922181596033120e-06 2.025072774842414095e-06 1.808048055158793087e-06 1.733178159292957414e-06 1.380127319850317556e-06 1.103153401364427380e-06 9.450561450559195390e-07 9.280717377338136789e-07 4.872098509375952929e-07 3.324541192154559080e-07 2.104273379225602683e-07
4.353824759951081903e-06 3.922533002235070486e-06 3.292081970317974714e-06 2.600931558611812610e-06 1.966448893031616078e-06 1.487848014844542956e-06 8.788156891202045725e-07 4.908208435981573407e-07 2.092043777603628846e-07 3.551239197975860703e-07 2.799482282774824280e-07
3.583993350849212498e-06 2.981739437305773798e-06 2.442816449273228678e-06 2.806291666560569554e-06 2.063850078378780230e-06 1.423980835430442326e-06 9.357348097530861438e-07 6.119752462750332040e-07 3.879993615728976607e-07 3.170331975257899091e-07 1.133558562772044424e-07
3.662679106030033576e-06 3.099696920870076472e-06 2.759840303328131679e-06 2.621474977512048764e-06 1.822450303738581553e-06 1.340463450576698036e-06 9.691165672560123460e-07 4.703335198639211004e-07 1.911697769511685462e-07 1.261610996728117137e-06 1.483582816092348507e-07
8.582296707341388153e-06 4.673401104045308421e-06 3.660574798585535668e-06 3.587859205164782341e-06 2.519653486144066996e-06 1.394984995823263167e-06 9.052675662836665869e-07 6.291772585251411897e-07 5.422689156629584796e-07 4.971466907920249718e-07 1.020492333452163254e-07
3.699402143743220951e-06 3.232582471127629041e-06 2.323244295142519970e-06 1.855252154074008575e-06 1.574963117971630323e-06 1.200354954216509505e-06 1.532397965019306489e-06 9.197906079753698583e-07 4.414940713598735038e-07 3.085101279057245866e-07 9.317589650536968375e-07
4.962587503001156006e-06 6.136270917120653358e-06 5.096113168384265517e-06 5.201519419809314904e-06 2.746018637931499285e-06 1.411766551678836428e-06 8.819709937871813920e-07 5.045283470049082560e-07 4.911120611409036861e-07 3.279688758455216155e-07 1.221793812386233731e-07
3.882219937485402052e-06 4.114356043705643504e-06 2.612963688627001108e-06 2.074635669797914049e-06 1.665395353219676461e-06 1.494729284556432025e-06 8.823524146977447452e-07 4.872681402239000548e-07 2.403754701221959022e-07 1.505090409991002701e-07 5.140083735787661340e-07
6.192257136497612728e-06 6.126207240380893673e-06 3.658359745635798996e-06 3.352416617054338337e-06 9.036239401903286178e-06 1.667113868608461253e-06 8.879557944639458402e-07 4.361328555129588203e-07 3.145755824856097753e-07 5.434915197046747761e-07 4.224541161484762757e-07
4.457079684001398938e-06 2.966076736420451233e-06 3.198846115332334511e-06 1.942159958247441645e-06 1.528885724971345383e-06 1.278018327077283681e-06 1.293769100356472692e-06 6.671650498181211696e-07 2.565866961161086582e-07 4.439719244106177655e-07 1.665977846306193160e-07
4.202966814497269682e-06 3.424693391721672351e-06 2.846050500937566964e-06 2.301183640911005573e-06 1.838225985790364283e-06 1.484764333328665152e-06 1.068151778717851513e-06 7.654063172776444333e-07 2.335723864957241722e-07 1.548237523942387642e-07 4.089425878202976975e-07
4.361328125444608784e-06 3.917798336898912757e-06 3.998920852476283017e-06 2.547274019712533895e-06 1.953178388056853433e-06 1.460598448389861444e-06 9.860117245422814313e-07 4.932345247968496098e-07 2.545472069212824152e-07 5.694892078823397502e-07 2.253464487614956648e-07
4.597769162656656357e-06 3.374966074084488411e-06 3.810578690687515023e-06 3.375129784599942986e-06 3.028333505951629415e-06 1.603741905428858143e-06 1.092626805020830937e-06 5.030283305285178034e-07 3.200841615288532769e-07 1.203453239887620374e-07 1.417795428480578266e-07
1.516545173303283273e-05 4.854799405248252593e-06 3.983196459164599895e-06 4.032713839238751761e-06 2.904312493608444289e-06 1.676789393622371371e-06 8.492995855257209960e-07 4.609141603470494810e-07 2.150916571699584094e-07 2.006503556575834712e-07 3.263859284548404389e-07
2.615858997310460062e-06 2.047448822927559888e-06 2.171792699332401554e-06 1.863006204197527923e-06 1.673198567954676770e-06 1.276850685107659527e-06 1.760818282565643284e-06 5.781798064444685127e-07 3.778865718850000938e-07 8.751336946445426355e-08 1.470440396474024344e-07
5.115716611961001449e-06 4.445439675166202119e-06 2.989650548529736221e-06 2.430834351610772876e-06 2.022160035854825509e-06 1.594511601316853201e-06 1.141829668496798232e-06 4.891231219029037904e-07 1.186992145186913241e-07 6.651531156091989541e-08 4.645307639079465338e-07
5.810163884964646585e-06 9.845624538211495747e-06 3.210269302025377764e-06 2.288906152503772942e-06 1.528624823564508084e-06 1.670974699172700686e-06 1.220856042291947088e-06 4.332620523284191669e-07 3.009319013849575181e-07 1.161720082745020623e-07 6.860484915597230882e-08
3.232979970800241768e-06 2.781811951263882563e-06 2.995379722423444552e-06 1.977997960363944820e-06 1.701876349805286751e-06 1.489719665853112080e-06 9.233698200998921022e-07 5.745589898436477435e-07 3.428808271240530501e-07 3.143100425203390697e-07 7.295792661226749710e-07
7.371628353127104608e-06 1.149765215424435960e-05 1.320693816320510328e-05 3.269191511462747429e-06 3.297321918991470128e-06 1.399518076040697217e-06 9.376484140315558941e-07 4.615585866748942706e-07 2.266043855927011958e-07 2.668364866829597378e-07 6.440357880339781006e-07
3.436580765425928242e-06 2.947614699497100781e-06 2.659212833682346614e-06 2.638998478852851896e-06 1.821629437454836162e-06 1.587305082361667019e-06 7.885659997286201416e-07 4.778904565805020788e-07 4.608623106147603936e-07 1.029871617956353017e-07 5.253046412251361817e-08
6.722477233652869606e-06 3.575530442312545421e-06 7.989195697619943043e-06 2.694223865295919469e-06 2.418147286469225746e-06 1.451619123407337528e-06 8.995000585485326336e-07 5.289631430844077455e-07 9.660857423458106270e-07 2.018141740970693990e-07 4.767360367434527686e-07
1.734623107240273801e-05 1.985703067890687022e-05 2.998807919580105356e-06 4.904018307487008788e-06 2.850636867841066743e-06 2.144383095966200682e-06 1.627708995337977596e-06 7.219457549457734631e-07 5.125610304201827200e-07 6.193982330013989777e-07 7.523593903519427777e-07
6.258474721536745698e-06 3.087368768820884268e-06 2.508957506063058050e-06 2.264902910766149222e-06 1.624778156165575303e-06 1.280720329470310622e-06 8.895612611518684557e-07 5.500359836639584296e-07 3.325280456056289040e-07 3.098438371817950511e-07 1.356633417256774332e-07
2.621969134564878332e-06 2.565270186167254154e-06 2.626876605955083800e-06 2.376893216204960814e-06 1.885663145106233428e-06 1.429683419337632351e-06 9.290881789776543463e-07 9.870501396093950106e-07 3.627346472732757403e-07 3.643454591683727280e-07 2.747296889713158736e-07
1.012065795300273230e-05 4.422719595488817692e-06 2.775344753822899236e-06 2.318629883247432515e-06 3.522723099979498100e-06 1.695351051226887196e-06 1.698782302498756195e-06 1.054279174525798094e-06 2.618365066414174450e-07 2.703466214730796077e-07 3.314591489011569343e-07
7.353932624277144717e-06 4.212864992128466942e-06 4.278891974073381557e-06 2.466757481592085416e-06 1.892110903465435618e-06 2.420855167588977244e-06 1.199228042171337365e-06 4.854744105363706718e-07 4.661379815850714899e-07 2.297551134013445868e-07 1.261350594998795509e-07
2.895269017039937807e-06 4.136900459451654289e-06 2.513284958954813233e-06 1.940124622722813470e-06 1.636974773544270790e-06 1.265890204850357830e-06 8.718399401157937426e-07 5.767847078350238552e-07 3.579691843385276493e-07 5.826275058457967940e-08 1.587376224030233654e-07
2.999708946417596878e-06 2.922020617218795675e-06 2.833710110722062669e-06 2.594967949797109911e-06 2.691211428521749546e-06 5.928538282580095413e-06 7.691821528652107315e-07 3.801989485834163080e-07 4.234800202290240479e-07 9.171533928089221553e-08 3.774431810669417766e-07
5.285764421020970704e-06 5.310025414636624937e-06 3.690730291462939040e-06 2.636293584025983247e-06 2.383572811743942772e-06 1.835265340204733031e-06 1.310254743279649009e-06 5.031925251992786842e-07 3.191967710528255134e-07 1.894989191241690403e-07 1.553984520371063410e-07
3.931800540103589631e-06 3.135455221845485387e-06 3.698380611814524776e-06 2.976388828206608405e-06 3.257450265724042543e-06 1.635970784940135622e-06 1.228325430300465543e-06 5.200141057288093004e-07 2.133703238502299321e-07 5.726236115480121301e-08 7.030902650139882327e-08
5.367621007833131169e-06 3.885659430573126551e-06 3.024507708177452575e-06 2.590160132709277441e-06 2.030688404980442504e-06 1.338070723110990902e-06 1.632090554768279897e-06 5.364799825966385577e-07 1.653463997202427247e-07 1.119539943572974123e-07 5.550092376774171040e-08
2.586966740008206495e-06 2.352265183358108089e-06 2.189368931928719756e-06 2.086770995597842631e-06 1.467108579820800754e-06 1.098240561984659909e-06 9.311531776345922734e-07 5.025303700476558797e-07 2.571547791813614747e-07 2.504843602755427199e-07 1.154125939384185066e-07
1.794806481132415579e-05 1.359365101733372045e-05 1.374927978543543556e-05 3.756099122916285423e-06 3.054718718596346434e-06 3.932171835310607641e-06 1.446243308496689738e-06 4.681614653054401322e-07 1.084812465772259637e-07 1.492829339856276504e-07 6.371633184905254765e-08
7.098201688897875520e-06 2.487836650091485374e-06 3.222179293973005376e-06 2.530689761683723504e-06 1.832080222187572947e-06 2.028083972868486593e-06 1.010928007555938836e-06 5.067095592010983313e-07 1.815784071524590554e-07 2.556869417829734365e-07 1.328499661197036863e-07
