1.571114613848781696e-06 1.172752548386471112e-06 9.856946832087487564e-07 7.883608644417469096e-07 7.115269794911448738e-07 7.282083281974376661e-07 5.826340595995688076e-07 3.885645023076639714e-07 4.211310360239785621e-07 5.078608746574458939e-07 3.560558070422397432e-07 2.271558030382604512e-07 1.392893740651088592e-07 1.034619880924872626e-07 7.810142085486612984e-08 5.309112861192506588e-08 5.111032092917447868e-08 4.621789431344222268e-08 7.390533910819023249e-08 3.242193322647678347e-08 2.270692180309913903e-08 5.357443551108225882e-07 4.713590181080906468e-08 1.591089076728160302e-08 3.507100560812612173e-08
3.021546824478531496e-06 3.187754260849062744e-06 1.337282544420284075e-06 9.039107742355911507e-07 9.027705840387526879e-07 7.902056976425310180e-07 6.297453030032831983e-07 5.846028477981664896e-07 4.760440457359523339e-07 3.126156870255105423e-07 2.900128664349000749e-07 3.375088501208096293e-07 1.906410352562212337e-07 1.590389210474839823e-07 3.033199807361013559e-07 1.251940120305755691e-06 9.194660523099216389e-08 2.329965999717354469e-07 2.380791226080444584e-10 2.100989167280291531e-07 4.718673788939485346e-07 5.903248001045329608e-08 2.901460613835892389e-07 1.022529238336813731e-07 1.035188267990540691e-07
6.604089589948263803e-06 3.723313597907831786e-06 2.360770956020626532e-06 1.608934013615035911e-06 1.785378805569206322e-06 9.966559089243933777e-07 4.538461123882599802e-07 3.275317646970350211e-07 3.338439638680564171e-07 2.237671511290301300e-07 2.276983942625000999e-06 5.480869912916331493e-07 6.052222682646437289e-07 2.527039968790566057e-08 6.227438167562299584e-07 5.726562612373086514e-08 9.026111756456083084e-08 9.975445390370909625e-08 3.659869524973983581e-07 7.801360722420271063e-07 3.529356912585565644e-07 2.132777490439751731e-07 6.096606644948481565e-08 2.654713018755699259e-07 6.400269356910724700e-07
8.830317188898048112e-06 1.922029522900644335e-06 2.045250028579268597e-06 2.389936313717465803e-06 7.133410505423826760e-07 4.920158894256238363e-07 3.755686817107011949e-07 3.285804794803470758e-07 2.212045167459146494e-07 1.833989777212713807e-07 1.939668737309402211e-07 1.312979862901484537e-07 1.383499397130637366e-07 2.113285399545760300e-07 3.191070875544793854e-07 1.018211040207897246e-07 8.440291849795176610e-07 5.671803943508846032e-08 2.181023502985990213e-07 6.894123569511774750e-08 4.057823123413429656e-09 1.510655300070012831e-07 2.997356877947695661e-08 6.365941818784711416e-08 1.469454647414474438e-07
1.748848787399395027e-06 1.309082564494926807e-06 1.155367915309760752e-06 1.105854461413872105e-06 9.460366819600235396e-07 7.261533345209702063e-07 6.455037406118162562e-07 5.929432059059770107e-07 6.819082276656789285e-07 2.822786013690776309e-07 2.576384533955733557e-07 1.985519539288679287e-07 2.191823138218187954e-07 1.396707482497030558e-07 1.142424606274433872e-07 3.009492975353758522e-07 4.025291515775453215e-07 8.142420647014531433e-08 1.989416296777024715e-07 2.763277196573851003e-08 2.035393405532282631e-07 9.668334467116868124e-07 4.132609829637220041e-07 4.193578156492784210e-07 1.256717950228009220e-07
5.590561033675070743e-06 4.936331511059012918e-06 1.081065923095233250e-06 6.152536016931600884e-07 4.599864899497365928e-07 1.754084473066362458e-06 3.991487900992825603e-07 3.954385945756640598e-07 3.472910880606019360e-07 2.365029485201491702e-06 2.527602500600117567e-07 1.246939440022494814e-07 8.797048684008193250e-08 7.701528394365325371e-08 7.434259474326167266e-08 3.934527612985123730e-08 1.341427745829902911e-06 2.764814288388526902e-08 3.163556405891536822e-07 2.537702508711218452e-08 1.795477067136935895e-08 2.959976188304021554e-08 6.861006692321019838e-08 1.243880728319321878e-07 6.510591685834302134e-08
1.600358876298396013e-06 1.382179543424213254e-06 8.150760308222382964e-07 6.155575389429131630e-07 4.664174060654807064e-07 3.674959163664434304e-07 3.135448772949418453e-07 3.507719320857509991e-07 8.889160582651119843e-07 3.200078360604379216e-07 2.411503814679455928e-07 1.620965146025070385e-07 4.834237751376569947e-07 3.647430841753207926e-06 2.747119322620280031e-06 5.012324572337985516e-08 1.651667433617053561e-08 7.058680211091788691e-07 9.664533550098265972e-09 2.669816089581502056e-07 8.407275451421565865e-08 2.276792473033580798e-07 3.741573378067649858e-07 1.615295449556230125e-08 3.584114156114142578e-07
7.577366910404302487e-06 7.323475041535930286e-06 1.770275856127767611e-06 1.110313411654544319e-06 9.421749395367183985e-07 8.146628076471101780e-07 6.088973470435654631e-07 4.476351122733173692e-07 3.987839502901947681e-07 3.019605747415529432e-07 2.285971799730432393e-07 1.912902243210606980e-07 5.592286651796334404e-07 9.402459995065319862e-08 1.843220048137398299e-07 3.726867077687657165e-08 1.587693546367614162e-08 7.249843643906191224e-09 4.991762847834445928e-09 1.033311612984442395e-07 7.842272852556735335e-08 2.501713738042702540e-10 1.675628219299469284e-10 2.369471237665176021e-07 3.357799473394239155e-08
1.650527299931110436e-06 1.410216462072499735e-06 1.285148735904593978e-06 1.463185113408371864e-06 1.568119010725944079e-06 8.230246413630487181e-07 4.533370126712274693e-07 3.714727047553013888e-07 3.504306494934518221e-07 2.901374598419259970e-07 4.692704120587078850e-07 1.915671841517129875e-07 1.578795681132386993e-07 9.162162883395696745e-08 6.795225806938459282e-08 5.628302869951398442e-08 1.022670696594560161e-07 3.541862607551855001e-06 4.997832001103795172e-07 4.917536188162765338e-08 7.647509533383448672e-09 4.633178628176623667e-09 9.917896586307107571e-08 8.388020270036942957e-08 8.108856525435615836e-09
7.818604418889826452e-06 6.301584726025881742e-06 1.258923829426030539e-06 1.011748191421415613e-06 9.601988169451994884e-07 7.325879379063903211e-07 6.536824049464799088e-07 5.215261162510822491e-07 3.962911087082515283e-07 3.196960342726335389e-07 2.383301783515044070e-07 1.842124961266860143e-07 1.406246150111743067e-07 9.176674832852093732e-08 6.668876490019158361e-08 5.139680681659394276e-08 3.638025738947914754e-08 3.724975751800304985e-08 4.454582283876876127e-07 5.144825526254464198e-08 4.983125032723140950e-09 5.246860624998379147e-09 1.672351014453490100e-07 7.031540559354134093e-07 1.627033599468387631e-07
3.667529826565576204e-06 2.465880140261170255e-06 2.106053282288569073e-06 1.194119381349623469e-06 9.658556905886268362e-07 1.028376183265765347e-06 7.776240737608039897e-07 2.025311993595626897e-06 5.982607405486882986e-07 2.245477985390130045e-07 1.236198850702773154e-07 1.324711211529142601e-07 1.903859078912562480e-06 4.408347688731634987e-08 9.842283861007375171e-09 5.164472043088555139e-09 3.012907097249461919e-09 2.556333360157575505e-09 6.018323478135628111e-08 1.374684073671621255e-08 1.692970101011143930e-07 3.379747476712082859e-08 1.453846773648028405e-08 1.107555817471636911e-07 5.364122296509409681e-09
4.841119509816806206e-06 1.969476250454297631e-06 1.317897359424730660e-06 8.105106080539438805e-07 7.615798800486572873e-07 7.778084387167514446e-07 6.589660160259232626e-07 1.404647014062528120e-06 6.607601209591208774e-07 3.594929833009827482e-07 3.512177271718846946e-07 1.893065989472118912e-06 2.941297893932182404e-07 1.766049520201785715e-07 1.545485763873922524e-07 3.731972580625508812e-08 1.331544155992609927e-08 1.210489995009875468e-07 1.087645552779850648e-07 6.209419570567042025e-07 6.451107184635473250e-08 2.146095221457093345e-07 1.744696577450131754e-07 8.796481677950229406e-08 2.964759661162995259e-07
1.159274396897610576e-05 1.867462524850315748e-06 1.709620616635241613e-06 1.393480520418672016e-06 1.988385097309143661e-06 9.528232529809930831e-07 6.305441003579528712e-07 6.092684246843800190e-07 4.398044703070628070e-07 4.677463502323907260e-07 4.668891172355279337e-07 1.537364636385913537e-07 9.880391059866468281e-08 2.124628483335615408e-07 5.041121223686086750e-08 2.199036835832145135e-08 1.922507338245660300e-08 6.626486948395135397e-09 3.087867937334436050e-09 3.065708241047924773e-08 2.396881646193655867e-07 8.919257049873645490e-07 6.432084222127178659e-08 8.297217512096301128e-08 2.518086494034492596e-09
3.151697273491906754e-06 2.297511038463958105e-06 1.019870116108208654e-06 5.764719095122052332e-07 4.744427055771502746e-07 4.356532871775919178e-07 5.526106084266011079e-07 5.771134205111086031e-07 7.864716533292568357e-07 8.040456822382163267e-07 1.835881487354585508e-06 9.593883669494514781e-08 5.955523213161345578e-08 3.206164399379622333e-08 1.852346040839466993e-08 1.126414756189101647e-08 7.279773966169904868e-09 1.312823424979377351e-08 4.620236355354571794e-07 3.113104021558473146e-07 4.075133699708007591e-08 8.609477748707977951e-07 1.254749602562734651e-08 4.643945076371080425e-07 3.435242388666320878e-07
1.584595581954018713e-06 1.476572580857686962e-06 1.046589590971031369e-06 7.072939830756052857e-07 5.990914634654690225e-07 1.211677819892033992e-06 3.478847628642472397e-06 1.085063778949980587e-06 1.464770576637793288e-06 2.939643539761976708e-06 4.319047900203010052e-07 1.849212975803008534e-07 8.154023384848274910e-08 5.553108448703005107e-08 3.966151741743937912e-08 4.780705697568312091e-08 1.979291021883839171e-08 1.413865956426915235e-07 3.751207063431051346e-09 2.940581815912408622e-08 1.419793427720402928e-10 8.545875904369766253e-09 4.947289511042512423e-11 5.371209560747930176e-07 8.945147000440757136e-08
2.800613512977115837e-06 2.505573577427265403e-06 4.383011889731252478e-06 1.580175791768881966e-06 1.297820987172176272e-06 8.577262553525512185e-07 5.991307928835634730e-07 4.734177713669377177e-07 4.127388703725034966e-07 1.150251220880126840e-06 2.991335780197247651e-07 2.339217524171311378e-07 1.487825396615643482e-07 1.099478991566112474e-07 8.935334880284564505e-08 1.052459668312393271e-07 2.945777084294296689e-08 1.658554530195760173e-08 8.442708524487073617e-09 5.207655165395360957e-09 3.253689990596456941e-08 9.521139748159717097e-10 2.125332000650344474e-07 1.355548466583361046e-07 1.357720843434367017e-07
1.665519544166490825e-06 1.328559884901247115e-06 1.165255495677159335e-06 1.202173728801436206e-06 6.582501830451135408e-07 5.465629211874156216e-07 4.658621263070337203e-07 4.714487957881147906e-07 1.133739847429019502e-06 2.651448968141023261e-06 1.563279611540965875e-07 2.063779083959092419e-07 1.333577373234987911e-07 1.601189893136377111e-07 2.018856632791284387e-07 1.357390011874419581e-07 9.217007166707567664e-07 1.166083826008485290e-07 1.081703163454122967e-08 2.811936251817447487e-08 1.357809291989577398e-07 1.810756552034991284e-07 2.422663066114492141e-07 1.037922867068447187e-07 1.040539174424338857e-07
9.235236300082837568e-07 6.831950758049995774e-07 1.988632752785258534e-06 1.093233015341798739e-06 7.996497516396219883e-07 5.979584576296216159e-06 1.254049391506911417e-06 4.216420973324975878e-07 4.141190929191822014e-07 4.564776909935391607e-07 2.455433370456833410e-07 2.770448811397653815e-07 1.879682559692850318e-07 9.599459895882062791e-08 6.925783526855083725e-08 3.672127267394817257e-08 2.216447115451813292e-08 1.119894386034747018e-06 5.624524716523929030e-07 7.746491702142942782e-07 1.600030681939391405e-07 3.277505676251556830e-07 2.207921383922509593e-07 4.134533956812449554e-07 1.094742444759149539e-07
1.030626947758318052e-06 8.806943050895402558e-07 1.083851262563212250e-06 9.811050586721934305e-07 1.014446381783822461e-06 1.335477043436958263e-06 5.069170050166967437e-07 3.106032815689339574e-07 4.427250865294561117e-07 4.265256702655116999e-07 3.776862892078997113e-07 1.757195554190521748e-07 9.857051218610301799e-08 6.751101596285451488e-08 6.261790434416098208e-08 5.477259404329796693e-07 5.808445355429751099e-07 9.534143212652084673e-08 1.573871193100174335e-07 3.460643169963414723e-08 1.337070906599668356e-07 2.855983440221573674e-07 1.108416564774262228e-06 1.805501883147141709e-07 1.213254002105713365e-07
6.437890698001475898e-07 4.194022049787373702e-07 5.858633575181338997e-07 5.123822110630482750e-07 4.595671386876564184e-07 4.471973511499527376e-07 4.094406352930418671e-07 3.253486324343238190e-07 5.583526548586779687e-07 1.881218847194578668e-06 2.054184822342678677e-07 5.231892083030128557e-07 2.070683900002647742e-07 1.148935988542559750e-07 7.746411093756408012e-08 5.034422785092111990e-08 1.916279264516555401e-07 3.026505272047877176e-07 3.294449230507220219e-08 3.390406312431430804e-08 2.320303972201026277e-07 3.562034684992124799e-07 6.711569926137909670e-07 4.408483269570536293e-07 2.436504422821846356e-07
1.370912660474797806e-06 1.089438814054679026e-06 1.093137346467062769e-06 7.367052492635287398e-07 4.828155000934758691e-07 3.537118263984320315e-07 4.310851772988827805e-07 5.805286569561119107e-07 3.289041931783346908e-07 2.660379993238226142e-07 2.669992620131225067e-06 4.279428001023427542e-07 1.609936228688536729e-06 8.810658580338817123e-08 1.385258537035473149e-07 5.659613180145136285e-07 1.117861994484601379e-08 5.158437296727346959e-09 1.342873156661723493e-07 9.302018644715666311e-07 7.739194193912119152e-09 6.055371326184687101e-07 2.662131621530543752e-08 1.930998257353373090e-07 1.570764943416063843e-08
8.565742868638393345e-07 7.596483625408422796e-07 6.484330236164442658e-07 4.843853935453412277e-07 5.158486829826961663e-07 5.412657131875363127e-07 4.721965507946022813e-07 3.995704017564044943e-07 3.406462242884951705e-07 2.289772852318014991e-07 3.128838065760587649e-07 1.344133312636673377e-07 1.926274934114929567e-07 4.664971244748615973e-07 6.828967227592452890e-08 3.086750684026871772e-08 1.646818300772003668e-07 1.424079897920689332e-08 1.167069523511732048e-08 3.045289047039386381e-08 1.602339286527589603e-07 6.639420670897624458e-07 2.033474967156689106e-07 2.082818214603767512e-07 8.494218325547577374e-08
1.203774593301637615e-06 1.476153591074950607e-06 1.171626911569733029e-06 9.271090308266476403e-07 7.679209087195285699e-07 2.714291519738257657e-06 4.087778422613110327e-06 4.042030176640653152e-06 1.251831183287837423e-06 3.831294072680344009e-07 1.782256370342072178e-07 2.016488521640838613e-07 9.253828875021581449e-08 6.032333138806445213e-08 5.326525898953083889e-08 7.528087146700677231e-07 2.336117860131718709e-07 1.512858420019772841e-08 5.831632313426619474e-09 1.221784999383791582e-07 2.051696701394262264e-07 1.652351884911355280e-08 4.990601329946377813e-07 2.216242892338899266e-07 1.530629762446922719e-06
4.928211504694452567e-06 1.033986221186129711e-05 6.338555767543348050e-07 3.607869011903668679e-07 2.224578217005508596e-07 2.320236275810502656e-07 1.905658562560709451e-07 3.012285491477087004e-06 5.552596931048892629e-07 8.413901339621411232e-07 2.289182743241995420e-06 5.448054296605762174e-06 7.815771815382349957e-08 4.622383929005406063e-08 2.708235714299135601e-08 1.771550227917842778e-08 3.129877070804798354e-08 7.219063318871966345e-09 3.154575075484688713e-07 6.277472660131782196e-07 3.613484545220601742e-07 3.187381225399317498e-09 9.149259599117693526e-08 2.032270676072982201e-07 1.168690304250008447e-08
2.503227798337130821e-06 1.615844632416142591e-06 1.281526015928012856e-06 1.610583226966399387e-06 1.868991566242183791e-06 2.196765416023329608e-06 3.936002956777855994e-06 1.037097597242900522e-06 7.788738411151564014e-07 3.746794068750115373e-07 2.650716294647614827e-07 1.939174952594377719e-07 1.207518102328341310e-07 7.929619228245672101e-08 5.085944880420561434e-08 2.250650550256366152e-08 1.133478221451551790e-08 6.303677615704444500e-09 2.468148714317485871e-07 3.291665978604067696e-07 3.046451021737988642e-08 5.338005719696715279e-09 2.868933115970426310e-08 3.200933880450698399e-07 5.952671243167649302e-08
2.868467035962599582e-07 3.691755087830092590e-07 3.400239858875832729e-07 3.050119005365558921e-07 5.818582916891752201e-07 3.609573591260844271e-07 2.209492995062540710e-07 2.086201087807667202e-07 1.995564626155922575e-07 2.046099320518843897e-07 2.241164140725704340e-07 2.524245910678161684e-07 1.402010365010808927e-07 7.590883304302437484e-08 5.529541965757310859e-08 4.106442091825218340e-08 3.205058416499433528e-08 2.749704551606264735e-08 2.395068851332228523e-08 3.066073126424807050e-08 2.287140097595381747e-07 1.063148179258282738e-07 9.117270269936730749e-08 2.500786889645193075e-07 1.473842947273263063e-07
1.401800793889706133e-06 1.939969384821338165e-06 1.263527421287930746e-06 8.311832798341784730e-07 7.807565027229171843e-07 6.130999298880746165e-07 5.256282302619471763e-07 8.290958590794948291e-07 3.651104022200371310e-07 7.465474121432047967e-07 2.854051185174598770e-07 1.508412502236787176e-07 1.070725941452736066e-07 7.639189317858521950e-08 1.299672993706598850e-07 4.828440413779189253e-08 9.846415476346688714e-09 6.027629386985685781e-09 3.808535844148615009e-09 3.455490046121610713e-09 4.097320101076361847e-08 7.628890032336494929e-09 2.399006524984073485e-08 3.985820145050705658e-07 3.695740926544623500e-07
7.067747516723936505e-07 6.986322381197909150e-07 5.512387017508005855e-07 3.703442673576225380e-07 3.565324680762375010e-07 3.839589658171049532e-07 5.648367537153557411e-07 5.200070635645856564e-06 1.598804921065337005e-07 2.104119823607370974e-07 1.312447836870083481e-07 1.268138874878600347e-07 1.286823083584184110e-07 2.806369889072802135e-07 1.002939887736573889e-07 4.545480020150570518e-08 2.114806175702038857e-08 1.090793196480947751e-08 5.351183889603514426e-09 2.693463767924072757e-09 1.828858456684584827e-09 4.097673867946858245e-07 7.443911602468656975e-08 1.438644520802313798e-07 2.407994501024620839e-07
9.809173039546488890e-07 9.358006229920334818e-07 7.457261269370051282e-07 9.680963972056945922e-07 1.961532640421098628e-06 2.051424535561091269e-06 6.359895277071745173e-07 4.789115525637380340e-06 3.774641357531772078e-07 2.702501928083526943e-07 2.132163635897357987e-07 1.810000202046668630e-07 1.349282900212990624e-07 2.660419154110368496e-07 1.070064332395273992e-07 3.855355372226210175e-07 6.871206339726748212e-08 2.831991679283853703e-07 9.543726137053683722e-07 2.709255196817925447e-08 2.052418881761892023e-08 1.433679675984477857e-07 4.975293904410202040e-08 3.824618623905102495e-08 1.191544572974824175e-07
1.178335480928138010e-06 7.191563242239636591e-07 7.078790920947860555e-07 7.699783163815100411e-07 5.867720269999619896e-07 5.168540245751584113e-07 5.586251763756919256e-07 2.422954293119568477e-06 3.605642690114502658e-07 3.091961007899911316e-07 2.217716436444949396e-07 1.641580617470361182e-07 1.243173690521235514e-07 1.005908982432179978e-07 7.041628232396936715e-08 9.271637939000932551e-08 3.148471972682608138e-08 1.921396032758626973e-08 1.201062317487552029e-08 1.745898262316321653e-08 3.687239291839098075e-09 1.966323532163294289e-08 2.845619805297109373e-07 2.741931393463907888e-07 4.031134264791427698e-07
9.100178604744731930e-07 1.009939775164673403e-06 6.779167717066663112e-07 5.152801549050115801e-07 9.060938540012066384e-07 5.681438401702050342e-07 3.925001254971054033e-07 4.224576155135143229e-07 3.861808288725323649e-07 6.812542298495687823e-07 1.187266025264340927e-06 2.971238767890945514e-07 5.258057813769212076e-07 9.753891929520038692e-08 4.650761552704220527e-08 2.507499272275108380e-08 1.058900159868400386e-08 1.341411944031792644e-08 1.071182447664004185e-07 4.876918222183505023e-09 5.706186556882148338e-09 3.581253542318718805e-08 4.438906719525162219e-08 2.571834327286353564e-07 4.488803302431188237e-08
1.185132203468592096e-06 9.864302387865480077e-07 8.236974827793904003e-07 7.309191342833321154e-07 7.203932195875928811e-07 4.426925918780347015e-07 3.173657188556974265e-07 2.838060279740751697e-07 2.330781183729766073e-07 6.962217658940846416e-07 2.212691974572052499e-06 1.427646669694933983e-07 1.726840434991476903e-06 1.440037390909394720e-07 8.265348382626194987e-08 2.874292825121893582e-08 4.999201416281858663e-07 2.119681220038672266e-09 6.373656060548940595e-11 7.454962071970919180e-08 1.867338703338144153e-08 4.168556608130642474e-07 4.700568315034523037e-08 1.150635184779494867e-07 1.170311360013774356e-07
6.127393404151941813e-06 3.286278976415004806e-06 1.519065451963804617e-06 1.297270924521700548e-06 7.386964707514339735e-07 4.627900781107051368e-07 5.738723555403297377e-07 2.381043412410644201e-06 1.602835360760801209e-07 1.034867799114954611e-07 2.267682325538273349e-07 8.052351726340309871e-07 2.339950437402066101e-08 3.271209643582667430e-08 1.479333257458339436e-07 1.533725288171927429e-06 2.323521822583322403e-06 3.846071300161179841e-08 1.221794073134755837e-06 1.015337561994513836e-08 3.925257761027354203e-07 3.035533532993052082e-07 6.924944872203710001e-08 1.870676286858269256e-07 2.409758764871086370e-07
3.544162911347230693e-06 2.263275893329484917e-06 2.262747755486947877e-06 1.884605814601358289e-06 7.474340071946170892e-07 1.704731303273382327e-06 2.015078505888595840e-06 5.776343817249861686e-07 4.656392539598457411e-07 2.940441109129879993e-07 1.479590912937316974e-07 1.285715532995536927e-07 2.068039244914129066e-07 1.443745948272869189e-06 3.210534778205810012e-07 7.495285232939493422e-07 2.665713823557073780e-08 2.245134994338130710e-09 1.709269815417687745e-07 3.097185962009792388e-09 1.513563198732218176e-07 3.078513546373120979e-09 4.002545825656073611e-07 8.661048705651255499e-08 3.135105556069816472e-07
9.108600290355875509e-07 7.881767064500584857e-07 9.209160833081356001e-07 1.444473823516053249e-06 9.399659248543755085e-07 4.373357682604035225e-07 2.830259564592144210e-07 2.835571499475451727e-07 2.765691336468690290e-07 3.905303803053018374e-06 1.087773784685491662e-06 2.481260857132138367e-07 1.382303048302080459e-07 8.770797674808185616e-08 1.415151061360806813e-07 6.845874913832926213e-08 5.026090673258006642e-07 1.653662692643898165e-08 1.132968359813768352e-08 6.973306336938699695e-09 4.458738722121069282e-09 8.218849919449977052e-07 2.946129396421730886e-07 5.076959998088992246e-07 3.636485838730891089e-07
5.831179654254900864e-07 5.400160693297617535e-07 2.585310192712179017e-07 6.535080311141008282e-07 1.194136606925050595e-05 8.574797934508216556e-07 9.396267652295108512e-07 4.621633755263337973e-07 4.082212254935932914e-07 9.940444681761793400e-07 1.308203900228154029e-06 4.041029051944801269e-06 1.125813385866731272e-07 2.531914216323336788e-07 5.685490075561646291e-08 2.732199347370315321e-06 4.119820577104626069e-07 5.645610426534525294e-08 1.888046347705438518e-08 8.322666047217508088e-09 1.640693140613408890e-06 3.303534702939460864e-07 2.032067049476037492e-07 1.284969183208605169e-08 1.392640148232856308e-07
1.218295501012511030e-06 1.013313574811250259e-06 7.926436531647380604e-07 9.669237420388567369e-07 7.395858878292212503e-07 4.651456748051342344e-07 4.198834925099596665e-07 7.054546313554286015e-07 3.847414347292662012e-06 2.290268346972008068e-06 2.547528913125611197e-07 1.391840410918349687e-07 1.077613506374334470e-07 3.090191343511109117e-07 5.582786446501800268e-08 2.146070444371924671e-07 1.544141656104045114e-08 8.717895190833363510e-09 7.823543954392834120e-09 3.235851082192699468e-09 3.124029284073654861e-08 1.963332251857760942e-07 4.804965477832011655e-09 1.663284697715248167e-07 1.148061152237673734e-07
4.023764813149350188e-06 2.827839991628722238e-06 4.044102379031941325e-05 1.043824446198216572e-05 2.584847158881027320e-06 1.925169688504883682e-06 1.630866482949275212e-06 4.036253581720047324e-06 6.725006353957765621e-07 6.337921132237764181e-07 1.469746639248719763e-06 2.092114264295925698e-06 3.968319862469758997e-07 1.813366288331773990e-07 1.750913283897248234e-07 1.442045618590092343e-07 1.397583520210255179e-08 1.827649363850193508e-08 4.108177776668168325e-08 8.510123318653257688e-08 4.840287231502761919e-07 1.080746596180263672e-07 1.001930799461434631e-07 6.580739739251509331e-08 7.330932624264044220e-09
4.708301335933602003e-06 3.661744137950506853e-06 2.537035600623919796e-06 1.333650710354251630e-05 2.979757659050851703e-06 1.832197899806588722e-06 4.961572668562916519e-07 4.268327323938555257e-07 7.253479045635342891e-07 2.956663569269728626e-07 1.506970724530105968e-07 1.111407399270140286e-07 7.353010655677209198e-08 4.331190515346270016e-08 2.475156744339662790e-08 1.345126849155230256e-08 5.969043688759447865e-09 5.188396143301301567e-09 2.173787457845899732e-09 2.319502033870773852e-07 1.261630539037489529e-10 1.420801199532325822e-07 1.122696181641238065e-07 7.195657852313354847e-08 2.175238065342683283e-07
1.345386626606558436e-06 1.644958537505352106e-06 1.513079089177645068e-06 2.228906927300982347e-06 5.346292438651039530e-06 4.199862104589368044e-06 1.901378784330537064e-06 5.143798373529747445e-07 1.857044647236954747e-06 3.132744200634667303e-06 4.006100778514523417e-07 1.169488134336832319e-07 6.816073400982687781e-08 4.242548587399206388e-08 2.784966707906422347e-08 2.701343562577574361e-08 7.434531384270982892e-08 2.890139194177817897e-07 1.351899283563768370e-06 6.889922698081116008e-08 1.813359256397665618e-08 5.108658767959288061e-08 6.113480947543065031e-07 3.972540287081364718e-07 1.427650527174559198e-08
7.558405445885773988e-07 6.102026282700062593e-07 4.669792927706339000e-07 5.625729530223111185e-07 7.859202079112223702e-07 6.025056323275401099e-06 8.687476742864796877e-06 8.106230734984658321e-07 2.791951741700186523e-07 1.683395683384862558e-07 3.239466426805702545e-07 7.604870556073702556e-08 4.238218112295171272e-07 1.178858049205203498e-06 2.971847520160358997e-08 1.743186227090142483e-08 9.329024577757533461e-09 5.287647455894129967e-07 2.263662235980203404e-07 2.828104786078731097e-09 2.260157771424247143e-07 2.238117451792180822e-09 3.861342502996877631e-07 1.981838091033001860e-07 5.595176285171806309e-07
2.213411943398340616e-06 9.524404918637152662e-07 6.317177909373700418e-07 3.453502474783931456e-07 2.210963166400593793e-07 1.885773911446090620e-07 1.591042708173859403e-07 1.268903608475673479e-07 6.932865637931533494e-07 5.777473399621072211e-07 2.270324723961005568e-06 8.150127213882928343e-07 6.754056395751366355e-08 2.961704545236165942e-07 1.766252881414811515e-07 2.030800442546631245e-06 6.128861100265796507e-09 7.291491826411332023e-09 3.368002351569340754e-06 3.151263098263763496e-08 7.197098104089296427e-08 6.062116166703208233e-09 2.921267862911467477e-08 1.614957499701267878e-07 5.388015034983052278e-07
2.918338680148156010e-07 2.170555395582070983e-06 1.763570347139828672e-06 6.181796866619746380e-07 4.454008718836501164e-07 2.932447207830962731e-07 2.480379690997181521e-07 2.551914830140799412e-07 2.236024204439148027e-06 8.323749618600836915e-07 3.843228838087043333e-06 1.417175293872235844e-07 1.996569424738513275e-07 1.756961051047055782e-07 7.648837681709007166e-08 3.599422624199325371e-08 2.400505161378054987e-08 1.262247631264307194e-08 2.191278293285923403e-07 4.819463238611872253e-08 2.285804027434347157e-06 9.954789682456028208e-08 1.584385463991957500e-07 3.822238161949218584e-08 4.162092914365129385e-07
6.304611884595127967e-06 3.885131323910907375e-06 2.392952466700585552e-06 1.607052365225976251e-06 1.034215369241124593e-06 6.186892909542792912e-07 4.763024100075974660e-07 4.059935690782119260e-07 4.935036854739726831e-07 1.436128256777028119e-06 1.948596818035426958e-07 6.829597536351137474e-07 9.928157649260492680e-08 6.554908918287171879e-08 3.154113733756069345e-08 2.176767731781534104e-08 1.044688354750304542e-08 3.675583041717167949e-09 1.220818537649955725e-09 9.217054159388785962e-10 1.149621126633592161e-07 8.137373052658106358e-07 5.043814036006352729e-07 1.441074998816644791e-06 1.109275575711835325e-07
6.043368994673364506e-06 5.197278426193676277e-06 3.534334117316628721e-06 2.704562997086274367e-06 1.538199532622699599e-06 2.319186824760111508e-06 2.346316419710118372e-06 3.432793419448117630e-07 5.110183767173666202e-07 2.449924807243012830e-07 2.066000682195916163e-07 1.433675790067226608e-07 9.771404860174704148e-08 8.010840946347189761e-08 4.989918548930792982e-08 2.388787190737111141e-08 2.657776906040593491e-07 7.434431506185721970e-09 2.361109529415409399e-08 1.017657018050495873e-07 1.073404647720265082e-07 7.861274199787058669e-09 5.974218362671057006e-07 1.107246398260183986e-07 1.373993805783522968e-07
2.768579473241649633e-06 1.935422532313898263e-06 1.979459258940806350e-06 1.611145315765289897e-06 1.014398354818683326e-05 2.037603901250662299e-06 9.504072597768269471e-07 6.639518646583168635e-07 3.468675460003769036e-07 2.118643670888514318e-07 1.534191713582031830e-07 1.333566416931002889e-07 7.200820050881356778e-08 5.293556313634690146e-08 5.302714032418141986e-08 2.059981564558182069e-08 6.388718464509931393e-08 1.318209993029917148e-08 8.680827967413254122e-07 2.164634801553381580e-08 3.447998701757242728e-09 1.232162138852434999e-09 1.349899277958439335e-07 3.415873421070584760e-07 2.870737154759710721e-07
7.038050137567868115e-06 5.236105993362693337e-06 3.082279974645760238e-06 2.743069850610704558e-06 3.468650268739510102e-06 6.856338228605272884e-06 1.060479746083726092e-06 2.448032128728583199e-06 7.734791708456177885e-07 3.847572426680445754e-07 2.549756766983193815e-07 1.722631171396924642e-06 1.009978614330817793e-07 4.465743754224325986e-08 2.253858711638270570e-08 8.442269428670775132e-09 4.006039668392357451e-09 1.270964008097891042e-07 3.236122249266198899e-07 1.058428945995776744e-07 1.015243911234777154e-07 1.320769585506084290e-08 3.487520657735448676e-07 2.785647489715778584e-07 3.628061214142822414e-07
3.939339942566090717e-06 3.628510292642851134e-06 3.796240544237874671e-06 2.368927564747174462e-06 1.587747299882426652e-06 1.408343827950863287e-06 1.063450503858242563e-06 4.972449724621720051e-06 6.868699215855346994e-07 3.417344882215553422e-07 2.482825032974846338e-06 1.999815539785289527e-07 6.880651429740075797e-08 2.429258805491998732e-08 1.490477945098631706e-08 8.694668700133273399e-09 5.981361644576990897e-09 3.052305124253064464e-09 3.586013697281629222e-07 2.118439143305227645e-08 2.125934242901489716e-06 6.701605871343595677e-07 1.621877946593371993e-08 6.882807607026278294e-08 7.162752042390873301e-08
3.319427924920905661e-06 2.798351537712988320e-06 1.916711112127034480e-06 1.918776861291452154e-06 1.910348300381037802e-06 9.295827205508337411e-07 4.329731326917941197e-07 4.533858808875907863e-07 3.657414882237442717e-07 2.922843648532929662e-07 2.327895569271784498e-07 1.992887293272393488e-07 9.683139613262652744e-07 1.199346757401329231e-07 5.354739313895421233e-08 1.505915131156560919e-08 2.415435826385554821e-09 4.803009155600038886e-09 7.083043692177439302e-08 1.552064496307184644e-06 7.674176018872478004e-08 2.841100678421494838e-07 1.249961539794288445e-07 4.741924665374808251e-10 2.477204879386254426e-07
4.497267378965120194e-07 3.096572025225610383e-07 5.743044143535136193e-07 6.584958590241237503e-07 1.632006326616713334e-06 3.575026757766307789e-06 2.283675377709533861e-06 1.678372660059219701e-06 2.982287791053932374e-06 1.043087922497524533e-06 1.168027631586435975e-07 7.482276381218227454e-08 9.219587529277075458e-08 1.549990137020173882e-06 3.379830989645562420e-08 1.616238747511332052e-08 8.816753184258773670e-08 1.703267479917938649e-07 7.385925558268548047e-09 2.858778535962544008e-07 3.672862465028800625e-07 4.583039563763004201e-08 2.390571710031078741e-09 5.889087076681715828e-07 8.755409824210813919e-07
7.934261674336084980e-07 6.447402147299354303e-07 9.537203510743909819e-07 8.650271326281071538e-07 5.345036371274759040e-07 2.626894801849896644e-07 2.334566296966903181e-07 2.373404991998440467e-07 5.572220853563860444e-07 3.798198557372245216e-07 2.598709915854639903e-07 1.424623801394790600e-07 1.278550961165253232e-07 9.128063343522207263e-08 7.515000178426702327e-08 3.477891211258059329e-08 2.311364921059520598e-08 1.454584439060395290e-08 5.694362253600921421e-07 4.827564293499246427e-07 4.251007826981561528e-09 1.359236637492177034e-07 9.102369920235188465e-08 3.361510901517975545e-07 1.606967681081104200e-07
5.517503382806660703e-07 4.170961729244027168e-07 2.878265954733754141e-07 2.974341788134020853e-07 2.560744432227142502e-07 2.040734550469869423e-07 1.668479746779995266e-07 1.634940960660670600e-07 1.274312430027573894e-07 1.043038514681655466e-07 9.513176785043288089e-08 9.054891311182650841e-08 2.699024657976019008e-06 1.354289173731593107e-07 1.178832602230449651e-06 6.239046122445990237e-08 1.864227158552681387e-08 1.089193672498548889e-08 5.961612767980493321e-09 3.399153635512861858e-09 2.209940196569435234e-08 5.220852188556364622e-08 1.716014630685094247e-09 9.300971095950734932e-09 3.127507400574109161e-07
3.103573392934762968e-06 2.153996675691161045e-06 2.125735169314933865e-06 3.588882953803393338e-06 5.159480509191939176e-06 5.743928755059261377e-06 1.444978801335079462e-06 3.113841055102706667e-06 5.856560030319575185e-07 4.376800330910761585e-07 1.571801056519787643e-06 3.647052723919963557e-07 8.559355778712970495e-08 4.259951698363089558e-08 2.808406987957423656e-08 1.807635820115568470e-08 2.061070445517555758e-09 8.591811471770583407e-07 1.786929960698457903e-07 2.397755226635894757e-10 3.066014072894266296e-11 2.977743185692760060e-10 7.475118626499620824e-08 4.276471034942014864e-08 6.764863626201675636e-11
3.304091379163764941e-06 2.727998955459105083e-06 1.228180177687202843e-06 9.918407080260312748e-07 8.659765741007725578e-07 7.518597735871267448e-07 6.905698284996246409e-07 4.868931640291236698e-07 3.937281403506073138e-07 3.142455327694513368e-07 2.228403008926944340e-07 1.527480733393706448e-07 1.420163937220147907e-07 2.859800836995285194e-07 6.075315543999284725e-08 3.982228271858663583e-08 1.912018184129848451e-08 8.439791487700378350e-08 5.320253179563514789e-09 2.825879372689224775e-08 5.090325239456335574e-07 2.727051973690611546e-07 4.417772203604690617e-07 4.698995941711692140e-07 2.666527316003722174e-07
2.517942653176200742e-06 2.320012801650972749e-06 1.537154795309896427e-06 1.040954452254027950e-06 9.941598789216109000e-07 7.813865637911227481e-07 5.857740577001487354e-07 4.992297022279531712e-07 2.004557627342641310e-06 2.792888968937343473e-07 1.679279995405136568e-07 2.788103731218482533e-07 2.458928022067774581e-07 1.573381895765455220e-07 1.072363139375983241e-07 2.435949868878369668e-07 8.864598124297613476e-08 2.502743612902843593e-08 1.521488512134806157e-08 1.287153554454496826e-08 2.052999868404597011e-07 1.381486350381510693e-06 2.889502999432783523e-08 3.099293904808903370e-07 1.961768972814052766e-07
3.137717307540257347e-06 2.478271945516961397e-06 2.735937973184470996e-06 2.350357021383173384e-06 1.494499259084313455e-06 1.417298928097301952e-06 9.457483904440494966e-07 4.689699790744611045e-07 3.181234227691484974e-07 2.352193986784714035e-07 1.713141059388135249e-07 1.074969302268630814e-07 1.768588677179860884e-06 1.900129069655278260e-07 1.833217685145419007e-06 2.105203263196831249e-07 1.100794483601263044e-08 5.150727627897122221e-08 3.131101800841510511e-09 1.847972709782304524e-09 1.254817893141109326e-07 2.558909815762949680e-07 2.208469758118897827e-08 2.657907013977392442e-08 2.221907541182060304e-07
1.692755337831390576e-06 9.608987620625851695e-06 1.998531755399329133e-06 1.040927469043572720e-06 6.573739810580413491e-07 4.349478668723800923e-07 3.594135053152144928e-07 2.477055957342053476e-07 3.788751236815843367e-07 1.242906757370479763e-06 1.571580405265490283e-07 2.155085475026550519e-07 9.882196387943335496e-08 4.254418231867645167e-08 3.093316513871259643e-08 1.781717031532970785e-08 1.180359140841376666e-08 1.718987803612212637e-06 5.873527160888390331e-08 3.327788916306018066e-09 2.064278290744627432e-09 1.251676709995182076e-09 3.750529457953500929e-09 6.763665702975341526e-07 1.051711522327473738e-07
2.600217809260910942e-06 2.167185937155145411e-06 1.705566374661085096e-06 1.343709903250826545e-06 9.271790764031094430e-07 6.951434871580243851e-07 5.160311178494253103e-07 4.111971429681540381e-07 3.949325687389240160e-07 2.334372086507528756e-07 1.980155076254812918e-07 1.513670224063679559e-07 1.812774973319087938e-07 3.842137605453614797e-07 1.225829859959481207e-07 6.641024658413895034e-08 4.462091754528932124e-08 1.895352569371463655e-08 7.365934870933748772e-09 3.163960822260404028e-09 3.329074639141132118e-09 7.267870955909574525e-08 6.456615037709320383e-07 2.352922883307874087e-07 3.962959583546184004e-09
1.866545276964663759e-06 2.384324309580435010e-06 1.827255375707676198e-06 1.365299124519579620e-06 1.606185356289973471e-06 1.076975977774114228e-06 1.178657406541252896e-06 6.828156532631410319e-07 6.055980983252370993e-07 4.602878230634224838e-07 4.209265801852814489e-07 1.257947318599009600e-06 1.536719452405030280e-06 5.037508621640550993e-08 3.096657822589916047e-08 2.077287955184733314e-08 1.341301603339382317e-08 7.510575859160143355e-09 4.807861028778541079e-09 1.644582802200876131e-09 2.337490408391691980e-09 2.834140617531590738e-07 1.833052574456462997e-08 9.575220032480883274e-08 4.396627448549656842e-07
2.714722258184284390e-06 2.569818332180673348e-06 1.855486574954712924e-06 1.700524439748104044e-06 2.379011374637436313e-06 1.327644240946482209e-06 1.765348420391629655e-06 5.000713870293400096e-07 1.207179108022990255e-06 2.557923001795520538e-07 1.527839963182670040e-07 9.808496107042779713e-08 4.498810469275197632e-08 2.952197019140663405e-08 2.071162125063365308e-08 1.155528736319295309e-08 6.888776962502992668e-09 1.425622536413005542e-09 1.862077424737482664e-08 2.549808173935976945e-10 8.770525672243064770e-08 2.767704100311969028e-09 2.326866071594757119e-07 3.915516392468898533e-08 3.684458321171095199e-07
1.053183740688556285e-06 9.596424515623939106e-07 7.693278382144784433e-07 5.935052409078149365e-07 4.085998924853263452e-07 3.419447623104085834e-07 2.688762314644092085e-07 1.930654542446885165e-07 1.710215768592912129e-07 5.729063204905680297e-07 2.097833059837087951e-07 1.265851039501029285e-07 1.259193758869605066e-06 6.981110967821042730e-08 4.110761855040205931e-08 3.032217146900209332e-08 2.067032136888115336e-08 1.183116678738405017e-08 9.833551919077417024e-09 1.844030355425903988e-06 7.504283507604916511e-09 6.448253464735885250e-08 6.417531615949764474e-07 3.281500321678400489e-07 5.385796100727263124e-07
1.006855214313873148e-06 7.679168265603482248e-07 8.293467965031070471e-07 6.608241894325215581e-07 8.795456624646965137e-07 8.559122258092606946e-07 4.394015929109041368e-06 4.592451040923074410e-07 3.322591884457878860e-07 2.332207106786893324e-07 2.036586995932166170e-07 2.033533476954285776e-07 1.605834838925345856e-07 9.882485485458513234e-08 6.765260594792440498e-08 5.747199221601284773e-08 4.699602335637140772e-08 8.702190251938953739e-09 2.487045736909274854e-09 4.901237312941863934e-08 5.625267990794580281e-10 1.005695330456216140e-06 4.488923932422825414e-07 7.364883452506045751e-08 5.795304959021752927e-08
4.472570846110680609e-06 2.634360563667330583e-06 2.199303232424785042e-06 1.786200394269575534e-06 1.550428218055871234e-06 1.264524175324179891e-06 7.022775398077654319e-07 6.420356504013291804e-07 3.520442681892697686e-07 2.130415469845528262e-07 1.324923081153021731e-07 2.438523614114180287e-07 6.353911119441963422e-08 3.318633070534061689e-08 1.798027579399810794e-08 1.706344560859403443e-08 6.619080269912634860e-09 7.620877163941447493e-07 5.422955349262272997e-09 1.034009563417406263e-09 5.208667122719939382e-10 1.739926239532321355e-08 5.906909432952085152e-09 1.573288006760031064e-08 3.923931510757432515e-08
2.340664978783063433e-06 2.166789152742455490e-06 2.119236381922938658e-06 1.721378810548568339e-06 3.044854728454874854e-06 1.413781334551221268e-06 1.448715296833962383e-06 4.563947774973510551e-07 3.386132847788963867e-07 2.174545149695933683e-07 1.924280086167388074e-07 1.913864356869593179e-07 4.983953031152025931e-08 3.240263034283283684e-08 2.354738082151602452e-08 1.936776833782586335e-08 1.110407300042316060e-08 5.914481029277190420e-09 2.871988762462649428e-09 6.132336420668549033e-07 1.424719741318496012e-09 4.648895121669062002e-09 4.432951942116033777e-07 2.987404702466588509e-07 1.931772194223069472e-07
6.393949627073301828e-06 8.370927157881981440e-06 5.787433874402397944e-06 4.736759506862665337e-05 3.359773291178908388e-06 1.858284311437075362e-06 8.392134717638459473e-07 6.996386312693854820e-07 5.630426543591669408e-07 4.971176887473306824e-07 1.001691157264407350e-06 1.865245139268475297e-07 9.323452657926905263e-08 4.997848140636805708e-08 3.323304854773694497e-08 1.891752400621404036e-08 7.834758741964585918e-09 3.604223563008652267e-09 1.317202259901969686e-09 1.647597305527270944e-10 6.924801266537473225e-09 3.926350061894716389e-08 1.712973197283802011e-06 4.944164122156075886e-08 1.689712555193147849e-08
2.076407977363371804e-06 4.354391878600374994e-06 3.653274269755992122e-06 2.856007018147201725e-06 1.797142771773366443e-06 1.132197017483663032e-06 8.421276778413954946e-07 4.424370666107408482e-06 5.052378812390063662e-07 1.175243631161191611e-06 1.348314443849332699e-07 8.481853791792411379e-08 4.215945637291395803e-08 6.851818837898671136e-09 2.351399818218853071e-09 1.903981225232909972e-10 2.999155444515668497e-11 2.656965667012724347e-07 3.209503393847852411e-07 5.352159047705871274e-08 6.308911776783628939e-07 5.313442294751980103e-08 4.624219784112959357e-11 1.899338322053488010e-09 6.480980689747148718e-07
6.248093242062111269e-05 2.719475164664647863e-05 1.928580512314349259e-06 1.509871915417338869e-06 9.868861410045606856e-07 8.766956663501823300e-07 6.729372101857600759e-07 5.855147024183548831e-07 3.487686394424678881e-07 2.413441759963843044e-07 3.255315853456415975e-07 1.570405456513415758e-07 6.989396019558001758e-08 2.426601221929967643e-08 7.723087820069106248e-09 2.392539029621271750e-09 1.912670838169356412e-07 4.039508828078298345e-09 8.471136488133245479e-08 8.650122096100316801e-08 7.499760923055547822e-09 2.316864056695830000e-07 5.816257250774764143e-07 3.006802581855190612e-07 4.154511301434286190e-07
3.157667443870797747e-06 2.872206827916780703e-06 1.982367986041674427e-06 1.571518654118849966e-06 9.382602821343611333e-07 8.831451989536407405e-07 5.527302500863177996e-07 5.442699416687167759e-07 3.172641020124126068e-07 2.076715629484309514e-06 1.277657755711310876e-07 1.021872517105187757e-07 7.140041766927128571e-08 5.363436716177378058e-08 3.864057378178797257e-08 2.892622498253791882e-08 8.485640564089844245e-08 1.799028391419844979e-08 1.219683324155234743e-08 1.190164592795173910e-08 3.885803163742325540e-09 2.276043424288069629e-07 3.608374261626083201e-09 6.144146616028678924e-07 8.832974981185211958e-07
6.906641004965840495e-06 1.023338254518408126e-05 2.525384559052667994e-05 3.329509500984742928e-06 1.827003661646034233e-06 1.069294537941031431e-06 9.246853048188069133e-07 2.693647133727797931e-06 3.843598954212458678e-07 1.775921064408831971e-07 1.447771777141818449e-07 5.389794325679124868e-08 3.543320022964797097e-08 1.319456735555672499e-08 4.983035798314352834e-09 1.567880813771786695e-09 8.719577349991517196e-08 1.391404045787997650e-07 4.156364412631731783e-07 7.901469750890394713e-07 1.516378516890268520e-07 2.616912434258696290e-08 1.488089717100221850e-07 5.959514830583398532e-09 7.747347178224191105e-08
4.182239258909703388e-07 3.519326946568599494e-07 3.641698462231168776e-07 2.840906864346829604e-07 2.134721952155397757e-07 2.326349337138123333e-07 1.641606469207382567e-07 1.631288101233917133e-07 1.290054249330358145e-07 3.556982051301853955e-06 2.783020915988065659e-07 1.451458073878398524e-07 1.500699786793201624e-06 7.204821155991767861e-08 1.484041098644592025e-07 3.630107121663583773e-08 3.047979915109397974e-08 2.007493838707636468e-08 2.316065515282707817e-08 1.286401420614571850e-08 1.547293278826163815e-07 2.437821777651455993e-07 6.045819817319556507e-07 4.772149948713979890e-07 4.008888632671990744e-07
1.201841621991661677e-06 1.007201360832728602e-06 8.806743545499519456e-07 1.007318736449579959e-06 2.258239189232015453e-06 7.831768500871181435e-07 4.434582558613758601e-07 5.286883652558811918e-07 1.736122118397977125e-06 2.746118632085814698e-06 1.431520293037442510e-07 8.185689743994778780e-07 9.781405405725101209e-08 6.040349509314242685e-08 4.989572006032740273e-08 4.438870199915648648e-08 3.552579062111846304e-08 1.655221412113960178e-08 7.755703302428357252e-09 3.147395287386237908e-09 3.824667784870070341e-09 1.703603884775787513e-07 1.237590430328465220e-07 2.335247872117224397e-07 2.155327728455496488e-08
6.780048025234464149e-07 3.751646772798267087e-07 6.368080619267857612e-07 5.104902752054417058e-07 4.189514895463836096e-07 3.445500950063531429e-07 3.250706137918043728e-07 3.706056774427340594e-07 2.780008168911029299e-07 2.439790126146114552e-07 2.368617117054857256e-07 1.165105290761129800e-07 8.216977308234843497e-08 5.627816633094284263e-08 4.017650521805332686e-08 5.365309714955150046e-08 3.131436523821609069e-08 6.484247215352609559e-08 1.089958282258465224e-08 6.483745731722746598e-09 3.213096944661228247e-07 3.866515756838582510e-08 7.046168711485053079e-07 1.037631919194232577e-06 7.784321752355787800e-08
