1.240068908015920059e-06 1.031835148953787086e-06 8.880345824027294279e-07 7.344546115331819481e-07 6.035229718332404165e-07 5.958122908314048535e-07 4.693071055085637087e-07 3.578352098188947955e-07 3.315417572303456705e-07 2.730351292432472433e-07 2.314071712622812776e-07 1.916235064236780755e-07 1.302750897202065705e-07 1.000903447123344547e-07 6.890604173348672309e-08 4.670210630319183459e-08 3.748762544637488275e-08 2.932873959727865237e-08 1.858277454877566530e-08 1.098387055564169294e-08 5.063268975913864710e-09 2.442347813265570829e-09 1.424091242249106291e-09 3.502322475177247457e-10 1.613991217055900607e-10
1.561501885606909015e-06 1.237498939241948899e-06 7.549689682013156492e-07 6.325819083830657832e-07 5.720298991828530508e-07 5.015965038383664356e-07 4.609477881945639225e-07 3.554182605270754399e-07 2.978097625209448781e-07 2.573312133165395955e-07 2.081633932464027103e-07 1.430151583386427445e-07 9.595186557570405902e-08 6.377585762925483293e-08 4.198848726634869457e-08 1.981382334287881903e-08 4.547220880496961562e-09 1.534531946212031928e-09 3.732752663923923781e-10 1.775965882448962367e-10 3.988029872111305690e-10 9.750144697513643814e-11 1.448471234565872282e-10 1.463516551071082534e-10 4.823892309129604917e-10
2.533495960321776095e-06 1.492756761117567204e-06 1.104757535215622830e-06 6.776647117731315303e-07 4.971372828762002130e-07 3.980932450996059447e-07 2.667242709563676160e-07 1.836079149446313304e-07 1.341953103724529380e-07 9.624424399865478904e-08 9.080822826173165353e-08 4.338773141024728040e-08 2.397740616203664572e-08 1.497057351887726765e-08 1.581014801397419884e-08 1.457849351954454251e-08 1.585530157295001827e-08 1.585072464623376713e-08 1.690916768258583137e-08 9.281460752376712568e-09 3.621304237429632781e-09 1.912643157848773858e-09 2.303923673548000214e-09 4.306392012506193179e-09 5.615313581159638917e-09
1.474942206326578482e-06 1.154483415105301017e-06 1.043117720475650426e-06 7.573840862549946318e-07 6.049811521567989853e-07 4.521752692731996316e-07 3.355591203353980537e-07 2.670859936618075556e-07 1.981695645986177586e-07 1.793715093911397960e-07 1.470345290342587023e-07 1.119316161239580666e-07 8.329149478496686594e-08 7.894803389382970493e-08 4.779621102396059445e-08 2.294907511423315288e-08 1.762202192616651130e-08 8.107685874850646830e-09 6.275962820564580192e-09 3.615708317713368053e-09 1.689719749094544481e-09 2.056417881627124530e-09 9.373693689407746766e-10 8.366878214562330022e-11 5.380106374452788956e-11
1.416471253676441064e-06 1.095363318102478759e-06 7.205552825614903319e-07 5.845121295542417464e-07 4.582904915882561140e-07 3.841117488369985229e-07 3.436422323573812748e-07 2.925708601943329441e-07 2.531061082605597073e-07 2.159442305636598004e-07 1.645358154556590470e-07 1.116386998181460446e-07 8.005896967920760532e-08 6.232361758843127029e-08 4.657116968919709739e-08 3.425950621018898098e-08 2.845380991193193327e-08 1.716482810438862161e-08 1.195863592133541775e-08 7.478847983186481880e-09 4.281802426599436626e-09 1.733111483012187921e-09 7.081315302873122995e-10 3.314354092785389841e-10 1.459304176382725765e-10
1.027730044766400128e-06 8.727584598398355062e-07 7.319994729942551422e-07 5.926291901266923657e-07 4.704316034479479239e-07 3.537411725070131760e-07 2.819905951295199009e-07 2.610995912024255491e-07 2.715828071553620077e-07 2.297942151415027419e-07 1.697317473962491690e-07 1.310204299434244090e-07 1.080674220461252516e-07 9.345573163877004830e-08 5.941920000469956556e-08 2.798653086093007468e-08 1.429524470874488747e-08 8.313310195714947350e-09 3.716203746105670491e-09 2.851930117602834526e-09 2.597277910772055586e-09 2.144992323277254068e-09 2.101520963285010215e-09 1.483952095998032860e-09 3.401337258476484228e-09
1.066870482587790651e-06 9.801009839795599477e-07 9.367716964755470619e-07 8.824859397260767968e-07 7.230007627321622700e-07 4.811791914781736584e-07 3.757720104957782520e-07 3.283281921459573643e-07 3.074556609004597170e-07 2.766667214179278219e-07 2.077794828009512832e-07 1.542371210741382218e-07 9.475383936351702810e-08 5.677225243363401220e-08 4.475162116148308354e-08 3.444172737717837220e-08 2.748820116326962623e-08 2.345386556646763614e-08 1.362562083464805702e-08 6.138809595380075611e-09 3.538228534225285676e-09 2.459902584391337335e-09 2.502097199772729035e-09 2.243691867380342151e-09 7.588259521242691991e-10
1.955195117562725816e-06 1.612526124622870253e-06 1.217050378297617047e-06 9.151704762160898455e-07 7.409512280534981594e-07 5.860751638795657831e-07 5.109620613351316322e-07 4.342372131116675870e-07 3.551781693582191902e-07 3.055715698910600553e-07 2.226438662109494084e-07 1.646345022552636869e-07 1.235461090600905406e-07 8.970361019997055096e-08 6.636059132572443514e-08 4.930529282886177862e-08 3.136125332419444567e-08 2.037367455994659770e-08 1.474100584113752454e-08 6.665647459571242397e-09 2.220157743310896877e-09 6.416355348802379294e-10 1.874629662698546057e-10 1.366881851051115216e-10 4.147763055730897350e-11
1.947512108560181716e-06 1.452421032520497210e-06 1.141162646138267963e-06 8.425304163399966839e-07 5.948606555826917666e-07 4.649982442870764901e-07 4.121984813207393957e-07 3.185240305308541069e-07 2.343559717130941799e-07 1.582601473965773248e-07 1.082435795282879719e-07 6.443181300943441257e-08 4.299217082272139440e-08 1.936350131494075665e-08 9.241352110385410984e-09 5.429810793924213371e-09 2.945501351272938555e-09 2.101672552542553261e-09 1.669550901000357870e-09 1.672921217169531568e-09 2.731450787784080039e-09 2.311904369482059284e-09 9.391301564487911371e-10 4.072578240719688833e-10 1.289650795597684793e-10
1.260610259999923979e-06 8.587877084533506944e-07 7.626989550767779662e-07 5.968880204466639889e-07 5.732451861681767856e-07 5.742117723269451624e-07 4.749829944304651518e-07 4.463126679245549551e-07 4.290300118962440373e-07 2.859254025645465231e-07 1.804574956733394792e-07 1.470701833673901993e-07 1.147923153045972343e-07 7.480497069361076703e-08 4.273626758958480241e-08 2.046289461623937736e-08 8.438242658313747106e-09 3.052190815949423426e-09 1.843487625250324580e-09 2.685865563233559879e-09 4.351614856519235737e-09 7.492004540696118123e-09 5.440345213419627620e-09 2.161988312931225772e-09 1.116928611102419998e-09
1.203838980416200615e-06 1.073819600955902034e-06 1.083337161798677196e-06 8.084368838159478181e-07 7.468062063483746489e-07 6.429031885302692438e-07 5.057387880312009600e-07 3.800354014336765281e-07 2.891004079879064994e-07 2.346938999170342130e-07 1.781639660329205068e-07 1.265201067444244461e-07 8.592858024787418626e-08 5.679074424138999693e-08 3.826236537682102556e-08 2.193739849477684691e-08 1.260159586635202762e-08 7.218226933160190979e-09 3.597850185122542089e-09 2.608588914718925486e-09 2.468432761555446777e-09 2.510420835503019490e-09 1.808355660020315815e-09 7.958324033160782272e-10 1.477938323102755541e-10
1.277430442016567263e-06 9.942713275793169792e-07 7.910535617945573831e-07 5.399720655479728347e-07 4.375280168071024680e-07 3.576370282849595493e-07 3.225477421433619158e-07 2.652110575748317627e-07 2.311581513442437747e-07 1.893079399242333637e-07 1.293905048591386340e-07 7.410572122580829893e-08 4.524529186915970036e-08 2.708476292749645586e-08 1.621156661120435066e-08 1.017049512167043640e-08 6.408329092012801142e-09 2.972047051044957188e-09 1.615109052044456217e-09 1.014036583931310289e-09 7.304870795363394660e-10 8.034955997922696261e-10 1.236501267260892826e-09 2.918898603762516102e-09 1.386984975540578284e-09
1.111019592005755543e-06 1.089759837827701567e-06 8.641470252047832648e-07 6.738669300159113211e-07 5.922689730985398186e-07 5.506965599317792152e-07 5.652428060824689927e-07 4.316561392727625675e-07 3.406963748033284318e-07 2.649340272956050494e-07 1.807319656702022054e-07 1.125345833107422333e-07 7.038613138387902869e-08 4.848838532228207771e-08 2.769268749349073034e-08 1.808768378714316287e-08 1.120631476690109966e-08 5.938899377011646219e-09 2.801592784910690901e-09 7.607478674424717048e-10 6.853025343112493790e-11 8.261336103128807422e-13 2.404592014135810959e-13 3.912947700192352458e-11 2.784253348146873384e-11
1.319257698306917819e-06 1.293910456304070889e-06 1.167333973135789887e-06 9.153764645290489631e-07 7.446231562259956630e-07 5.840595383336176063e-07 5.146688594899103364e-07 4.078600057244420994e-07 3.457934885800754542e-07 3.103440904537947500e-07 2.497158549534697151e-07 2.105371754026947634e-07 1.309102094103431420e-07 8.558572287683117617e-08 6.083220605590816271e-08 4.240083044616971041e-08 2.509811728663056446e-08 1.375022054170901060e-08 6.561543987655943705e-09 2.964107932068379282e-09 1.240956442489012815e-09 4.585518350742126689e-10 1.667613738898859554e-10 5.468541949877322932e-11 1.365811037191679581e-11
1.010740090892440338e-06 9.614604167404704933e-07 6.918939772156848276e-07 6.418928757002634581e-07 5.318902716048211336e-07 4.403044155951849784e-07 3.782592864126533863e-07 3.233594261542034473e-07 2.731507693921710312e-07 2.002171261746826047e-07 1.368157247262631257e-07 1.116631666710323837e-07 8.690307680919548764e-08 6.117959533802772377e-08 4.111209150963035981e-08 2.721125418181718667e-08 1.824073158465442469e-08 8.025816181670519210e-09 5.091300661758861051e-09 5.117225747821287753e-09 4.951409487607753932e-09 1.815549530526070509e-09 1.242652615331409924e-09 1.162933065350960885e-09 9.688518207725884089e-10
5.555232600716926645e-07 4.943164509535415520e-07 5.803816931244575817e-07 5.141256019584526034e-07 5.051964870299181691e-07 5.643290884240894901e-07 5.054175109137105892e-07 4.088853972257634856e-07 3.270409795801227012e-07 2.776320381834127157e-07 2.143060767036110236e-07 1.593303785584764096e-07 9.878942055458898589e-08 6.845431282535524887e-08 3.904606542672561205e-08 2.379891095097015792e-08 1.297371395348495481e-08 9.786015527329588246e-09 6.855303350632652473e-09 4.153479896644847883e-09 2.435725333111857502e-09 1.186977585000294130e-09 4.526205737638263045e-10 1.462458413048043287e-10 1.971257426716482521e-10
9.736296579370674578e-07 7.730359530609527318e-07 6.670431100760013297e-07 4.944415219703169359e-07 4.751871486219940671e-07 4.033927569899463639e-07 2.726171232262415024e-07 1.922795538453450670e-07 1.710350963847441229e-07 1.684852945403421138e-07 1.386478495828748105e-07 8.252183451899889397e-08 5.918303104238363071e-08 4.123835360772038963e-08 3.283725576679479007e-08 2.300256611675641926e-08 1.768247429083764106e-08 1.338115619263005997e-08 1.158579708754830647e-08 8.159242893593122337e-09 6.585120456778100169e-09 4.234196971231598793e-09 2.064716111705990242e-09 9.474813754273216529e-10 9.373960694304308902e-10
6.692853501026483227e-07 3.713200397570617444e-07 4.749680376821416757e-07 4.111603446026296513e-07 3.447299302750806743e-07 3.361419103639094791e-07 3.083392094210692461e-07 2.550169104069489104e-07 2.101261146898928259e-07 1.881491389162644148e-07 1.556444135408498100e-07 1.429684923829534933e-07 1.386387203888141872e-07 9.392908564663859463e-08 5.769207049528071856e-08 3.670975535340733869e-08 2.535176600652385685e-08 1.850814223380912325e-08 1.039915504211937087e-08 6.790380751070024821e-09 5.932755270856879205e-09 6.199185507295530536e-09 3.950083972001773542e-09 2.817043461188044907e-09 2.378447635468231068e-09
1.041191078955971880e-06 7.903607739860188674e-07 7.911825540094203512e-07 6.034111675299691123e-07 4.520933692152390779e-07 3.531668129863641048e-07 3.351940770810402396e-07 3.214050653972202921e-07 2.707100485286136041e-07 2.318066815370146137e-07 2.082310906857314994e-07 1.616635623898777085e-07 1.186956176028119278e-07 7.277330047800986405e-08 4.442502992752206289e-08 2.163206746578988915e-08 9.853015844548634794e-09 4.838032661591672051e-09 3.409501258403953035e-09 3.198686214661612030e-09 7.398709556704997465e-10 5.190669560201755276e-10 1.966514500432007330e-10 4.095406696833273967e-10 2.524961590402534712e-10
7.334332984272663111e-07 6.057202264012054929e-07 5.363456367541401214e-07 4.042740649133117184e-07 3.761809710212605264e-07 2.938221913794915393e-07 2.592040837617535968e-07 2.261274921084259432e-07 2.195321195818270025e-07 1.841420297842145037e-07 1.383086744351748828e-07 9.500514453035001515e-08 7.867602305721948427e-08 5.799982230120515367e-08 3.801417947504411455e-08 2.888806937494131041e-08 1.988974684719748326e-08 1.415936093516416467e-08 8.832893117328948529e-09 5.817854913737607614e-09 3.003364492329292010e-09 2.032331011968231913e-09 1.510562341241595085e-09 1.708551508523625879e-09 2.005339906694506281e-09
1.031080621820098009e-06 9.233815928827967480e-07 7.160326522694305645e-07 6.570293983389806146e-07 5.137700990605241197e-07 4.125912161955544249e-07 3.940136681714812216e-07 3.136455706213334251e-07 2.602804825863060418e-07 1.836740245405793007e-07 1.376049989602883327e-07 1.061366277312337392e-07 8.006999162735898449e-08 5.421971024674496446e-08 3.820660811318408941e-08 2.992883673711275727e-08 1.784337819913294712e-08 8.025025961325225792e-09 4.864512243921549379e-09 3.918127402565393955e-09 3.064065609672206763e-09 2.341532297643020590e-09 2.275549941252930274e-09 2.794016533977645508e-09 3.380850948797821458e-09
5.417080312175884200e-07 4.504849919056509035e-07 3.054815056384416208e-07 2.020621231665111091e-07 1.241867866726469325e-07 1.392671727832448424e-07 1.487904217475705959e-07 2.009189695903192515e-07 1.682724632040446237e-07 1.461807525386792097e-07 1.461729164803270605e-07 1.007870276598528072e-07 6.379933937958492447e-08 4.396286825217386359e-08 2.772783590944596006e-08 1.783353826564398580e-08 1.104640618413184249e-08 6.498605823571461225e-09 3.711902938007486347e-09 2.413071101080324103e-09 2.249504810080081692e-09 9.342994479519487799e-10 1.432223650726054854e-09 3.712183916704945039e-10 2.564038651781482564e-11
1.054231354370510236e-06 8.288886949615352648e-07 7.483378924885747640e-07 7.228616744248726659e-07 7.300592837991266765e-07 6.584440514039684780e-07 6.045064751442958504e-07 5.089272508641620399e-07 3.969679853935025857e-07 2.875067746254712130e-07 2.003269670262978622e-07 1.459228174530164345e-07 1.047110176128495785e-07 6.848609269889658413e-08 3.790620418236491730e-08 1.969966245356446368e-08 1.162619543753121307e-08 7.182847986020464892e-09 4.622452448056265615e-09 2.040090677956377777e-09 7.233243467785252328e-10 7.510549575208539626e-10 1.089254034281467722e-09 1.516517169574946272e-09 6.514234316014873108e-10
5.648775394302337951e-07 5.878999604335948726e-07 5.384261713308429875e-07 5.075841898555646319e-07 4.152390347946604710e-07 3.063830254395333730e-07 2.326396179690606274e-07 1.817470467109958040e-07 1.702639809349605279e-07 1.429917306485365605e-07 1.045130904328843931e-07 8.243013705332677066e-08 6.085666795398058117e-08 4.590968603938839324e-08 3.367525880608383257e-08 2.297868554674930097e-08 1.662367767135816851e-08 1.248504970548173908e-08 9.606920497827809551e-09 8.176207268221950742e-09 5.298435524296351343e-09 2.874637090223736613e-09 2.461152543929000860e-09 1.822186472318690120e-09 7.851623957202849141e-10
2.696384087965974489e-07 3.419199585733473247e-07 3.381155476359406962e-07 2.993650172943005815e-07 2.595704475966985217e-07 2.111528131970882034e-07 1.877856795262069217e-07 1.756436463101705950e-07 1.861593760223126547e-07 1.941567696539613610e-07 1.557124191147046685e-07 1.089756406954273246e-07 8.252849142268334119e-08 6.008765401308479690e-08 4.101475685644836893e-08 3.371671872910430826e-08 2.805804591340832170e-08 2.076870176631698357e-08 1.403381988049726554e-08 1.211823970415658592e-08 1.094379263084525434e-08 7.086611496487202433e-09 3.087164366819290103e-09 2.077554644170605478e-09 2.585522762663133079e-09
8.804504927130114344e-07 7.334251718524530875e-07 6.530726849349759901e-07 5.435827555070832511e-07 5.987355665798142052e-07 5.765953209985837433e-07 5.005702450943240839e-07 3.989804966765301276e-07 2.833199201853537841e-07 2.141895622300429652e-07 1.535466942783334053e-07 1.229117030253811474e-07 8.548328246559146128e-08 6.074724763916174853e-08 4.577352441978294159e-08 2.511854248597409347e-08 1.078712629303786709e-08 6.860462436603134236e-09 4.348777429416096802e-09 1.852065013436114982e-09 1.063369666883389624e-09 1.152018146977629019e-09 1.893540322698889165e-09 5.088387129369471112e-09 4.332703094020110653e-09
5.933729620386642715e-07 6.242394594921444392e-07 4.658786359444434948e-07 3.348731796764199954e-07 3.184324215541820731e-07 2.830798155175530473e-07 2.632536064707448961e-07 2.043872879542741190e-07 1.484661043473905067e-07 1.305657742429928481e-07 1.268063006551714155e-07 1.200775402128050080e-07 9.674181287306176674e-08 7.259853735121620469e-08 5.798752870358778986e-08 3.417712515109863310e-08 1.901494832226374181e-08 9.973286589770149573e-09 5.744960490968766111e-09 2.813630543809205452e-09 1.580591709528686120e-09 9.510454183551902364e-10 5.252898446352665840e-10 2.063630832119228471e-10 2.898085317428573724e-10
7.781398315074459780e-07 7.083381545516678759e-07 4.838042893562999873e-07 4.622524024028059669e-07 4.045691748283363332e-07 3.741560764043226175e-07 3.738416365876467061e-07 3.574066474294411866e-07 2.817691844355016912e-07 2.405506259534847765e-07 1.970856813999763722e-07 1.541738810790509973e-07 1.142093351380146862e-07 9.385623967728791213e-08 8.611779118045414917e-08 6.787678962411905673e-08 4.065374991678249469e-08 3.216821148899584443e-08 1.778065920572653111e-08 6.980380536689600201e-09 2.289801960595745131e-09 1.841394240672008824e-09 1.609186824151270840e-09 7.701242956787432875e-10 1.225738607705571959e-09
9.689627504977800200e-07 6.231144545299211060e-07 5.514173959178736185e-07 4.525291635278598924e-07 3.610478080819015312e-07 3.446532069928484932e-07 3.606372590127185059e-07 3.592893902173923763e-07 2.999751748642933416e-07 2.528819988814147229e-07 1.765041067329242329e-07 1.288129727218501939e-07 1.097069005428808980e-07 8.062440846162299588e-08 5.668297093853803808e-08 3.971116391025996617e-08 2.433252071606650240e-08 1.407918852924183760e-08 6.327633984624184411e-09 3.306076884483651013e-09 1.690147267680417685e-09 1.774663499994632870e-09 2.635758861716592808e-09 1.442919096217855139e-09 2.154706698707779925e-10
7.705119290420919705e-07 6.903798121796198198e-07 5.123443414121407860e-07 4.019485188743183072e-07 3.765663478524105211e-07 3.464588297821904384e-07 2.820049474885293850e-07 2.556746599432333629e-07 2.233495500253137983e-07 1.994513679949441019e-07 1.758300995827115733e-07 1.248523607093346069e-07 8.578921255634782591e-08 5.659636941191124331e-08 3.416752049977233307e-08 1.991595539497909985e-08 1.051478622210976174e-08 6.382066966384869184e-09 3.802712240182884302e-09 2.799367110963198647e-09 2.097057384928278093e-09 1.655553990288103002e-09 1.307959669945100517e-09 7.027062987506622874e-10 3.175695121845702555e-10
9.383459922942779347e-07 7.606726532392582037e-07 7.385121093816357641e-07 6.054432107597295770e-07 4.661017330050364161e-07 3.946746362949195165e-07 3.158185910613361993e-07 3.009287944720364281e-07 2.420339731905645890e-07 1.862984060045734837e-07 1.324442857932961377e-07 7.419178544928577800e-08 5.799671623376534583e-08 3.119280108008273617e-08 1.258156555218459004e-08 3.725520852324110379e-09 1.246670071594927573e-09 1.374060781168398477e-10 2.575232021033315635e-12 6.187734042777589778e-11 8.430235056653332660e-10 3.330589828235704033e-09 1.127741317761862843e-09 5.072180661976585191e-11 3.492614511069214646e-11
1.682355823323606952e-06 1.012453092060376015e-06 5.329454829811612896e-07 4.744537866465809452e-07 3.634819153225291637e-07 3.003802721109441912e-07 2.616918485623087409e-07 2.238098344229788165e-07 1.488216330432916418e-07 9.438591335218269168e-08 5.769311509488627795e-08 3.215722639722613988e-08 1.241937870940438035e-08 4.222527237993452573e-09 1.950202009159201727e-09 2.901445310740664695e-09 3.219890623186695530e-09 1.313203726006077986e-09 1.265881289876753122e-09 2.735072575866015750e-10 3.047246347462666663e-10 1.819798393531576204e-10 2.762778755266185360e-10 3.918483994249300826e-10 8.598067043069387162e-10
1.550874945313168311e-06 1.272941084251678135e-06 9.963769971377258546e-07 7.700895174339688906e-07 5.054568232596601114e-07 4.878219126962574669e-07 4.240941113842897075e-07 3.690631563239657080e-07 2.997818560364360332e-07 1.755569177506599258e-07 9.484601598986430405e-08 6.299658023916608226e-08 5.974897401155417743e-08 5.972082260968045723e-08 3.529505357360240674e-08 1.843868470559117940e-08 5.841953690598698202e-09 1.279611409764739457e-09 3.625541838339440505e-10 6.617335739064091219e-11 1.929986504874562831e-10 3.291090565165986290e-10 5.245519661665048639e-10 5.336237586001806159e-10 4.909597496798485857e-10
8.638415659005076169e-07 6.410682676715588185e-07 6.661234317821013506e-07 5.702109969994455495e-07 5.055935618106000649e-07 3.667184481211577655e-07 2.731843471599236398e-07 2.330953378360653681e-07 2.126176557470889864e-07 1.799577699834913695e-07 1.639506364838690666e-07 1.314504014331943028e-07 9.354273371250136794e-08 7.137872744830548421e-08 4.531405733965436165e-08 3.195328214946526886e-08 2.285987254017963811e-08 1.587969247285051633e-08 1.142089407436888508e-08 7.396944956855339381e-09 3.740956452204636903e-09 2.283890255107888814e-09 9.554903373611309335e-10 4.931834314574336381e-10 5.601289815385200747e-10
3.043648360940681175e-07 2.075621925360672448e-07 1.221488783264847979e-07 1.116083842664115216e-07 1.157533535971601214e-07 9.993849069591882374e-08 8.689006857192339678e-08 7.314962684416888711e-08 5.859902886818262192e-08 6.097784606006670853e-08 5.245921914388151010e-08 4.235976102503850242e-08 2.783248704825413068e-08 2.539683434584360438e-08 1.871422422182410169e-08 2.022505933817556466e-08 1.490840481051835278e-08 7.504922718270864842e-09 3.196860273432200895e-09 1.842557017913693388e-09 2.229506104721944484e-09 2.308571746226852611e-09 2.168855413394664778e-09 1.286280276995786757e-09 9.376956467614679991e-10
1.098046351455687857e-06 8.964790650157426244e-07 6.721718074382968875e-07 6.022193071231887424e-07 4.636761796325006145e-07 4.238457669250936182e-07 3.607931888503190783e-07 3.583774814555533025e-07 2.918491386148846216e-07 2.261894774570010868e-07 1.587228357297563602e-07 1.179085364901873218e-07 9.776008107886354444e-08 7.431207839608921826e-08 4.726234993003403534e-08 2.663687769523469979e-08 1.468554649325990338e-08 8.856204891971986328e-09 6.091119356376565514e-09 3.692310654970252273e-09 1.971864759457838902e-09 1.226366009169838627e-09 4.379631452897947711e-10 4.828690829062993352e-10 1.373919838954313020e-10
1.801310631559008433e-06 1.104102039985886243e-06 8.536610202796357810e-07 7.352167903162511768e-07 6.974772050744562029e-07 5.217260903319823924e-07 4.561951051299239486e-07 3.479721809667190519e-07 2.586834692350397529e-07 2.052313144337254647e-07 1.293215380365265388e-07 9.032907027417699819e-08 6.182237860512867950e-08 3.747705968026456199e-08 2.110198501121941244e-08 1.271363947341936806e-08 8.575970015999182351e-09 6.485017025562577829e-09 5.679107849852865645e-09 6.486854217822906920e-09 6.338632903844753844e-09 4.772860603553660745e-09 3.697106961602030852e-09 2.665654331830059606e-09 1.327392880649718847e-09
1.558531051641171404e-06 1.128217432973543858e-06 9.092035728782075208e-07 1.059409543801380378e-06 7.225354112217820112e-07 5.774779438580543377e-07 4.337872484406455360e-07 3.689821179784944351e-07 2.999196211560729176e-07 2.146282623343244125e-07 1.458726803330139439e-07 1.088888124035363787e-07 6.970644643192379727e-08 3.905905759851450047e-08 2.103263482782400978e-08 1.043792933054451715e-08 4.403012582407010376e-09 1.878346303466236965e-09 9.177633537407150184e-10 2.226082961482316118e-10 6.581022529759056433e-12 8.543588955198155470e-11 4.101032193648870893e-10 1.087014479656979216e-09 1.087719292983628046e-09
8.700384776259675736e-07 7.970512370773743364e-07 7.445603013171391126e-07 6.927066126968165301e-07 5.699260256444803726e-07 5.287899935934536631e-07 4.135067443683965418e-07 2.785481232410309907e-07 2.289152296072063338e-07 1.696616970318038242e-07 1.182513394899617119e-07 8.189222114174950523e-08 5.898429036286518279e-08 3.757972406433946566e-08 2.573377689716535862e-08 2.096310586996558764e-08 1.857648593344721160e-08 1.413744818672792188e-08 8.353046890687576326e-09 6.153752621860276528e-09 4.154818914756108025e-09 2.821756293822217770e-09 2.164049296149727337e-09 1.086383790902067811e-09 1.864074341436353487e-10
6.503799065217036934e-07 5.130964360366246434e-07 3.993540982755847389e-07 3.862334115783160563e-07 3.253930597074790378e-07 4.096625770657537990e-07 4.253020847320786311e-07 2.599633284402649705e-07 1.832277374478180906e-07 1.304152672707490880e-07 9.357974938378268507e-08 7.087513952942951869e-08 5.879775686357358476e-08 4.173604847217455199e-08 2.490119095045550149e-08 1.325774354206493296e-08 6.706593146898570945e-09 3.938911613455407561e-09 1.121889726931651869e-09 1.472888116519333861e-10 9.032877471393116274e-11 2.335692664919860941e-11 1.003457098503284275e-10 6.709284799482490266e-10 3.624924653120500359e-10
6.479458299143011134e-07 4.730819788817204025e-07 3.498295859528561415e-07 2.564550932075123740e-07 2.085588051829203275e-07 1.794897730436404592e-07 1.496518746716622550e-07 1.098417948832026362e-07 9.881794486066573131e-08 1.025389431574481991e-07 1.049444643625239395e-07 6.645743258262171590e-08 3.069686029962596248e-08 1.818482881325800328e-08 1.220743494861177775e-08 1.051313174276206646e-08 4.581421258555850095e-09 3.148491918481294766e-09 5.266325879944126225e-09 2.263067749737628886e-09 1.880245480888392931e-09 2.040298058206273026e-09 2.396436569795695354e-09 1.914791402529757982e-09 1.315375183578617934e-09
2.800587227933954369e-07 3.519007842281662242e-07 3.813134348081832854e-07 3.196463815147851022e-07 2.779294106269154267e-07 2.420097429001113123e-07 2.277830100766510079e-07 2.320309599776134838e-07 2.294868230106019825e-07 2.106241691140835572e-07 1.791654916673582912e-07 1.205987344983858694e-07 9.374028226138978315e-08 6.315026692669871712e-08 4.093508338661444328e-08 2.487630814221009143e-08 1.562154967629181540e-08 1.034908853031121197e-08 5.121591313309660200e-09 1.399453457054314576e-09 1.779803840844749246e-09 6.627836746541286890e-10 8.385125411451474707e-10 1.156420766339181651e-09 2.881189671564244067e-09
1.869617380726621080e-06 1.531222534163184977e-06 1.253285056421247623e-06 8.608835933736955580e-07 6.978706963915332756e-07 5.308438000221774677e-07 4.283434710031694657e-07 3.416856272399801074e-07 2.728017607317396262e-07 2.391655505500490556e-07 1.592623098895192426e-07 1.075228147207955008e-07 6.570911935835718486e-08 4.189845821731415367e-08 2.159105486762320506e-08 1.162689552172693964e-08 6.522596418081305737e-09 3.078381353332578224e-09 1.705180422767705290e-09 1.329679780441326246e-09 8.798690022265155140e-10 4.965663309527598242e-10 1.903717189140033062e-10 9.176231523289877633e-11 3.720772402284657140e-11
1.908828052850817439e-06 1.536425198099536270e-06 1.263249480844015133e-06 9.493825458224676839e-07 6.977792675503267092e-07 5.245957050677106589e-07 3.833609688692404344e-07 2.960964807250482922e-07 2.719966695599441933e-07 2.088666816263982231e-07 1.589585723162469739e-07 1.105675487078045297e-07 8.199011987675875114e-08 6.929825573196624918e-08 4.208047131526464871e-08 2.219903725817311546e-08 1.125222914966230338e-08 5.308499173386050856e-09 2.905971826119301729e-09 3.794739436659220223e-09 3.660979149239081151e-09 1.979307433760564266e-09 1.737599438108418951e-09 1.610595447534952556e-09 1.183735962587728960e-09
1.542289832297782269e-06 1.242120680489075540e-06 1.062308809831905424e-06 8.236038723990419925e-07 7.623234651402573095e-07 5.309118618144820088e-07 3.549841146194448963e-07 2.837080684094132926e-07 2.231673287619086253e-07 1.656065959755263582e-07 1.229536902115509164e-07 9.654543356285855935e-08 6.073053068894015576e-08 4.036588338809323619e-08 3.147549303900263519e-08 2.052953794435973001e-08 1.165110357210662388e-08 7.357256547198207767e-09 6.520855915741814188e-09 4.031847435879889945e-09 2.005333179806121522e-09 1.440757599405067670e-09 7.009601070670984800e-10 3.147980749858481755e-10 7.951216993271727524e-11
1.711228035065049348e-06 1.668546741561130349e-06 9.955289057314605622e-07 9.165575166394659208e-07 8.547563062492780435e-07 6.599358568030029781e-07 4.533198520125114488e-07 4.237946048349962222e-07 3.154406463812727023e-07 2.196550070507855969e-07 1.518252718774458522e-07 1.096636535715265414e-07 5.968870815594407167e-08 2.676052250867768598e-08 1.096133756201465174e-08 3.526554789561716309e-09 1.549391185245168649e-09 2.573920903829650626e-09 3.865832915085327751e-09 5.628075007335744480e-09 4.593019615086248848e-09 2.243030266178957055e-09 6.966587028862893252e-10 3.738995094728877472e-10 4.519746350159469674e-10
1.894782263952127905e-06 1.261333279074641194e-06 8.576510893507412954e-07 6.073939108955542076e-07 4.821816009287988121e-07 4.239681478962383143e-07 3.869325690776622138e-07 3.854674358321891544e-07 2.857695592565617127e-07 2.254621346388708357e-07 1.566725732933498259e-07 9.476913312040495176e-08 4.164086935385347646e-08 2.253906937641724268e-08 1.441087155897058387e-08 7.997094645147525233e-09 4.940878385250935728e-09 2.731664308261660528e-09 1.995254797564737668e-09 1.719446200151114442e-09 2.119933581564397437e-09 1.537774155506871832e-09 5.742713698394732207e-10 1.214965213425489902e-11 1.346140925733757556e-11
1.338948616300547795e-06 1.002226266417701489e-06 8.241172369089443087e-07 8.091777826013464862e-07 5.822333596470863748e-07 4.664324225688363308e-07 3.805169823357764396e-07 3.230725177296272643e-07 2.694705012654027999e-07 2.044233335071658150e-07 1.715394866516210180e-07 1.306478436271442588e-07 8.544026326551725131e-08 5.591202476734631007e-08 2.473220676404031716e-08 6.958444144515615824e-09 1.223170870183111291e-09 4.130368258898579215e-10 1.572134896750463707e-09 4.265217663015751827e-09 1.281258991678788104e-09 8.934286876446714908e-10 2.307353045974828700e-10 3.061803196820141950e-10 5.906894940794626240e-10
3.028278945386223777e-07 2.355546959591851645e-07 2.607738882368119299e-07 2.197912545207063649e-07 2.283073241235394558e-07 2.159607338074339137e-07 1.972554428629568660e-07 1.686578912372883150e-07 1.478988399654282394e-07 1.169454757316110053e-07 8.259238798614003357e-08 6.959538465606537118e-08 5.549430333156119494e-08 4.998077215825419248e-08 3.352424545145874553e-08 2.233513709286876031e-08 1.644381607570020382e-08 1.252081800945738753e-08 8.848095936126875041e-09 8.368901649618732219e-09 6.100781436072826352e-09 1.819899086939676343e-09 5.505251382874353713e-10 5.534575792473311382e-10 9.148729833674933270e-10
6.763340306651912551e-07 5.272125843933207256e-07 4.487896394170992441e-07 3.977416032531112901e-07 3.099176427824730303e-07 2.516391741984316724e-07 2.317117672825958726e-07 2.300897036673407298e-07 2.292634705489933310e-07 2.075322042731504509e-07 1.626272437457050683e-07 1.297764728460699255e-07 1.076528751578968024e-07 7.761012065931279410e-08 5.206181643895022208e-08 2.747580512941344714e-08 1.728068944218227513e-08 1.183202659340984698e-08 8.725236851583055548e-09 6.462472568112719594e-09 3.652369112107005456e-09 2.316486989794437928e-09 2.065845902923764372e-09 1.946261346339378657e-09 7.848040955458023694e-10
4.714035081871143616e-07 4.180168090613084554e-07 2.631696551493569615e-07 2.732355138776177776e-07 2.437315198844470581e-07 2.004497155380928702e-07 1.655713009645402899e-07 1.694384616657397753e-07 1.281644588844207987e-07 1.001767056104613695e-07 8.610224702275452930e-08 7.199942890630825913e-08 7.285987094995798220e-08 4.535629528011809438e-08 3.364647930919784268e-08 2.113729053079947874e-08 1.381482949212452278e-08 9.073503360434678679e-09 5.797752612637637030e-09 3.868307993715589633e-09 2.766069367987009687e-09 2.061626270058840845e-09 1.451278240097822580e-09 1.340590375864228725e-09 1.621078430276061175e-09
1.828862070031289421e-06 1.384286564748099492e-06 1.277741478299938780e-06 1.245499411401451752e-06 1.336345045594861125e-06 1.102417476963296581e-06 8.319513846265750199e-07 5.682479272735335347e-07 3.314221823463231978e-07 1.877091028254127254e-07 1.220275268657191959e-07 8.797525263227545236e-08 5.353937449347940383e-08 2.548659565619395440e-08 1.190781779183947744e-08 4.845579254974899847e-09 1.281615548026046992e-09 1.185221714916877506e-09 4.881060273051580390e-10 1.140816416818282729e-10 1.471622783836001838e-11 2.442208345671302672e-12 2.411205569465946882e-11 2.065680725291297139e-11 2.398713489798808652e-11
1.061022569734033785e-06 1.000356199015443126e-06 7.855136443728446146e-07 6.810522739176349570e-07 5.749618563091293501e-07 4.341866576000732870e-07 3.301783412816887209e-07 2.811456031190268540e-07 2.305087790136654294e-07 1.688109491518610057e-07 1.373643887323708810e-07 8.810293258040051112e-08 7.647912505918618525e-08 7.563410196776506295e-08 7.480755680436476897e-08 4.884988994383429945e-08 3.134574186175513599e-08 1.957017427920955664e-08 1.233646054914107135e-08 8.463843206198903289e-09 6.160435623822532933e-09 3.642508037650201175e-09 2.749713740760648535e-09 1.462357181437825560e-09 5.422489664183697034e-10
1.246165525007325790e-06 1.021923253336209694e-06 9.524746037092482946e-07 8.785687095938929559e-07 7.792287337528464106e-07 6.779573220410028439e-07 6.088296221669039098e-07 4.458059499402556617e-07 3.370850875262937327e-07 2.606970754475120460e-07 1.964160946854678714e-07 1.457086824093953318e-07 1.255382347604815299e-07 9.507842825614656519e-08 5.384835412653043730e-08 3.048846394012092860e-08 1.690875417966748742e-08 8.087614083595152690e-09 3.801917681330886087e-09 1.960493896251088963e-09 1.683007425627146594e-09 3.108008039967656472e-10 3.098487297270864896e-10 2.865746449844055630e-10 5.738307753423182523e-11
7.330477481154573667e-07 6.703143988986927363e-07 5.020032264281929140e-07 4.438869065421317774e-07 3.497101473232967297e-07 3.080330964084945498e-07 2.121053631357802804e-07 1.944350659631073558e-07 1.758330780855307685e-07 1.277124212166887536e-07 9.943234440748228922e-08 9.018567938129025129e-08 8.848281200293062008e-08 6.727207821415469173e-08 4.112065876088052963e-08 2.834418055625250212e-08 2.089408724816244858e-08 1.427297088163573557e-08 8.815606333764542715e-09 5.195846487865841635e-09 5.474641820021291494e-09 4.585494717491896967e-09 1.909245578757292606e-09 1.590564912880660298e-09 2.794479660640044840e-09
1.442878940881569902e-06 1.141917883495670969e-06 1.035595103663685896e-06 9.322067391185088399e-07 7.061152202330842476e-07 5.900194883682310906e-07 5.222160997548250573e-07 3.468839582719587255e-07 2.585270662904352336e-07 2.023286073795922718e-07 1.547164232659557124e-07 1.034737142700136015e-07 7.583825469624913363e-08 4.495749423300079955e-08 3.056835753155032884e-08 2.101861272673217959e-08 1.133841044685846696e-08 5.969281512393906801e-09 3.137776700397278384e-09 1.195688211980831134e-09 5.914164178099346766e-10 2.577287770608085896e-10 4.153516391103737740e-11 2.377473027668309494e-10 4.981739934075669531e-10
6.332401590731071148e-07 7.417570732119525940e-07 5.746938267122283171e-07 4.505048017361159043e-07 3.693650381244237182e-07 3.166895494539779132e-07 2.291950748188333533e-07 1.800947811683356738e-07 1.591900772115525396e-07 1.429557497839126236e-07 1.149515540059129577e-07 9.259024423480344463e-08 5.827433816163864694e-08 3.719780380252224603e-08 2.475067151246324006e-08 1.369929904220795464e-08 8.712343927107920624e-09 7.128564396025259635e-09 4.694762010732376707e-09 3.152688910105892045e-09 2.544963153737578416e-09 1.842249784470045333e-09 1.232171856644007599e-09 1.031209414235064706e-09 9.896700954589808756e-10
1.628413832673567732e-06 1.241819552257739951e-06 1.111329408106053193e-06 9.464774571246127631e-07 6.631532617233756954e-07 5.496761542716416738e-07 4.198909158178892107e-07 3.713031551197370599e-07 2.867858975160794746e-07 2.037932606169150801e-07 1.710635045299065677e-07 1.233452631025618973e-07 1.030158938128148111e-07 8.406277939983082062e-08 5.937410481621295819e-08 3.901333744268888396e-08 2.310580926555954342e-08 1.339626907348552723e-08 6.331563429311129962e-09 2.648816029755865765e-09 1.192856692568511911e-09 5.344600238227512177e-10 7.113724038487207762e-10 1.663989018961145045e-10 6.306125015757409160e-11
8.043254323469395100e-07 8.323981564389989094e-07 7.691984017892816078e-07 7.189274209412677492e-07 6.919473070665257268e-07 6.306599719643327279e-07 5.366818030182803882e-07 4.543384981467243524e-07 3.890512324551156485e-07 2.923828963112830182e-07 2.217349798800080688e-07 1.318825209076048520e-07 8.116461677384191145e-08 4.921211903711878279e-08 3.075611408389370083e-08 2.054425181353865970e-08 1.304506077623432002e-08 7.543093399166231828e-09 4.250362091753370399e-09 1.249677137280979622e-09 3.705710737625637821e-10 2.926644365675583473e-10 1.462380522566979369e-09 3.783660768194031519e-09 6.869780776049496641e-09
1.104496441420784029e-06 1.023582745454354206e-06 8.047768354404621528e-07 5.917586196322547397e-07 5.412730408740361906e-07 4.420622336099194968e-07 2.928318983277010713e-07 2.239839154090675326e-07 1.806287415145489664e-07 1.365345744439099180e-07 1.131569372122864497e-07 7.499370734363800989e-08 4.180805108313232581e-08 2.760223233324166991e-08 1.766890450461559694e-08 8.695070341100849706e-09 3.432801390501512330e-09 1.092899088646626535e-09 4.655990852968433611e-10 2.306968813607470536e-10 1.942277591725509645e-11 2.144319929403990211e-12 7.195437070310528821e-11 9.455445522892384255e-11 5.182973762500287757e-10
6.831127711550331024e-07 6.718018641038996609e-07 5.432109056476674433e-07 4.304453113901239241e-07 3.360740589006811232e-07 2.897675423814370521e-07 2.559557693556219405e-07 1.839247296423608000e-07 1.597207080285835545e-07 1.319341579481763665e-07 1.094669844866600849e-07 8.934586322224740725e-08 8.697560334572132808e-08 5.835485840378480455e-08 4.260934456436504787e-08 3.123581945867171033e-08 2.250447180262070908e-08 1.343104543490462555e-08 8.623988202177392035e-09 5.120299272749663794e-09 2.615904762014007507e-09 1.686192299826079956e-09 2.258809639043559211e-09 1.798429130471187528e-09 1.252204215004688395e-09
8.436710077672741381e-07 7.243111954898634518e-07 7.715692199130257000e-07 6.507577728267212061e-07 6.957940887221844383e-07 5.387105392645043888e-07 4.837130385395503430e-07 3.682218341205566443e-07 3.072372947320365462e-07 2.191098623785143380e-07 1.956888972200378480e-07 1.743296883705842000e-07 1.357183730912235967e-07 9.046278237416856983e-08 6.297072478629261817e-08 5.143375814019035661e-08 2.423355282494696346e-08 8.462268114034015128e-09 2.591584541317098822e-09 6.910195319806083241e-10 3.016224316385372681e-10 5.342119286512800197e-10 2.660599487373850962e-10 2.160375106004609613e-11 3.125878095986579823e-10
2.235597405894520199e-06 1.903722723566504139e-06 1.597205032516030230e-06 1.285028151392046793e-06 1.054792745260865702e-06 7.669057588498668489e-07 5.335470011452041947e-07 3.562146157177323588e-07 2.662663190511597867e-07 1.672701067333089561e-07 1.071572317088271362e-07 6.563452446422363190e-08 3.933518297175678813e-08 2.313508370525353681e-08 1.472902917589549384e-08 9.186260182879673021e-09 5.519491906728382351e-09 4.249450308114399585e-09 1.613279072913311950e-09 7.723772124191271875e-10 3.627899046364981538e-10 2.708486592642259753e-10 1.641705101994551504e-10 3.672887734900363368e-11 3.466161038643775226e-11
7.712314161700774985e-07 6.854168823583435067e-07 5.920044982260511948e-07 4.942549669582585212e-07 4.921010822156701792e-07 3.858418713797659284e-07 3.285030311216479537e-07 2.885625096502852793e-07 2.406799509573043409e-07 1.884828123615931116e-07 1.285082395196173594e-07 8.101431687701977459e-08 4.257841064950664157e-08 2.720677550965878910e-08 2.059579208572245185e-08 1.458641478960190188e-08 1.036819679806247711e-08 5.904535261093954984e-09 2.809496362667239113e-09 1.435019057580957472e-09 5.539801418789006297e-10 4.700969831590545087e-10 1.428284562368173426e-09 3.526906040578199158e-09 1.699529950308216396e-09
2.565276047769071042e-06 2.695118188330752549e-06 1.842836545553281144e-06 1.479797540925041690e-06 1.146247739510912474e-06 7.661386960645526304e-07 5.360450627315136608e-07 4.271971758933267223e-07 3.486321123514710314e-07 2.526631921169521409e-07 1.642504478160380383e-07 1.101579915187201115e-07 6.973166629930756032e-08 4.228841276669654432e-08 2.709133828343962361e-08 1.445793701217057893e-08 6.902562376684982342e-09 3.507198679317556928e-09 1.276699067193023326e-09 1.871514042593413144e-10 1.596368526765703481e-11 2.351491416445813765e-11 2.341480288493302729e-10 1.347714866958508611e-10 1.620557571377251911e-10
7.097327296198950170e-07 7.894077157909020282e-07 6.796588342875555010e-07 5.580316483878296229e-07 5.371365814869738953e-07 4.063887470289675034e-07 3.408109040175092723e-07 2.795505749420628470e-07 1.645184978071932232e-07 1.180632563010416028e-07 7.043378664283461039e-08 3.586600081215848160e-08 1.310063094898621072e-08 4.767448822267816802e-09 1.427142022353252534e-09 1.029085632983546644e-10 7.364545949434290696e-12 2.012528836789445153e-10 4.572011806443469346e-10 1.161492467487603425e-09 1.514403798857405115e-09 1.102920426050203766e-10 3.112073531166999923e-11 8.529721368878464210e-11 2.418700764247177267e-10
1.184895140175445115e-06 7.347407926513959588e-07 8.429344956531503796e-07 5.600448077581524545e-07 5.547964179722664418e-07 3.509160890956228422e-07 2.880076946672546468e-07 2.208476431760988863e-07 1.867701433762829388e-07 1.759021831456831135e-07 1.318768899739338133e-07 9.748799937085760214e-08 7.814173908406173878e-08 5.838887131978622768e-08 4.888586958721408060e-08 4.391838419450583656e-08 2.846017452015235885e-08 1.315900731032536430e-08 5.385649401732811989e-09 2.546511167307897444e-09 1.227813066006287991e-09 5.501507589963875344e-10 1.856094052659974567e-10 2.776518722517881760e-11 2.776917042026421828e-13
7.460313803100763624e-07 5.106695870011294557e-07 4.259479490459495229e-07 4.572528592641913130e-07 3.661518251392462170e-07 3.315518209464854269e-07 2.619565060403978359e-07 2.282971476200784629e-07 1.689719867559545796e-07 1.400651231939383312e-07 1.145083994895226280e-07 9.897543024045156653e-08 7.800824358812828831e-08 4.842008237590854260e-08 3.414798875576103636e-08 2.317715330306860904e-08 1.589261419342679425e-08 1.231775071952193705e-08 8.444695535159129356e-09 7.182363157510685989e-09 7.903229077631376847e-09 5.588909504669342465e-09 3.594648831082569472e-09 3.993398166489040781e-09 3.018637224021710214e-09
2.410280341310065913e-06 1.705538378042607984e-06 1.102847045378606502e-06 8.960096036721311027e-07 6.704986904604722974e-07 5.809918894948330874e-07 3.810337747811841261e-07 2.422693992610594208e-07 1.990385273001305254e-07 1.544215057838944321e-07 1.333926709850889707e-07 9.169039224688505216e-08 4.531259864016023211e-08 1.537188851608734882e-08 3.450042629489376590e-09 5.230807160720935899e-10 2.397020779018526237e-10 1.809513143826195803e-10 1.542857220277137153e-09 1.552436414562453842e-09 3.834722287163236134e-10 2.516230851206149758e-10 4.159108242498173586e-10 1.437600160051890868e-09 1.378377328930757851e-09
6.840221380632697413e-07 5.041605215871448360e-07 7.470679188277255692e-07 6.169727643333319950e-07 4.858891231919944306e-07 3.413738001769040081e-07 2.706848099499974387e-07 1.868910805451066517e-07 1.524103977217276944e-07 1.642074236649630913e-07 1.582288548408020737e-07 1.412322064258985518e-07 9.811098862826705501e-08 6.265436998679583357e-08 4.072188484682095910e-08 2.662207970306733032e-08 1.214916463131406326e-08 4.976749229790765787e-09 3.583379669145704060e-09 5.390529930608585205e-09 3.648242376722983446e-09 2.499722656369530748e-09 1.027181756485985742e-09 5.245897755692682573e-10 1.192570255454008984e-09
6.453866302007588673e-07 5.935819404774170398e-07 4.873238766797210474e-07 3.975923298422811255e-07 3.912562809210984375e-07 2.756793072413310869e-07 2.678413489145113119e-07 2.257825295245037547e-07 1.769416142655842423e-07 1.692966363040549837e-07 1.415948933543878655e-07 1.046821808528887789e-07 8.152921480142213920e-08 7.228923696410345087e-08 6.272307578262095476e-08 4.290826962400066803e-08 2.747934668068124023e-08 1.876997578478685240e-08 1.089909399580476563e-08 5.748497985469007034e-09 2.615145552680992288e-09 1.310959488855221936e-09 6.789653935471483925e-10 2.847192134405064578e-10 1.032392836340926726e-10
1.077179161845406368e-06 1.055162542665949734e-06 8.088619278611313411e-07 7.517246270346700246e-07 5.795862722997578595e-07 4.736016692701617657e-07 3.363401613678917748e-07 2.723996398717353311e-07 2.210840106750944501e-07 1.461386297624634441e-07 1.157111044678354374e-07 9.196068777028961971e-08 6.317889762671258020e-08 4.769461937478084373e-08 3.748028488661995185e-08 2.891066827543186404e-08 2.210414020398197364e-08 1.796140207426940748e-08 1.249926091741594740e-08 6.914977955271519274e-09 4.150061380241380384e-09 2.223957504794612906e-09 1.405625457324627488e-09 1.187728469205276921e-09 3.524149285354496518e-10
1.911133724543557292e-06 1.532660318614114772e-06 1.196436475266483934e-06 9.484322906167110556e-07 7.285082377769982651e-07 5.745188376869220170e-07 4.083487632195891489e-07 2.912645856068205820e-07 2.095627796738180456e-07 1.524930222836634607e-07 9.210327107586781924e-08 4.692548733554837449e-08 2.768713490064998862e-08 1.087821586739442874e-08 3.795859377175396470e-09 1.247478525019461971e-09 2.625296861008988805e-10 6.256000283881208272e-10 3.553727958253350546e-09 9.273170162977259629e-09 5.972613141546910509e-09 1.266135475896119642e-09 5.208311513227413164e-10 7.083021149116818603e-10 1.219544188385379800e-09
1.876953174600626571e-06 1.369961777620496904e-06 1.231179203720779733e-06 9.252753862766230961e-07 5.073216846442367293e-07 1.804402623923798243e-07 1.215950933077243345e-07 7.739429033014904218e-08 6.198888163927419341e-08 7.233790011585502597e-08 7.618159277667283447e-08 3.236322135440926336e-08 1.299008568463098757e-08 5.507708842586498237e-09 1.084358452316230380e-08 1.644447092721557666e-08 1.675610985199346630e-08 1.212136229993114995e-08 1.052612473281890313e-08 8.442955189796706145e-09 5.868887338610539361e-09 2.753768096932299687e-09 1.388298382539285118e-09 1.153426710573137567e-09 3.483345329976158847e-10
1.208272691440079224e-06 8.885350940253494515e-07 7.648688902659711937e-07 9.634482939695623146e-07 6.812792636153046347e-07 5.030516583994554180e-07 3.974289129476618939e-07 3.039357295231900953e-07 2.431230254900075912e-07 1.815048769335397702e-07 1.510981028794236131e-07 1.151328821781289888e-07 8.639647164923684696e-08 4.817823571572688758e-08 1.996590491490899024e-08 2.816946819451096777e-09 3.248285906876442693e-10 1.939689904353351390e-09 3.237769537793243525e-09 1.865886140696957388e-09 5.987232020908657402e-10 1.115753834124011732e-12 4.673259710165742413e-12 5.545294535971384250e-11 3.472702740510991694e-11
4.139447284748834744e-07 3.351657370449419772e-07 3.368223214849668311e-07 2.707518543585087740e-07 2.283396338941072374e-07 2.474503754932409893e-07 1.696346245251200700e-07 1.534910021986290558e-07 1.236569454799713180e-07 1.318075277242774546e-07 1.083763249470375228e-07 8.220138429711949018e-08 6.870317754865437834e-08 5.209091144394348822e-08 4.450417641131904950e-08 3.339913693839326963e-08 2.467095114148875470e-08 1.693449781146077714e-08 1.173003278036315778e-08 8.671374648262288587e-09 7.853202023902183630e-09 1.023346182898568055e-08 1.416303350647339298e-08 1.340353675141135791e-08 6.103321982396063167e-09
7.621580635312230704e-07 5.299964311519310077e-07 6.193806171840628465e-07 4.897020781500924035e-07 4.413284381665949102e-07 3.512923304459174768e-07 2.999831818158371622e-07 2.646280316758341541e-07 2.137837024298582967e-07 1.735262957879152352e-07 1.453912908673538776e-07 1.098216498961588990e-07 8.328124543100860422e-08 7.432606267230828779e-08 6.110173631719681407e-08 4.431708716595091042e-08 3.317045498015302677e-08 1.609442636743456962e-08 5.496988302275866619e-09 3.026227524750925825e-09 2.832392493832003218e-09 1.905673379391249930e-09 1.025227044596665238e-09 4.474065352388856565e-10 2.775586315119143840e-10
8.689189536448794172e-07 5.000977038035306226e-07 5.062848374258831643e-07 4.126822317246661803e-07 3.108840080526817127e-07 1.899767747029201994e-07 1.480307522215681862e-07 1.160089978701363192e-07 1.081842379585584640e-07 1.185382416974073033e-07 9.597071257499878091e-08 7.797264759959594506e-08 4.111854220470751344e-08 1.832030196756300390e-08 6.369371876805563717e-09 1.439450583034917940e-09 5.309704430650600364e-10 1.759320134743724724e-09 1.656788461594490915e-09 2.044404160725820500e-10 3.216004336995066526e-12 2.343597378915300061e-11 4.711826329954941240e-10 7.669433798033088608e-10 1.576795341139661218e-09
1.058970682331601009e-06 1.033617831407378306e-06 5.812029779265779593e-07 5.905448720382538448e-07 5.728298563358644805e-07 4.920040133678589549e-07 3.016176471336366111e-07 2.396789004940695730e-07 1.742865059174900563e-07 1.406908815985964012e-07 1.093405656725381745e-07 8.376621303689256190e-08 6.353144549988118012e-08 4.537696054360506978e-08 3.472860871190898429e-08 2.504428285950590414e-08 2.072765514060578636e-08 1.417513808840690214e-08 1.136380319921954535e-08 9.582024232424380337e-09 9.136633206605788169e-09 6.052786161638604260e-09 3.477806562588607947e-09 1.987567221897218574e-09 8.046094088691512867e-10
1.011984190779305932e-06 7.874739064108242979e-07 6.455261581332605406e-07 6.494879055775364432e-07 6.290831865214848689e-07 4.540167523125817948e-07 3.627489890662804086e-07 3.043167611681015940e-07 2.150168584664672512e-07 1.460006480407194730e-07 1.009651912154098579e-07 8.524517061416913881e-08 6.816087179319070827e-08 5.918871560187751154e-08 4.780538970308499696e-08 3.984797554738767282e-08 3.024864769443890141e-08 1.445082474123080460e-08 6.969040726406886550e-09 3.425300611630965019e-09 1.573108772703357412e-09 5.473717351661709875e-10 2.892263405978032086e-11 9.846001309834384183e-11 8.739192641802537256e-11
7.546159475004419729e-07 6.484664272068646017e-07 3.725215798251197420e-07 4.422766799751516939e-07 3.265835624693731506e-07 2.503257834586008377e-07 2.201934762839203862e-07 1.972937542395217805e-07 1.787174780021986444e-07 1.570027835285578236e-07 1.496721399316398587e-07 1.105234707049988767e-07 6.889040883056922194e-08 4.326905616784660608e-08 3.069515219608844498e-08 1.925926950583081813e-08 9.374817081524847402e-09 5.040748532059060019e-09 2.883209255382948335e-09 2.992500287029139063e-09 1.794951763637556391e-09 8.188810313922570608e-10 2.099354999628695565e-10 7.102275466886199546e-11 9.417656496581620461e-12
8.201170668809577406e-07 6.077680957761320746e-07 4.875275020274740594e-07 4.977527189754016703e-07 4.067586549232894823e-07 2.873584840920110253e-07 2.145829856952163817e-07 1.582997152526942339e-07 1.353373548597502766e-07 1.056754045208341351e-07 9.424871189140157490e-08 7.842793915582070672e-08 3.692224543662696872e-08 8.066432098357124670e-09 3.235853651930961812e-09 1.164831079890764029e-09 1.014487720629576580e-10 1.191256605184599625e-11 1.049909765578587900e-12 1.970167832496963904e-12 3.771278602271688440e-11 1.460084356608898991e-11 9.328506902375802901e-13 8.027180559061025132e-13 1.052917944301550891e-12
5.742912879017450281e-07 3.853530848717093563e-07 4.705621535970426353e-07 4.495554599890524752e-07 3.548573750630972275e-07 3.140330793863863202e-07 2.956944526857181951e-07 2.430808361266945746e-07 2.024355380042810818e-07 1.678197442756702354e-07 1.397252411072113850e-07 1.044045467110135859e-07 7.467651559809596129e-08 5.050454597017967121e-08 3.759381543234497521e-08 3.378029560828007495e-08 2.784912621761053358e-08 1.714976989118342181e-08 1.052358826798761391e-08 6.898055674008285643e-09 5.257130691966252978e-09 2.862895125974302342e-09 3.845043124517505501e-09 2.192686129255312591e-09 6.437857790883506252e-10
2.527885377122242708e-06 1.677873153710343619e-06 9.367786656109751113e-07 6.745448623976035770e-07 4.337272632544773156e-07 3.098401153877008177e-07 2.558380009991479854e-07 2.121840829647549584e-07 1.725525483801454997e-07 1.445987189705921507e-07 1.356023438533798436e-07 8.749663156459332229e-08 5.419595432730667598e-08 3.588784340766389110e-08 2.381476399433511252e-08 1.229072382487833570e-08 7.374111695214503326e-09 3.815450482036352984e-09 2.862344578638015269e-09 1.182421120928386742e-09 9.157900213211859383e-11 1.093232040435588407e-12 9.426510420791892219e-11 4.861632491685329182e-11 1.249380296967856318e-13
1.916579307188848961e-06 1.726094769144630301e-06 1.523310390927773278e-06 1.057875386569944474e-06 9.425974514819471899e-07 6.466648404853285202e-07 4.779127497665818526e-07 3.074301527012968154e-07 2.411385955105224137e-07 2.156746841986235574e-07 1.767870469731378772e-07 1.232172473331101658e-07 8.622466829173864082e-08 6.337591096732274534e-08 3.730331843947306760e-08 2.075405801350791603e-08 9.864477030466057590e-09 5.909201118101641432e-09 4.264931914976040740e-09 2.801307500951762436e-09 1.905760868159288002e-09 9.470164326662679388e-10 1.042494914657732371e-09 8.613029485851930957e-10 5.891732968661899161e-10
7.370193537845395978e-07 7.139948251871755763e-07 5.019034308965227158e-07 4.850193121519621350e-07 5.319054865360027006e-07 5.937495594774815991e-07 3.472032413311529202e-07 2.320194688571316296e-07 1.563895662587935000e-07 1.221290097979846053e-07 8.987940251982393057e-08 5.399225242247283533e-08 3.056872677567911608e-08 1.426412937521415442e-08 7.737179240994646925e-09 4.778957038809200566e-09 2.038583956245532734e-09 7.081380864057289274e-11 3.639304947219550230e-11 1.169960510565646635e-10 4.573236995506475915e-13 2.586157572534127815e-13 4.091483771421841568e-11 9.820551692686493080e-13 2.656074317216353628e-11
9.827718799414488429e-07 6.652381027348437944e-07 5.811448477734363533e-07 3.604197963967016292e-07 3.867751391392148631e-07 3.211704641920853133e-07 2.969075474327780629e-07 2.561734708954530940e-07 1.948362184957843802e-07 1.616767831922410156e-07 1.131020670772613236e-07 8.004335369878420272e-08 7.094270292802918212e-08 6.352446995401886065e-08 4.021125809298481996e-08 2.449182583913990615e-08 1.626638706251346258e-08 1.121563272014335804e-08 8.031651354618960914e-09 6.540103641959987370e-09 4.202720765466503950e-09 2.436021522026774252e-09 1.717445142556935381e-09 1.260003655882861695e-09 1.456367871650027657e-09
3.662080460745489057e-07 2.642227510848874116e-07 3.808087303190330857e-07 3.624703538047726199e-07 2.249995002883222886e-07 2.257783421285025694e-07 2.244268530581578360e-07 2.067780482399695319e-07 1.689124286780616680e-07 1.323253654040439431e-07 1.066637107406323626e-07 8.196921458710521037e-08 6.748191652263368307e-08 5.478691468230238190e-08 4.621179040569436081e-08 3.389317826433662413e-08 2.613032456518282713e-08 2.392461451264262057e-08 1.631507683483809670e-08 1.212587359069650933e-08 1.203205168474853957e-08 6.473580088971017181e-09 3.083144697567911170e-09 1.301059871769292277e-09 5.497750416897702098e-10
4.768245871672825159e-07 4.295587834393071486e-07 3.084906432377695414e-07 2.978525290910574703e-07 3.232487160518809140e-07 2.482562970787328656e-07 1.749150047005735817e-07 1.747998575787740536e-07 1.983759184687773311e-07 1.900374466326034857e-07 1.153714355090703194e-07 9.076975905639946127e-08 7.323693895102303267e-08 5.751793240303156159e-08 4.218836809652571589e-08 3.005332716287053203e-08 1.950081703012869884e-08 1.261455625716754065e-08 5.151842494149859248e-09 2.061629078785694808e-09 7.078153547320232911e-10 3.047517993150305140e-10 1.418308994082629617e-09 2.202238991200745599e-09 9.756845652557097061e-10
1.340410044688219693e-06 7.964305336419603612e-07 6.469919683953898882e-07 6.061895925115515256e-07 4.193677787197743092e-07 2.554882242652258514e-07 2.187452075724179844e-07 1.816768336881656406e-07 1.607837940386175418e-07 1.457184629165656602e-07 1.240738551276799266e-07 1.153265692411224695e-07 7.662044568724488686e-08 4.790622216664819714e-08 3.683491067404362323e-08 3.588630029573755416e-08 2.984762151427357763e-08 2.360152344537428324e-08 1.710290015161190183e-08 1.371750242217733362e-08 1.411841493606455623e-08 1.146664526097932340e-08 6.384294736768772903e-09 4.542110482569605359e-09 4.198169128662301961e-09
1.019488624576129964e-06 1.104716306853307822e-06 1.060940788975003554e-06 9.333041104231730077e-07 6.856260696149903493e-07 5.407480884372648978e-07 4.099871508975080297e-07 3.213935644154698782e-07 2.710160693637124355e-07 2.317734749130332176e-07 1.811333079708493780e-07 1.419485363125700141e-07 1.023463478698812873e-07 7.868194698434035501e-08 5.959130441469230111e-08 4.663765151265812343e-08 4.342720928793855977e-08 3.479975611451934638e-08 2.796338144472064910e-08 2.089486568722798197e-08 2.141687255022366703e-08 1.553670528657086416e-08 8.550662598400062216e-09 2.266783378902665162e-09 1.231645901152444281e-09
9.244240879180362429e-07 6.719673168598928191e-07 6.916019255412507385e-07 4.591851726526836005e-07 3.180661542937560159e-07 2.634370185419189386e-07 2.175435016053883395e-07 2.094064750335720633e-07 2.088087711062820318e-07 1.907301887344769146e-07 1.620119638772710506e-07 1.432321358140929560e-07 8.974019511462105512e-08 5.821781848708601224e-08 4.260149461038878724e-08 3.170066259902549729e-08 2.002499618128549633e-08 1.346746470374556479e-08 8.273914360356509885e-09 4.151769621501664912e-09 2.345780554427630546e-09 1.539334791327801005e-09 2.368731787919102120e-09 3.623253175903513308e-09 3.196958969217144123e-09
4.073452344460855747e-08 6.048748446350747956e-08 5.667179035274796151e-08 4.717137285550528062e-08 5.453184108488862998e-08 4.627360763826695203e-08 6.316855954189426769e-08 5.751393826191481116e-08 6.811079298445270737e-08 7.886140074734916249e-08 1.273620752832495447e-07 7.827136537953968811e-08 6.120581588550103081e-08 4.230227730798725063e-08 2.680268639324926766e-08 2.026244084703893375e-08 1.480235172348673180e-08 9.087992306999384872e-09 6.376908437621948109e-09 4.293829998078340167e-09 2.970958025398486854e-09 1.063124481876826950e-09 1.357414312278389059e-10 1.304682263192448869e-11 1.253314247104617024e-11
