4.745664951327262785e-06 2.587691806100461012e-06 1.221798902686584508e-06 9.082930278425974174e-07 7.507578098762720220e-07 9.334123737290169291e-07 6.932821055683027642e-07 2.041623939773628048e-07 1.560462710323936602e-07 1.928177476155529332e-07
1.703751249010983659e-06 1.643982620877363195e-06 7.129784033595025300e-06 1.282679319346331721e-06 5.539021636692282525e-07 4.209792115976679282e-07 5.050948749844514205e-07 4.091769024005852804e-07 7.258511524670330572e-07 1.802236266387765097e-07
3.592777657287724690e-06 2.190762660336157226e-06 1.721712366533847315e-06 1.104030963530432486e-06 7.072835648567977307e-07 7.266611587714961258e-07 6.073290822831108410e-07 5.874321476895970702e-07 2.030759227413870578e-06 7.769070732180542955e-07
4.634443502241648002e-06 2.713254590162979886e-06 1.665901884066463777e-06 1.137685828582681772e-06 1.778149272795495205e-06 2.605962862752698758e-06 2.080713915721515915e-07 5.486959848450421818e-07 2.674957902829001712e-07 2.905736810554890219e-07
2.147677521189900425e-06 1.770391144766026191e-06 1.788207649718797021e-06 1.591974918991787523e-06 8.382758667845937004e-07 7.921229907596664440e-07 8.324790635451893051e-07 2.762796662602159221e-07 3.824057013711601666e-07 8.408437203560976789e-08
2.566847264029686454e-06 2.290270759422171207e-06 2.599897571179053511e-06 2.460149149063205863e-06 1.654970955425585165e-06 4.408064875120936236e-07 2.515404627555392238e-07 5.238546953551507042e-07 1.745044570172284670e-07 4.248575903483645342e-07
1.945009091897310682e-05 1.612712784550546674e-06 1.274796138452770900e-06 1.432384243615608675e-06 7.762806350956290015e-07 6.017394858063466444e-07 4.967791374891448759e-07 1.668616164399557277e-07 8.542757794856807361e-08 8.314572182880898304e-08
5.772755314982794885e-06 2.147374626435570642e-06 1.376491392256900202e-06 1.314189413505540900e-06 1.012232333476334376e-06 6.332136511394969026e-07 3.302042864882427761e-07 5.403452967514353535e-07 1.679511171776582195e-07 1.357925097737261593e-07
1.602383970973716870e-06 5.294506809084011598e-06 1.422016647037908997e-06 9.571499718062620935e-07 2.756805982673505447e-06 8.413607472772198228e-07 8.295326041863483735e-07 4.011138973939285784e-07 3.451632803409716191e-07 9.434650358947296696e-08
1.975929507771840983e-06 1.568456966938907709e-06 1.292619026577343061e-06 9.625381442995167586e-07 9.085327180926590081e-07 5.431852506116348779e-07 9.458974224078751485e-07 1.904496323199964511e-07 1.594399142093200353e-07 3.050178013545159304e-08
3.144733722072912885e-06 5.286944508402794058e-06 1.645355419377723242e-06 1.386745317173600626e-06 8.856511771779361856e-07 4.628512541927345532e-07 5.070019946413519674e-06 5.717387397112439190e-07 4.684052531733909356e-08 9.818932216178737924e-08
2.902934705835466060e-06 3.562256947645311594e-06 4.570958169979979988e-06 1.867027876895521965e-06 4.765835609666820618e-07 9.931451899761870364e-07 2.936922814772424440e-07 2.552717714934719727e-07 1.356928447606944945e-07 1.498394726165613315e-07
4.661308844453482862e-06 2.324274489791340979e-06 1.261918117671121686e-06 8.202198306119362403e-07 2.722763344947214939e-06 6.998411375729744781e-07 2.219088729199662337e-06 1.860442901029348994e-07 4.691681831042422520e-08 1.555586025426968241e-07
1.855182401291817085e-06 2.836654303969553535e-06 2.046231374381779436e-06 1.555544132483849543e-06 1.072154413504642956e-06 2.720032055601513382e-06 3.721559590376709673e-07 7.626143436412614886e-07 1.337538347712718070e-07 8.938508153408927691e-07
2.449883390967259249e-06 2.022491510492876639e-06 1.056316092285981282e-06 9.203148128043046338e-07 5.736599508260100702e-06 1.098014370617551545e-06 4.824850384263551733e-07 1.549844649743731763e-07 1.014547278705979001e-07 2.314678124345882247e-07
3.673571555215589911e-06 2.270393265197140912e-06 1.466376186983969866e-06 1.167706977009250511e-06 7.264968071510183629e-07 1.616041981698680629e-06 6.760119280855487747e-07 1.857006637617466273e-07 9.535925141656237586e-07 8.989761031199287668e-07
1.534654066709266771e-06 1.343255897397879663e-06 2.106249240864091079e-06 2.404225216947883853e-06 6.570184948277108347e-07 6.675628862506981581e-07 4.175682988263202584e-07 3.898307091990167123e-07 1.562303130128922788e-07 9.556423022524134216e-08
1.836974615347109737e-06 1.593750614910615361e-06 9.676790628817214137e-07 8.185789192481806118e-07 1.773636646419504292e-06 6.303741049107425409e-07 3.481411624336890473e-07 9.123729367555929012e-07 3.565233467220247346e-07 2.781879156857007377e-07
9.284365959046511711e-06 1.031393377417597740e-05 1.353812767164641502e-06 8.564968063815117202e-07 5.283113692578188485e-06 2.959246593883366328e-06 4.690805557578232425e-07 1.635718685419414220e-07 6.703302203409667851e-08 1.659700960159269465e-07
2.155131279451303373e-06 2.041591379361417344e-06 1.213780368692774978e-06 6.817629930891363370e-07 4.850783815057724288e-07 8.452254949758313133e-07 3.340943058559446289e-07 2.093045881769819970e-07 1.379311480213702604e-06 7.017388778838241791e-08
1.264802739762127456e-06 2.677918896763958662e-06 1.276078065426267317e-06 6.458245634815309024e-07 5.704480273218303991e-07 3.496487947573688223e-07 2.745572895909789678e-07 3.467794302414244897e-07 8.023462813187006367e-08 5.012534537377605329e-08
1.705774086920268110e-06 1.265102320716213914e-06 1.095537527685863122e-06 3.465356238565247705e-06 8.752997591251877461e-07 7.894740589228151233e-07 4.389576748431402891e-07 3.369288377967343342e-07 8.504666747871155009e-07 5.825391376167225117e-08
3.918224420025873563e-06 3.702822160350735445e-06 3.366133073855564962e-06 1.880134456127764179e-06 7.169429884809102077e-07 4.974233517253387669e-07 3.379369861653243598e-07 1.969952736039118688e-07 1.117764693685443150e-07 4.722859182640804331e-08
3.057851178381236096e-06 1.389409406021714763e-06 1.260077350162056686e-06 8.363164091533853424e-07 1.604047694718968150e-06 1.415724625984043619e-06 4.648403502555207477e-07 3.598697838107551211e-07 4.337030604545164056e-07 2.701649771034437995e-08
1.617786622761177646e-06 1.140826354479659764e-06 1.015252354256760678e-06 5.605627494016295172e-07 1.270732632518896158e-06 5.530247102976591277e-07 2.721835566852890692e-07 4.576048245100385042e-07 1.824453266096145966e-07 1.190699451109333645e-06
2.744875492992465756e-06 9.732775789099704634e-06 3.192954985751978319e-06 1.118375379768185515e-06 7.562949363100735790e-07 6.259851716848853391e-07 3.110136105728902537e-07 1.527539745940512357e-07 2.800758617588639359e-07 3.618281874057345447e-08
1.496866500254257101e-06 1.432164499684682032e-06 2.840520170611917203e-06 8.487327852080298574e-07 4.980756600968034073e-06 4.117646465553988099e-07 2.738376800240947759e-07 3.900280590251990771e-07 8.401928132189791081e-08 4.129562371388669703e-08
9.227125320714066856e-07 7.033357988556996303e-07 5.900299392052961567e-07 4.250957688454619815e-07 4.222965090934251452e-07 1.166695079654478246e-06 1.144728370889607600e-06 2.412406210155692441e-07 2.070467872104181341e-07 6.665646284745197294e-07
1.499134789234182652e-06 1.773572196283081366e-06 8.131691143489431475e-07 7.470729044312317572e-07 1.269290660986066912e-06 2.728049451690196215e-06 1.057119535674659664e-06 1.767472186895845152e-07 6.011756302561622092e-07 2.434168300286953394e-07
4.558477289724210363e-06 1.230894863026319899e-05 2.222471359610695801e-06 1.947925714103904172e-06 2.130199068787309035e-06 3.055350601711787894e-06 1.278131108241872237e-06 2.284084859325617570e-07 5.570861409217129517e-08 4.584285021261532905e-08
3.354303554403058710e-06 1.737679097662468054e-06 1.303124265976156236e-06 8.398059418818896704e-07 1.087411037451186364e-06 5.504769832362603844e-06 4.046480157374825362e-07 2.777571143318280597e-06 1.280179559707791909e-07 9.161087315155317982e-07
5.027761776377644346e-06 8.610076958446550270e-06 2.554645661684218397e-06 1.386349467114076434e-06 1.599593665794095822e-06 6.374314012544345204e-07 3.513572140730583879e-07 1.627329908206168439e-07 1.857254786069571721e-07 2.443291441375099590e-07
5.352740600983434381e-06 3.187491587165093554e-06 4.102648868978482439e-06 1.180872098473378338e-06 1.362888430738848701e-06 4.517106880166398767e-07 6.068240769901435926e-06 4.330720690030134129e-07 2.619067863857066095e-06 1.313591320270139635e-06
6.741993410220369614e-06 1.287815620336908132e-05 9.591712579574541598e-07 6.712590578969250513e-07 9.069457318924719120e-06 1.514964224248614683e-06 3.106934855655702258e-07 2.695846810484597566e-07 5.552894337200936244e-07 3.995764016994799298e-08
3.107855577312362068e-06 2.243808102896659307e-06 2.182354391471286059e-06 2.819565744860903861e-06 1.104535506974949765e-06 4.664947534833692775e-07 2.752618152991198492e-07 2.193666243908169461e-07 6.406919164099512843e-08 3.796719863653026145e-07
2.693505648570612505e-06 2.092921951511356344e-06 9.791585514036018546e-07 6.400462697856008595e-07 3.446861015877608420e-06 6.907529209576348226e-07 2.866391861378194501e-07 3.761831527463631044e-07 6.945261256547955492e-08 2.381374094519600632e-07
2.643115757621781933e-06 1.762042082437723125e-06 1.132059032028134550e-05 1.328611590425891323e-06 3.301191796032681640e-06 1.213922066364395622e-06 7.225418845861436911e-07 1.030610031628140994e-06 4.120864716272445762e-08 1.462168164251354440e-08
1.856357048669409258e-06 2.185834028526798674e-06 1.862631549679606037e-06 1.198930385052434168e-06 1.092769590370009990e-06 2.842885436653045067e-06 2.819528239898068919e-07 1.203156349278548716e-07 6.389252979070156425e-08 7.652466304618643595e-07
4.422855799468463325e-06 2.482166273683086416e-06 1.350092060606280557e-06 8.126591925713558634e-07 4.072072136984662334e-07 4.880208186616237361e-07 6.421157910130791022e-07 7.182228775412688126e-07 2.306756493374385732e-06 1.240029624963955820e-07
5.429359369644273113e-06 3.379848131126988049e-06 5.305569395455376470e-06 4.851219353626240715e-06 1.224089108198262399e-06 4.359755666260009964e-07 7.274698947341762638e-07 6.706771145940895142e-07 3.340848698137755929e-07 6.711699978504355677e-08
3.072069664304363771e-06 1.259014882367229993e-06 8.072759502386833885e-07 7.665111594581276377e-07 8.506449628802041331e-07 1.647723608232980858e-06 3.052079990753248626e-06 3.735391454220859049e-07 8.733135825793225725e-08 4.536548186704181038e-07
4.301233238513093678e-06 6.517651856553818234e-06 1.630503198829535208e-06 6.601595535679854302e-07 4.979670010670019788e-07 3.322424569429186431e-07 5.505277160506665664e-07 1.644015735028338348e-07 8.150289038715014304e-08 7.930976249870054445e-08
1.813282453166413439e-06 1.815538689647447076e-06 1.593829291192862144e-06 3.178894719914885128e-06 1.127095162956865381e-06 2.558962460599236068e-07 5.486452143568148880e-07 4.720302457800054443e-07 9.563476343581365986e-07 1.358815882719814453e-07
9.172269064421882391e-06 3.453010954368822651e-06 3.727611409010646239e-06 9.734029605413065810e-07 6.075717866359181913e-07 5.073095577195468014e-07 3.312405543286738154e-07 1.225436591367351481e-07 4.526151280758229694e-08 2.902141105537008808e-08
4.686317107397732089e-07 4.514937855263978833e-07 3.840057565697269261e-07 2.871107771306674789e-07 2.811154121439431365e-07 4.599523538451954134e-07 5.302044015077480765e-07 1.158640041245197080e-06 2.360299809769343272e-07 3.443720931208843879e-07
1.888934606917437260e-06 1.842352595590818630e-06 1.626223678350579010e-06 7.090461382867976064e-07 5.269665871934304758e-07 2.548396793389208399e-06 5.979661265243821922e-07 2.519116034125940651e-07 8.690043008281658378e-08 2.942978896570741293e-08
1.053440272494025318e-06 2.341257500914997097e-07 2.192657116490223827e-07 1.937927406219797641e-07 1.038174656876722762e-06 8.403783401484957852e-06 1.116786782546014679e-07 1.034294802184358396e-06 1.296229259115679521e-07 9.967798171977640686e-07
1.651830824851145094e-06 1.073214102056911790e-06 2.035955605763488678e-06 1.301497437808222183e-06 1.690003259517327896e-06 4.488265867941655671e-06 2.592525295550513944e-06 1.204702289229324720e-07 7.846188181218633923e-08 3.277772152639861526e-08
5.641555276927402276e-06 3.328582713225173610e-06 2.208195934338524507e-06 1.639741952528500786e-06 7.195361212120904716e-06 5.652227554154651770e-07 3.064844974361679526e-07 1.171483945784063587e-07 3.330833638863503228e-08 2.897427651946215265e-08
1.043918488839194773e-05 2.002468929430819740e-06 8.540154805159479202e-07 5.713274243592046442e-07 7.636920498193807619e-07 1.984990605659790133e-06 2.074420517119609032e-07 8.123623669478541237e-07 5.505773370582409124e-08 1.417609562775924372e-07
2.470762107155311958e-06 2.925281126870898214e-06 1.638145614678397700e-06 1.305808287248915611e-06 1.212190815305462576e-06 6.338469836111389723e-07 2.877732980395446210e-07 6.021716869996153709e-07 7.641723281485080042e-08 5.818923539759996992e-08
3.829899148657961895e-06 1.605196804744861875e-06 1.007649869026639240e-06 1.053985586065969473e-06 9.957948961556475690e-07 1.589054534470215294e-06 1.622088259961859459e-06 1.885795856335215262e-07 3.886899879552901910e-07 8.903297610350040458e-08
1.007529753450001209e-06 7.809928479082324657e-07 7.306725090843146785e-07 6.376204473519609251e-07 6.110077160018089346e-07 4.690030981730378651e-07 3.270334247342423746e-07 4.329338935735696702e-07 2.709317761481099462e-07 1.057886080358195834e-07
2.399865176193068858e-06 1.317558743374913134e-06 1.801462296263228462e-06 7.209183389928211033e-06 9.276941883315440636e-07 2.751386678937837621e-07 2.381863575413123769e-07 1.485878393170484077e-07 1.730321746910607832e-07 2.125489404600147266e-07
1.849777631197020879e-05 1.186309087460422133e-06 1.522430004219442330e-06 2.702224904427429198e-06 2.944875233484972535e-07 3.756927112981169156e-06 6.563638792963171370e-07 2.185456227637408977e-07 6.578912538840802784e-08 6.510168418594566883e-07
9.419577978760860199e-07 6.938689473684078192e-07 6.130727439633593907e-07 4.358344472958130125e-07 5.597235702140197801e-07 2.729690318546542526e-07 2.295478356197600800e-07 3.878126051065485422e-07 1.370898947998730691e-07 1.694122774093459640e-07
2.769303209868674635e-06 2.496268171931282213e-06 2.526319102971698308e-06 2.082471127603211917e-06 1.055171510305406269e-06 1.798445856248972540e-06 2.268598666570398290e-07 8.333710267287822179e-08 3.069690311762485715e-08 1.353960164863941467e-07
4.922006534521904261e-06 6.224448277633919211e-06 2.845582997267864389e-06 4.910655820678208106e-05 1.375296854085509680e-06 2.616540669486448792e-06 6.690578741959466207e-07 2.277858922938418747e-07 7.416327298592977501e-08 2.761138354407296691e-08
1.480058859470752295e-06 1.180079923933958276e-06 1.184453698929278168e-06 9.421690980183333754e-07 8.024904412009699947e-07 8.101823395080516130e-07 4.773712526567333185e-07 1.433002333349648874e-07 7.151048575925850514e-08 1.610715456591078007e-07
2.988391532632007108e-06 3.022308392338191675e-06 2.123366334850223645e-06 1.528477867122061608e-06 4.201401800387780351e-07 2.605679184199396401e-07 2.503183010361932002e-07 2.035449534914599001e-06 1.184008768106018300e-06 2.131569753495267125e-07
1.140328119610825264e-06 8.258837515290654963e-07 5.776839571917016905e-07 8.301692390349521998e-07 5.779801182418300200e-07 5.966113828582995746e-07 2.142587499891033878e-06 5.896616906375136205e-07 8.036869210695083111e-08 3.300838775197834192e-08
6.672430640028118138e-06 1.459218076742730867e-06 9.277885976442443305e-07 6.867334250387873780e-07 6.047995889429788080e-06 4.365150579409582170e-07 1.314345833399856923e-06 2.131755977395345366e-07 1.796559379161622051e-07 3.212141531804588004e-08
2.346390576658377753e-06 2.365967054645729225e-06 2.814947031093201544e-06 3.174752999968625317e-06 1.353661177714645027e-06 4.770164489968643921e-07 2.232120016890011939e-07 1.855956657712346345e-07 5.807512685367393970e-08 4.721940554064510764e-07
4.374622609497263153e-06 2.198430622500154221e-06 2.749161314147830474e-06 1.566735867445177172e-06 8.654901455347381990e-07 4.934929308080459213e-07 1.873947083748157496e-07 1.341270783475231250e-07 6.387153216480946454e-08 2.995359223630892470e-08
2.708932040586715781e-06 1.944565272084392225e-06 1.630594379566108059e-06 1.148239086592553317e-06 7.641909613089252373e-06 3.123259296946850133e-07 1.924656289567482232e-07 1.101384686755341139e-07 7.339276845615553132e-08 1.975913884581238214e-07
2.976180034317113230e-06 1.924720401570445103e-06 9.482274633843286763e-07 6.928280076638913090e-07 4.336671089398722940e-07 2.857453326897699866e-07 2.408873041367859173e-07 1.635049083401807312e-07 1.000936466455571754e-06 3.229825664021435973e-08
3.184629249578478271e-06 2.271201898708631004e-06 1.564148613967164280e-06 1.329188070431535592e-06 9.550781519929297297e-07 9.209566908819364947e-07 1.179428875666162100e-06 1.366284613928355132e-07 3.946393532234620758e-08 1.952104434030699499e-08
8.802268464051329712e-06 1.931041787765444493e-06 1.317629889417313011e-06 1.341188871291272755e-06 2.741784188456818821e-06 1.735473917140927525e-06 1.627350039149580307e-06 1.340225207349251598e-07 5.756225604352293354e-08 1.301639586813904994e-07
3.129963894063871149e-06 4.211269053039016133e-06 5.853209454936470221e-06 2.682139341946411087e-06 8.868767679235085177e-07 2.627437306364201346e-06 8.516252156960659639e-07 1.592975738881449761e-07 3.404671908428955900e-08 1.906173670740644881e-08
1.268661118080675453e-06 1.044101076696922163e-06 7.221638602625287851e-07 5.639164883210963221e-07 1.309719254209285216e-06 4.192303575069473137e-07 1.021256146122938385e-06 1.458640196324182816e-06 3.600893882147878029e-07 4.405063735366499036e-08
5.449015817466953103e-06 5.631387233072092401e-06 7.434926861011331276e-06 5.939271540322285587e-06 7.005230765804221968e-07 9.831973940340962915e-07 4.483442414445229256e-07 5.113179986725711253e-08 1.741936153729726588e-08 2.546574563253497639e-07
8.388539486068294262e-06 2.826670201836052204e-06 1.416727745543948340e-06 1.324801466241817559e-06 1.168617458249943893e-06 7.101164772686084816e-07 5.991739119780359468e-07 3.535298287890068242e-07 2.342314070296355740e-08 7.970679129278886205e-07
3.862027795032507181e-06 8.692764928800001293e-06 1.929360682561175843e-06 3.931726759041837245e-07 3.489086910295565614e-07 3.485302442244270933e-07 3.329469907123095753e-06 1.351850811131343843e-07 1.018507384018045791e-06 6.220489805030795430e-08
1.968075481755370162e-06 7.420427857363465301e-07 4.918125793614278927e-07 4.741048939930973782e-07 2.165484321033185947e-06 1.017303281221590305e-06 7.590742902454096693e-07 2.507935706307230375e-07 2.082433276110917765e-07 1.241229470441783256e-07
6.502372008816507457e-06 3.872034205571448909e-06 1.310479761611005892e-06 1.097235495231540228e-06 3.808009550599292247e-06 5.034341239613236616e-07 1.697669306446425490e-07 1.139678503319247533e-07 7.943856219029876314e-08 5.916909839816608854e-07
1.616708604148438707e-06 6.081596287667748167e-07 7.258695308398300072e-07 3.984222945483759065e-07 2.754360158859493801e-07 2.317399969388123234e-07 1.787783164829382132e-07 1.326911118947400522e-07 8.066417402717594973e-08 4.697129541035858931e-07
6.488105802421289048e-07 6.805744560996884489e-07 6.856787005259530173e-07 4.110147714835838891e-07 3.394358449855535782e-07 2.541311314186466560e-07 9.575805110490394786e-07 1.471650067679143663e-06 3.554596151290240432e-07 3.310411344153434287e-08
1.306206746593054011e-05 2.371102581791689921e-06 1.154153631557763928e-06 1.447283504118121688e-06 1.060578867212742864e-06 3.137289060213695754e-07 2.213127285026661279e-07 1.307889713769923367e-07 1.973176158212970689e-07 4.111638360709237783e-08
4.212019556221757325e-06 2.005295819520307380e-05 2.437456189955774782e-06 8.423558721029719835e-07 4.628640101815247635e-07 1.288662728668266375e-06 9.646409501040757249e-07 4.035801015634045609e-07 1.107777099899654733e-07 6.698529565745867407e-08
4.155715011604531021e-06 3.282931433726176102e-06 1.480032161012489609e-06 1.443670237570795143e-06 1.127373223430142767e-06 1.398330611253393077e-06 2.991526592064238211e-07 5.792926420873169171e-07 2.090104457252806198e-08 4.389279205074313120e-08
3.037924991973762504e-06 4.532788268430183724e-06 8.685464274340539749e-07 4.882821570782823795e-07 3.334715401878376116e-07 2.350361756844739713e-07 1.517236301651613633e-07 1.170372245145138151e-07 4.088853121765601980e-07 7.891979763042060227e-08
3.734821035927781422e-06 3.990468503252286163e-06 1.971236379026346757e-06 1.065506409503740089e-06 6.472366444862073604e-07 1.078407007334539291e-06 2.261953296280402786e-07 8.440486106786158291e-07 1.771230206610602565e-07 1.184920714321016482e-07
6.656759761105781695e-07 6.575763768204956422e-07 7.422505221428668835e-07 4.192058500227611176e-06 3.993396419101760730e-07 1.012674017434636681e-06 1.894649822592566599e-06 2.721632615857799751e-07 1.076976464951638430e-07 6.604324664438765950e-07
3.523099816339787224e-06 2.725800793114668390e-06 1.430320005357337290e-06 4.906085853543683296e-07 3.666067289672168783e-07 1.131953379005201308e-06 1.090436306406354907e-06 1.470773829239295861e-07 9.213548101279583089e-08 5.118315097784199624e-08
1.523696226296580950e-06 1.127999105789948510e-06 7.060795314326793316e-07 5.519280150722901780e-07 6.059124485100364854e-07 1.504042890602362466e-06 3.162900292720019013e-07 2.233941465119090951e-07 9.561437200851884647e-08 2.271076957335567141e-07
3.300474026944752603e-06 2.543500476618260688e-06 1.204159456458707665e-06 9.006947682641736796e-07 6.253968068275443431e-07 3.780362752942868301e-07 4.131583342628185146e-07 4.418496562754979149e-07 9.959616594483085874e-08 2.010949594421503964e-08
2.736789104958280206e-06 1.729490064509416074e-06 1.440974256427535485e-06 1.133998806924592975e-06 1.501138277122037070e-06 3.691780920978753337e-07 3.079140464421022509e-07 1.732535132856076822e-07 2.451601995878967036e-07 4.020985717988080116e-07
2.401573323702364711e-06 1.965485009885596035e-06 1.182937715566408655e-06 7.688747953841025535e-07 1.026020255514216018e-06 1.609941367188880788e-06 2.016510363326287774e-06 1.066913018903454346e-06 4.646594027248732412e-08 1.708903434315935718e-08
4.771431152391838388e-06 4.553559225211155692e-06 1.417168108171509451e-06 8.909513301845957707e-07 3.995934607402465486e-07 8.101331456215751591e-07 1.855108584466956762e-07 4.390408023603711106e-07 1.048825469791571775e-07 6.219670149724785776e-08
5.813592446187668235e-06 4.262221441083856889e-06 1.870483987523218990e-06 8.183873154314752076e-07 6.575048833356742695e-07 4.019568605395381489e-07 1.773354332749921863e-07 1.071881742100208424e-07 2.336789028709382017e-07 2.079717537991067727e-07
1.791975435745919336e-06 1.859881704489339711e-06 1.780534023633704740e-06 8.372321214120902684e-07 1.085717814250569192e-05 8.099042204720201491e-07 5.671462613223907277e-07 2.134814485905246775e-07 4.907357296164023969e-08 1.042628503257972284e-06
3.362755852885203387e-06 6.357271622716682911e-06 1.452007987804628672e-06 1.390428297806451288e-06 6.022875186942676683e-07 8.124622670545725083e-07 2.719786684890749343e-06 2.238476010070641909e-07 1.847960254983808923e-07 8.719419890064623849e-08
6.198307819665392770e-06 9.406212138301179107e-06 3.158467509077793731e-06 7.146389977236899286e-06 9.590756191934987731e-07 7.414396576038579148e-07 4.050362976529607095e-06 1.361167923098507008e-07 6.313222243841619055e-08 2.168019970164923407e-07
1.084145170382356898e-06 7.383870204248413649e-07 5.694835491525224148e-07 4.286190032164296954e-07 3.119054891911753227e-07 1.297225440102082299e-06 5.190220459239945245e-07 1.576147925452366024e-07 5.906056994814128511e-08 2.430660350632324211e-07
7.783956849520868927e-07 7.262404007198621125e-07 4.441028464299391674e-07 8.751397518065427442e-07 4.916092768017745611e-07 4.817954516341460200e-06 6.103983886256600283e-07 1.996517983447283823e-07 1.680368393698616574e-07 5.554820758938848854e-07
4.913836169125595173e-06 3.146475726777544590e-06 1.356431398607614234e-06 7.420947136719484246e-07 3.587053262865490751e-07 2.674532345947711380e-07 2.270474474202672172e-07 1.386925182688217961e-07 7.873039597523620901e-08 3.368116550057409688e-08
1.568311566402002587e-06 1.149219908349355298e-06 5.615209454125718990e-06 4.486566368885955521e-07 4.825807323791159917e-07 8.726907208130805109e-07 3.479891795560696332e-07 1.194881403112378161e-06 8.040252787695691413e-08 2.869883645669205931e-08
3.093141539328762808e-06 2.489018334416286652e-06 9.369663141510999589e-07 7.865845311118255195e-07 4.702363449307072359e-07 2.418721897864358948e-06 2.592700836434754732e-07 1.534160861929793804e-07 5.083906644787488863e-08 2.032256854550337341e-08
1.258927226749587743e-06 1.223901944670755126e-06 5.286837346572122143e-06 2.238977227662350702e-06 1.138309102687117314e-06 3.100649767309530737e-07 2.556474703696097852e-07 5.701779078852300755e-07 1.523517099082936687e-07 1.549928036022049993e-07
