6.888344508996298642e-06 6.507056033945005005e-06 3.243616762057498486e-06 2.020118902688220729e-06 1.349046960552269092e-06 7.629386685737388390e-07 1.224509917407232438e-06 5.527369975254391778e-07 2.829228638389524690e-07 2.216045280601540431e-07 3.069396708457519042e-07
6.902774417265775280e-06 4.476677989926397757e-06 3.089495572528972766e-06 2.102477651736031522e-06 1.166001050135449392e-06 9.990858773644130631e-07 4.078235011983997569e-06 4.555971385329495546e-07 7.865716962861185641e-07 2.112258867887270092e-07 6.048022794481366752e-07
6.657960248295942555e-06 4.343309854052881907e-06 3.656146931385698693e-06 2.338736088160509978e-06 1.858619405923661545e-06 1.420232340737155593e-06 9.864569866318946576e-07 7.490169949668341847e-07 6.846467784894642800e-07 1.342985498459559007e-06 5.885384220104972739e-07
6.289059724419204725e-06 4.659173916198453931e-06 2.457829198632943923e-06 1.555458275466242214e-06 1.289312485532347247e-06 1.662173746013505937e-06 1.184238407883694982e-06 1.336876143760683261e-06 5.021821471097034394e-07 3.156125198430609293e-07 2.084432513091982267e-07
4.536734476787771377e-06 4.815638870906082021e-06 2.173385127268254659e-06 1.821492295137238344e-06 1.465928735609457109e-06 7.331230737399218920e-07 6.401528335392686391e-07 1.008992696690276342e-06 5.839143020209702399e-07 7.677867145260870413e-07 2.772964939164815081e-07
3.282328686460767271e-06 4.027148258729023774e-06 2.952614366384507777e-06 2.461282967776534597e-06 3.765883477548436796e-06 2.350210085907634783e-06 6.812014715467660946e-07 4.197327869213553851e-07 5.822761090063864867e-07 2.427695315053519683e-07 6.544425312745150653e-07
9.262230653675186204e-06 5.254383496677371712e-06 2.711304052291941837e-06 1.792021823544559835e-06 1.231625578223814716e-06 9.790482347764074674e-07 6.300213632944292816e-07 4.567247149540634779e-07 2.838804407073229420e-07 1.155266188469109647e-07 1.082106725966593949e-07
5.673787907104734847e-06 2.442118156359751080e-06 1.965433464568527360e-06 1.656509218656429276e-06 1.186209384114591614e-06 8.306196344213417214e-07 6.648529780744107632e-07 1.218527589857271334e-06 2.584677363232129006e-07 1.770795182948504418e-07 5.404176238166841252e-08
4.754875002249992192e-06 5.911463173959177772e-06 2.602044149017073419e-06 2.074056743178481352e-06 2.523473352182246299e-06 2.617110707754454242e-06 1.063065111613161436e-06 9.491550293956395381e-07 6.526649954196678568e-07 4.077536830402083375e-07 3.065083354835107105e-07
1.818728893845890024e-05 6.763588938868835816e-06 3.471723923203952197e-06 1.925693661508532561e-06 1.450383607586727497e-06 8.728877604319749483e-07 9.061722348263890319e-07 4.613861124145734557e-07 2.480797713890134320e-07 5.556304155289524115e-07 1.523408499975693720e-07
2.755557659632862960e-06 8.526170731492726284e-06 1.163824370052254811e-06 1.532756943363144991e-06 1.662575810841804739e-06 1.471501017910547499e-06 2.268620318833842934e-06 1.463095008162248435e-06 1.042457134917307365e-06 5.220203040593952236e-07 1.462923282992898235e-07
5.726243473191492081e-06 4.710930156317959852e-06 3.411732052114656177e-06 2.196091028150713092e-06 1.976516431929650467e-06 2.712519940826564171e-06 2.181657047959013612e-06 6.172189271968337705e-07 5.520212337561729027e-07 2.696620599464834547e-07 1.112731759050094018e-06
5.397323834637975723e-06 3.354837776629166195e-06 2.501211452062912010e-06 2.418694132723721594e-06 8.621132426465085276e-07 6.652327644046216594e-07 5.073739696984240021e-07 8.129717615750705090e-07 4.029348446726012996e-07 1.931496337826339566e-07 4.015631668736361881e-07
6.104177910017343482e-06 4.345716381281361244e-06 2.208772972362236319e-06 1.654357853059410989e-06 1.566100312708841423e-06 1.604831502766056810e-06 4.405093488699281246e-06 2.780610226413579654e-06 2.430642314811381690e-07 8.942849840136958464e-08 1.999067642786403642e-07
3.176102148565921481e-06 2.277672512015092903e-06 2.275996779610809184e-06 2.197316958844487204e-06 2.792560124656407693e-06 2.419815701034334687e-06 2.580951836914996041e-06 4.864363474718815689e-07 2.207473083668140667e-07 2.942556282467117514e-07 3.025114728382132892e-07
1.940366876903463087e-05 9.535225150148873407e-06 4.842725556527805056e-06 2.192860865580213358e-06 4.923128150833229882e-06 5.535247165376612081e-07 4.697910649679116113e-07 3.166422650467709655e-06 4.075341719694380886e-07 3.341410100773680000e-07 2.163190159049147794e-07
4.576401604570300745e-06 2.557234210950001722e-06 1.989314130650105374e-06 2.581867044377518873e-06 1.409625531799063769e-06 1.038067046475078713e-06 3.796864499116417996e-06 3.590566085387306539e-07 2.245845746586591846e-07 1.840116223071970642e-07 1.384784476978172997e-06
4.980210851168655121e-06 3.879824678376835269e-06 1.971814619746860818e-06 3.550626150191280932e-06 9.349928816128731611e-06 1.152212500982678903e-06 6.826202904126392475e-07 5.130960969892941772e-07 3.022318460856188314e-07 6.520727955876142470e-07 5.835080440993099283e-08
4.447561503613351164e-06 4.407098887804932448e-06 1.643064227255221116e-06 1.204922127679370616e-06 1.110232115446538729e-06 9.482397241334567948e-07 1.072393494981149184e-06 5.135699358776309948e-07 9.481884982198246110e-07 5.216790415204486068e-07 4.109865216019159414e-07
2.038472775123900837e-05 8.901653777201605887e-06 5.157071610885392812e-06 4.390372911619639352e-06 1.850422544333716515e-06 1.916560885117352482e-06 3.862513801459557149e-06 6.154978911151537571e-07 1.199280160522387639e-07 1.491540994382133706e-07 9.491009941700695527e-08
5.179768732418655794e-06 2.600216593925677047e-06 2.743991539320172333e-06 1.743004269709421015e-06 1.220790743200187989e-06 1.096580512404776129e-06 9.629600103688268631e-07 3.731833104912844035e-07 2.423335860547302514e-07 1.018670334859442029e-06 1.557905006705098066e-07
4.679055203366562866e-06 3.983793534584691943e-06 3.420565417953861306e-06 1.769568477840294658e-06 9.784330867256632687e-07 7.141195802981004906e-07 1.800933880786331032e-06 3.684279164461197414e-07 4.658784476310812270e-07 1.192339786304363726e-07 7.858717548784799110e-08
9.095455884842629273e-06 6.588116126515444877e-06 2.502955683934125926e-05 3.252675013622749312e-06 2.331112790936363189e-06 1.778300382653978354e-06 5.560348644529217505e-07 4.042437639788889420e-07 3.385963423507460134e-07 1.025315686417473284e-07 1.006958673325013651e-07
4.190389408238305361e-06 3.279281884536454789e-06 1.920308182832228814e-06 1.225625626045662447e-06 1.382797724320620946e-06 7.084015542445498365e-07 6.895774603132494159e-07 3.728929612433034313e-07 5.477029224030147551e-07 6.120482008082511864e-07 6.248150847933953407e-07
6.439779880189258943e-06 3.782952019919433242e-06 2.859008017422683241e-06 4.502118705718044273e-06 2.932479272132939774e-06 1.048766082491436461e-06 6.189541948216812384e-07 4.170463415209369164e-07 2.661338505852969123e-07 1.979596595468128271e-07 5.495865575313923440e-08
3.992160929453561278e-06 3.881426339493974107e-06 2.539280268929733833e-06 1.806149555971822537e-06 1.503967142543777519e-06 1.342202617583212153e-06 1.589147190274733055e-06 4.536237901524873630e-07 3.650551710471911375e-07 7.456896592539744477e-07 5.249038426259526056e-08
5.491660231711841115e-06 4.833670871058043661e-06 2.707335125095712334e-06 1.744794465049626753e-06 1.292907764194585216e-06 3.620193889924690455e-06 7.632367294937940463e-07 5.349172921711057361e-07 4.405302768287167962e-07 8.566329732583706715e-08 7.516946214301008946e-08
5.547629676676878126e-06 4.480316992021096971e-06 2.110825493704863356e-06 1.590156594471255170e-06 1.191888844081243115e-06 7.793745950974567149e-07 7.697257152721955381e-07 5.582446269680888846e-07 2.276102930921915577e-07 2.955316154337250027e-07 9.511147788983731155e-07
3.124544056561630325e-06 1.509296992850001364e-06 8.602242910634367963e-07 1.019750843926881522e-06 1.769771585581591380e-06 2.346002836455594651e-06 1.818823422420429359e-06 6.434701019801795649e-07 2.949282137333167995e-07 5.885068485160704086e-07 6.329051880471173547e-07
9.555628967345067016e-06 6.236952999505247563e-06 2.208881519921112459e-06 1.472247213366276018e-06 1.463702073642326538e-06 2.032225888310211940e-06 3.603995091481852280e-06 2.707595123535132244e-07 4.151657604710558831e-07 3.152267867935946831e-07 5.838650481138328202e-08
3.700613684747120188e-06 4.394226380032995089e-06 4.438707041938897885e-06 7.050002531242281302e-06 5.441714739466327345e-06 1.004481572451328103e-06 6.522205309223954968e-07 1.015104662520685977e-06 1.501026547275342998e-07 6.494268829075814874e-08 1.227398195815208658e-07
6.258073235883192634e-06 1.652019649765627872e-05 5.313795508268549321e-06 3.057585305872222132e-06 2.352044329220779843e-06 1.704517297178578588e-06 4.160335607864204312e-07 2.139717384066242197e-06 1.207679659616578687e-06 1.210629531580957003e-06 2.250730708433304269e-06
3.774550735150336013e-06 2.280098897942863831e-06 1.380220936117145571e-06 1.392318690435583122e-06 9.710824510599757375e-07 7.791187540550370620e-07 3.739616067926787980e-06 9.797715119332535094e-07 5.463160396101111771e-07 2.546708095011829494e-07 1.062371323289907864e-06
4.751450877562699821e-06 4.337704858676928016e-06 3.697865677861210267e-06 3.316874370106621911e-06 1.944583891531254928e-06 1.055160667820276676e-06 7.142807484761742102e-07 4.421774675831943366e-07 1.380010400834580030e-07 5.099132966180585240e-08 7.550281361227392231e-08
6.358370714762969415e-06 6.441589677557861840e-06 2.523776857413934088e-06 7.124125394473207353e-06 4.097970448987753851e-06 1.363237031702265593e-06 3.270430501817563885e-06 8.160887531731561663e-07 4.660531357375455324e-07 1.713635074336545945e-07 5.703539468205386987e-07
7.599344547517178144e-06 7.070877180422439205e-06 2.970191171019260479e-06 5.371769604399825205e-06 5.383971285184036918e-06 2.268037703474460639e-06 9.571975342605806564e-07 4.947936840590329772e-07 1.567040269415354522e-06 1.064724716197902765e-07 6.873087834655441416e-08
3.574422255654806419e-06 2.312670516147104306e-06 3.329756489716253074e-06 2.285918873357460780e-06 1.182909310343974608e-06 8.323634591399337316e-07 1.476739646384513584e-06 6.540770869074073468e-07 2.644152570960631529e-07 8.785224212066052080e-08 4.269138918138612002e-08
4.106298061537047294e-06 2.809165817869745839e-06 2.720145194193575244e-06 2.299339172287086950e-06 1.705845187464895677e-06 1.877254005831244386e-06 1.824380545958035874e-06 3.868857033458248868e-07 1.580083475164757547e-07 1.516182718133510843e-07 9.227545036395410072e-07
1.005073540006290813e-05 9.018622400886150918e-06 7.848636556795654214e-06 6.689876650568148936e-06 3.725366352970727142e-06 2.998125859849808708e-06 1.123609260496846078e-06 7.771246543330460569e-07 6.962906982238406729e-07 5.327246168766709849e-07 1.250067508911490655e-07
8.599756346752623562e-06 3.922512521358319975e-05 2.613262019714939014e-06 1.659357324903885942e-06 1.306708101496606496e-06 7.633092709729565936e-07 4.917857928682806831e-07 7.654267080431566613e-07 4.557603530273349802e-07 5.417193380356612421e-07 3.769539187001527445e-07
7.471529046893944248e-06 5.610607452398768335e-06 4.606004649411404598e-06 5.779186543142419772e-06 2.072284854011069401e-06 4.489717092292573793e-06 6.096968431779330841e-07 3.483064624018430749e-07 8.888360637006446065e-07 1.116228232978790275e-07 2.761237532496492189e-07
4.026740809831517038e-06 1.862234576302032463e-06 1.492932886505816103e-06 9.650525356062097938e-07 4.041498803247714121e-06 1.637754455649476143e-06 5.676280325703909437e-07 4.294867235597263471e-07 1.041396396059932184e-06 7.865516955466446966e-07 1.907804385415962470e-07
2.029973356590334063e-06 1.434797807205134859e-06 1.806181889156499516e-06 9.682213358553295249e-07 6.603669162745904124e-07 5.850581146114288406e-07 7.343758973645566621e-07 7.520020309766855433e-07 1.089239862725172706e-06 3.265337287422876058e-07 7.795426142624029824e-07
4.508178157867786688e-06 2.342170885109879598e-06 9.882724617167430556e-07 9.460903857649747151e-07 1.350781033233943689e-06 6.527426356791990908e-06 1.781284710538371612e-06 2.895045788848151978e-07 2.808573769777658960e-06 1.758929182842993221e-07 9.390386237850316750e-07
1.555070600324222421e-06 1.785284546170878451e-06 2.141523742770869965e-06 1.591834602631758993e-06 1.202255833113411457e-06 1.608636452213675950e-06 4.048897387694585912e-06 1.139206123275849315e-06 7.256341600940110446e-07 8.111609223470357264e-07 8.262502983191748517e-08
4.470507630023925881e-06 3.843926297900128941e-06 2.428499118498373114e-06 2.264447839108999032e-06 3.634151795939208363e-06 3.558715355937980381e-06 2.237150894223168941e-06 8.615250180855320562e-07 1.714796790558530063e-07 9.832217532182234461e-08 4.063121196425098414e-08
2.482406783605016029e-06 2.164715263635923319e-06 1.843361926375718784e-06 1.962084079373021217e-06 1.105904355152034465e-06 1.606742253850186947e-06 5.496896000124147227e-07 9.060039299418332435e-07 2.595690558137327477e-07 1.267278016340362302e-07 5.648047271822352705e-08
4.646883392965397576e-06 3.337390198204020411e-06 2.449988826794603474e-06 2.144797849263639343e-06 1.531491103700763793e-06 1.592784723103545946e-06 3.823777383476372535e-06 1.655003121850327299e-06 1.437581725308223110e-07 1.133622895612759889e-07 7.325354957380089115e-08
9.873176815731544284e-06 4.452096769536387573e-06 2.608623926702183612e-06 1.557850603179508735e-06 1.092795518394376620e-06 8.936994194916878282e-07 6.447292665599333676e-07 3.865890019109367643e-07 2.006969407500228274e-07 1.882216299627675393e-07 3.675853493624963668e-07
1.255509423177860223e-05 6.028000913915835695e-06 2.965116883429606786e-06 2.145268516335004239e-06 1.474233411129383831e-06 7.902878711509398129e-07 1.948260144853451653e-06 5.367846836227610827e-07 3.104820554200160585e-07 5.533136591484226795e-07 1.737482857000333472e-07
7.280075556217825353e-06 3.418313350855797082e-06 4.314160202764648377e-06 1.944861585025280220e-06 1.762906577285812341e-06 4.554501158397843267e-06 5.799984456926112470e-07 4.363889204869197536e-07 5.498235854787480152e-07 7.460319506645749270e-08 2.781095419542692998e-07
9.186388450366147007e-06 5.763998912710274893e-06 5.195667568548766556e-06 3.567115554960956762e-06 1.922187235621697577e-06 1.261839747975228853e-06 1.909842445773676542e-06 6.071636341538979379e-07 2.556298070261896315e-07 2.584127651235436932e-07 6.537080464887922481e-08
4.333269002682654004e-06 3.640741959287938674e-06 1.582690498498935599e-06 1.284285467355358315e-06 1.125214628769269984e-06 9.007750358126188313e-07 6.213751448397640646e-07 4.193447701089208006e-07 5.835879915744135583e-07 4.012784112411550549e-07 1.344974139503298916e-07
6.250487361908229295e-06 3.961864039094610849e-06 1.340148450091275384e-05 3.632506115774772358e-06 1.311797750395062703e-06 1.561706490143449740e-06 3.702815932504935530e-06 1.816996907728656104e-06 7.554387403744718124e-07 1.122521200864256602e-07 5.364734717943433457e-07
1.259568109774478833e-05 6.074608747011696577e-06 4.367205629281387172e-06 2.628653767348823020e-06 5.767012715302754640e-06 1.068910769207991949e-06 5.579145290662257627e-07 4.332980581132665082e-07 1.455485293100884791e-07 6.073051684998017943e-08 6.193033812002376913e-08
4.550033959476470116e-06 3.142576783205208922e-06 1.992443684492173830e-06 1.128672358625120888e-06 9.143513399805821622e-07 9.449446764004942353e-07 4.684842970012119389e-07 3.437376542321925290e-07 4.033589144928052093e-07 2.316520610635733150e-07 2.074614305496772455e-07
7.163187282514708579e-06 2.254981652052041225e-06 2.539610131379246522e-06 2.133116174836953226e-06 7.715398105618667858e-06 7.058524588428533759e-07 3.968548169239825123e-07 2.904743784452687882e-07 2.030928396779751261e-07 1.153443319895778720e-07 3.522134648477682457e-07
4.505160309834271964e-06 3.202840735145591965e-06 2.033232254295991190e-06 1.468615819863778688e-06 1.077360006311065679e-06 7.252991969727940579e-07 6.697686535290034477e-07 3.418775420755552940e-06 2.101791218516575431e-07 8.190276299510208771e-08 4.430367382732149384e-08
2.361098374829458672e-06 2.087683427661204991e-06 2.046790873043276041e-06 1.398296073674884581e-06 2.480650854724225501e-06 7.131907232015515142e-07 7.148967801019849854e-07 5.349700406202270823e-07 4.349816342555551799e-07 1.058532989128407739e-07 2.414893565471824571e-07
9.417852268494762252e-06 7.157816477447814301e-06 3.401802361776787416e-06 4.763591359348672756e-06 2.196926700087085535e-06 8.139365043190196255e-07 4.103821830671233150e-07 4.150325765606446015e-07 1.544723568405368743e-06 1.690268600581548216e-06 3.764136608751803375e-07
9.694809317898710996e-06 7.067428886641973310e-06 5.636812882022864708e-06 5.878038248615446651e-06 6.303668572574320757e-06 1.767760683928553553e-06 1.625981107249113605e-06 2.609721666092056924e-07 1.399067402247369454e-07 5.452318044426288045e-08 1.781710962793663340e-07
1.033343779937870719e-05 2.770417653992373637e-05 5.535397407576228883e-06 1.521536940311921916e-06 2.934437125572325032e-06 3.765239813898076710e-06 4.277383961270980728e-06 4.834274513941425884e-07 1.884676910098838237e-07 1.436612243728222635e-07 2.143901702447510277e-07
1.846841241735607074e-06 1.708248896573981215e-06 1.427192172826455606e-06 1.153324143557400672e-06 1.003157690617823955e-06 6.136251009330927798e-06 8.897389859993114675e-07 4.382504635035087122e-07 2.368210561685374193e-07 1.888272058303771063e-07 7.386954959990185113e-08
5.293414845213590756e-06 5.065178097313206390e-06 4.860197995745894775e-06 2.945041483643186414e-06 1.745840483749679083e-06 2.118381545422654816e-06 6.045152043694845422e-07 4.798692841007843393e-07 3.167641823705708944e-07 3.931912021117934813e-07 3.271864747528559873e-07
9.091789517793654534e-06 6.785133042859318161e-06 2.227276561696150798e-06 1.788106690984176263e-06 1.383819498392385040e-06 3.163766817647454099e-06 1.009481222752088279e-06 2.048422808473663673e-06 1.896375508666797997e-07 1.051490362629856205e-07 1.266924671136110011e-07
2.274206002691363680e-06 1.846846975920021865e-06 1.578985703316038114e-06 8.994408662217411858e-07 5.496245536613346515e-07 4.878321064419386042e-07 4.596676647728038329e-07 2.571935685455441309e-07 1.940759313180124433e-07 1.368489182454475731e-07 4.029627866170332714e-07
4.808669502653867850e-06 5.534638684347914182e-06 3.549864241286100919e-06 1.686677417485142581e-06 2.131348299391266760e-06 1.150186104211346586e-06 7.508987891508460148e-07 9.753602239696342249e-07 1.313234783715071461e-07 5.372757545333896508e-08 2.869335094522697210e-08
9.589799729587116057e-06 7.084099894951024352e-06 2.860275059764364024e-06 1.382884268001075126e-06 9.760022801558852603e-07 6.557181843067553391e-07 5.103623140896275225e-07 1.057249404372919466e-06 8.844429098350854034e-07 2.036879290717470501e-07 1.071902960560063452e-07
7.776929572611219126e-06 4.661162361864664459e-06 2.461917919912409895e-06 1.163427426668745551e-06 8.530540163617230793e-07 8.048886170350788261e-07 5.784076709444935319e-07 3.906545626100070286e-07 2.031325455054378876e-07 1.055853041725167023e-07 5.889348717775610728e-08
3.959639678634943840e-06 1.833796808047836594e-06 1.246681726646217798e-06 1.079278912400596540e-06 8.052646989769458788e-07 5.122069276478901827e-07 4.110994408656396162e-07 3.116748506418087773e-07 2.527649883682830268e-07 1.006911460581447339e-07 4.654417831157144150e-07
8.413957582624460543e-06 5.083112427002076034e-06 3.900047482966013135e-06 3.141411591870608327e-06 1.482254848152946925e-05 7.851459120687130134e-07 4.566220384127443881e-07 2.675480939442579312e-07 1.694489050190152514e-07 9.373621389395341569e-08 1.479507579738627815e-07
2.863646083135737005e-06 2.009054793192517648e-06 1.568108184734596001e-06 1.497214782196113413e-06 1.812893197046045591e-06 1.368890116111093951e-06 6.646561905106401323e-07 1.187603689930713458e-06 9.662489990477689873e-07 4.892421260382880480e-07 7.467708516609740864e-08
1.239338561156608165e-05 5.302383195478215711e-06 3.090564948580115088e-06 1.136321283576996351e-06 7.765288291338685477e-07 5.760130408323010827e-07 3.715835079627670945e-07 3.219744619781009724e-07 1.753819455695438030e-07 1.439235936110435776e-06 1.198595094014867166e-07
5.295511308046485482e-06 3.738444844357061345e-06 3.291925945650363092e-06 1.671312271881976161e-06 4.219231359250586355e-06 8.145035249600836482e-07 7.273703879287419361e-07 1.114112891409272894e-06 2.587547453083440982e-07 1.814201440440766685e-07 1.359729736435489558e-07
1.077638541672678931e-05 6.981779733591890396e-06 5.522035716226457002e-06 1.827210891142326805e-06 9.718840843795110305e-07 7.570588329001068430e-07 5.531560845246558013e-07 4.413774803957617084e-07 2.192197091896710356e-07 2.730138129313203406e-07 4.379539291562839704e-08
9.143455511091863979e-06 1.021182697725738211e-05 5.943110171581757954e-06 4.857720917048929337e-06 3.836162577809502497e-06 1.850562216703797625e-06 1.007031800405795065e-06 4.186478387613616517e-07 8.667939346077675253e-08 3.068531815252413947e-08 3.317798430501685802e-07
3.584792532981564206e-06 2.648013104746980558e-06 2.859413698256757736e-06 3.478767050234740101e-06 3.456091380044682155e-06 2.001084555634950484e-06 1.123229316317944127e-06 4.608828108816763407e-07 2.374534058454849570e-07 1.029378050379409606e-07 4.315634256661215504e-07
5.361248249582776054e-06 3.449456340134556038e-06 2.040173699954470985e-06 1.701855083097281282e-06 2.503356049069276448e-06 6.755771360777804998e-07 4.092567180072447317e-07 2.614058135358204047e-07 2.177880087304943364e-07 2.949708625691380640e-07 9.843740227356965786e-08
4.800540668491796394e-06 5.522684813163968155e-06 6.413017703358825815e-06 4.577816894152973418e-06 3.158463296397255666e-06 2.038465492311219195e-06 9.906448204385020183e-07 9.888640750825435598e-07 2.254333100804715088e-07 5.926270284892400487e-08 3.832499386493579111e-08
4.303204307421942050e-06 3.180928457932587620e-06 1.716179256695718247e-06 1.325162334957443042e-06 9.701735069706615060e-07 9.697771420531762003e-07 3.901276548179682240e-06 1.047645932364308131e-06 3.036160615512085102e-07 1.370842112750158051e-07 7.367728296145068300e-07
4.588896985688743439e-06 5.382109847854932732e-06 2.469563908013718103e-06 2.275873417384343441e-06 2.345939796453983616e-06 8.603776307416971056e-07 5.162173650436710302e-07 5.455764694753791315e-07 2.996938925825183109e-07 2.201952764489640063e-07 9.627315736343475078e-08
6.896085049499281247e-06 5.923373956359034269e-06 6.077893587518393904e-06 2.482925259207864658e-06 1.580316812162827825e-06 1.218525656909182678e-06 1.367848894635484742e-06 8.354759870162635774e-07 3.275862310847738865e-07 6.420293488809102448e-08 1.088791588395009408e-06
7.904466644465108334e-06 3.846527892082068490e-06 2.893192501496619971e-06 2.056762983773451218e-06 1.636650451437989808e-06 1.024396755890869307e-06 1.732996744310526528e-06 3.588736220711087798e-07 5.459009984787031634e-07 7.467601943717936907e-08 1.103623834793072438e-07
1.762449980541136835e-06 8.898780700445871909e-07 8.145467068817334654e-07 6.252469599999609844e-07 8.146779943535334625e-07 8.676320419317997030e-07 7.203910013503320714e-07 8.722095991212591994e-07 2.056055002290768918e-07 1.114731415553307783e-06 1.179969127142378278e-07
7.600793569524487035e-06 6.944983710120514140e-06 5.555868352252325189e-06 2.478588596270687170e-06 4.721776085164047212e-06 4.624447559341776497e-06 6.078893434362744026e-07 2.249571517867061878e-07 2.239883217612960144e-07 1.323270024838985656e-07 5.268122151325960514e-07
3.127347174089503776e-06 2.502775674076166949e-06 2.099984577957152810e-06 2.602524868905937806e-06 1.810513163813582203e-06 1.164500500721342091e-06 1.841581834878652726e-06 1.776059939032819430e-06 8.542890648057554978e-07 9.764082562536141511e-08 2.677518946762155916e-08
4.799479029856476106e-06 2.728652601603575486e-06 2.658593343609455388e-06 1.819676577675703987e-06 1.190167487611626780e-06 7.760493106077270839e-07 5.140591763983387509e-07 5.510273706279383135e-07 7.406282408173571513e-07 1.483967625246056328e-07 2.689057984407517158e-08
1.583955995931759082e-05 5.411331109562369158e-06 2.560130306324195389e-06 1.671548457242950143e-06 2.054598742298376756e-06 9.685831386946461707e-07 1.382144734696804806e-06 4.737670234568058193e-06 1.709709712837236683e-07 1.728442435623734869e-07 1.103322791728826583e-07
5.440859202253197518e-06 2.957441112816989855e-06 3.799270662751595917e-06 3.143842735391150062e-06 3.208347931632891760e-06 1.018259296406968415e-06 8.748422858940023481e-07 3.851526637237720805e-07 1.751039453290020921e-07 3.016883434083857336e-07 4.279590761794030724e-07
7.492803714104286054e-06 5.848907996330877980e-06 4.883652854381127354e-06 2.475095304602007637e-06 1.857148931899235287e-06 9.743630555350453702e-07 3.772628192758673732e-06 6.354082505056679242e-07 1.817194453154476563e-07 4.083870973552743350e-07 6.224186792190284099e-08
4.824501390353690779e-06 4.947348717345448469e-06 3.268719260021549497e-06 2.860543011571605607e-06 1.670402190977503370e-06 1.561966931329603430e-06 6.538779773939924696e-06 5.021191930858581016e-07 1.760596454132372116e-07 2.062308595296387768e-07 4.423968028502363040e-07
3.798978865174935445e-06 4.369263290403009237e-06 4.822981509906712322e-06 3.210378676961705055e-06 2.303478367898142951e-06 9.113984941903560338e-06 4.781890354178660914e-07 3.701643971035400263e-07 1.884315550584388444e-07 7.635237248052643031e-08 7.692686082015373403e-07
7.510334308101019957e-06 7.091815457264481878e-06 4.086067230782864766e-06 1.546469622240764095e-06 1.107745488834111083e-06 8.228720857152218643e-07 3.523138335893039995e-06 3.380706451151011032e-07 8.569157447563304817e-07 2.748040065692055306e-07 1.017264590075992268e-07
2.772074014683657646e-05 3.765580376647743844e-06 3.306837744843470703e-06 1.762171688656581233e-06 1.477181165300368882e-06 6.925147665804569904e-07 4.170773976104121301e-07 5.142673427490550630e-07 9.368047180347068965e-07 3.477295974260345155e-07 3.348807988175691457e-08
1.142600364627405015e-05 7.147599943075254937e-06 5.192810658380738750e-06 2.953033458236104046e-06 7.145728929055679342e-07 5.354008966719505597e-07 6.485356005393597530e-07 4.350359491364082295e-07 6.270571458674110491e-07 1.257980626872753195e-07 6.466200855929542112e-08
1.142987924944755362e-05 7.559195186827079061e-06 1.749690157342957215e-06 1.214051833077698995e-06 1.089969122289262549e-06 7.642294110724779514e-07 7.555584325367208393e-07 4.707190722927802116e-07 6.348454387673392356e-07 1.246342044019350817e-07 3.501661052643170124e-08
2.985838939025622929e-06 1.522123590558891635e-06 1.741389918411038432e-06 1.694701070359359993e-06 2.160457044233810245e-06 1.092207364990907983e-06 4.557186190490124235e-07 2.584163224320355135e-07 1.764101045782591058e-07 1.374261700321195792e-07 6.512742725027576166e-08
1.189098472998069446e-06 1.178654887719077373e-06 1.432585439926142718e-06 9.855196694756196045e-07 6.280996417781614800e-07 5.233274007694127604e-07 6.039635775666303879e-07 8.770361184319823269e-07 2.362667645607319712e-07 1.146957970507512644e-07 2.049157513534964190e-07
7.751811346913394928e-06 6.822103137567759541e-06 3.890750828462104768e-06 1.462242715251880280e-06 1.162959790684660290e-06 4.675517011658977595e-06 5.779756409441765664e-07 6.673149456163513087e-07 2.235664260296206513e-07 7.811691916304900627e-08 3.094490403656061478e-08
5.072856631544802352e-06 6.438989513331368675e-06 2.857061637544003731e-06 1.673547357437775104e-06 1.119146874950260219e-06 6.268923036765296753e-07 4.420983487284873091e-07 3.306453613625645317e-07 5.963301663247545100e-07 1.515256181219175751e-07 2.635428436164167187e-07
