4.672462844856911944e-06 2.277346073527681558e-06 2.079139659356491711e-06 4.862374798680034132e-06 3.828022921639322314e-07 3.367532303260887970e-07 3.540062793199414237e-07 5.306104993593943010e-07 3.384594678545263831e-07 1.747231422021554480e-06
3.159713079527785079e-06 2.183179504290221750e-06 1.395834467391528728e-06 2.458679115850067029e-06 6.906490226980368406e-07 6.756858005150157208e-07 6.226976493525120632e-07 6.687296406597015502e-07 1.826316818528541263e-07 3.018408548995296497e-07
2.363598262971466704e-06 1.704121001653027430e-06 1.105412487120771988e-06 5.707024470904520850e-07 3.874023285761429325e-07 3.869735373166396524e-07 1.755711107576928893e-06 2.799290553069667575e-07 8.859322995255789883e-07 1.139019250573772889e-06
8.327892025338660186e-07 7.458138831113724278e-07 5.530344695720910634e-07 4.018758047438832025e-07 4.359853154264029772e-07 3.520060110561216196e-07 2.170920287823908361e-06 2.719166094113175018e-07 4.014482189901008148e-07 9.969853852356585127e-07
3.198955178824742035e-06 6.882891211982754074e-06 4.722874793768199234e-06 5.794364472774657405e-07 3.387812070557557893e-07 3.830721995073823021e-07 2.263806272322453607e-07 2.209535025447593150e-07 1.817700069303721891e-07 2.032630847634753374e-06
2.384472414361917152e-06 2.255568945703341383e-06 8.748488903327065732e-07 4.576719044904670359e-07 2.949879078308291550e-07 2.560005710582884890e-07 1.860169144615721516e-07 1.460912406959025807e-07 8.280230458729777850e-08 2.667437566140334910e-07
3.760715172765761226e-06 2.694249627254075260e-06 1.712366396515375055e-06 9.810040600381212672e-07 3.443995541742380968e-06 2.809556441795736235e-06 2.525256391904646837e-07 8.036004257548074201e-08 1.128563442086641764e-07 2.291857303105659995e-06
4.233126276474298844e-06 1.994540874844308849e-06 1.465395585468260094e-06 6.107392498607946952e-07 8.085625728329404843e-07 2.099203820570648258e-06 2.062649064600896664e-07 1.124632049442486307e-07 9.781303383543577353e-08 9.439268752728169797e-07
1.097374530478023686e-06 5.953491000698364487e-07 3.577104972769890328e-07 2.695285182262835047e-07 2.550495383504215694e-07 2.095089214401421999e-07 3.643558595308309176e-07 3.360996718683237785e-07 1.800041775029464409e-06 8.085520936677071184e-07
5.306197636225258686e-06 1.795527811739298812e-06 1.717423492430890263e-06 4.561787783140101088e-07 1.374215627662539376e-06 2.842203391609125948e-07 3.411788296035167213e-07 8.181042251422147410e-07 1.040048836856448710e-07 2.235637762364430216e-06
6.344255710037721801e-07 9.467634073528869618e-07 7.217095943301734212e-07 6.822088622828574083e-07 8.959000262221907813e-07 6.437139808592484029e-07 1.764033833420420974e-06 2.237015697901886971e-07 1.379077109202742716e-07 6.709283410270572007e-07
9.074280102391217112e-06 3.192098501297138594e-06 4.661349187176150212e-06 2.013367382943773548e-06 5.855592692898257751e-07 3.395346806065831699e-07 2.373970577618493979e-07 6.960954255015643330e-07 6.511118941498516162e-08 1.274933192469449727e-07
3.160147427548872077e-06 2.730562757756058706e-06 1.721206630617678709e-06 1.133903453847752278e-06 7.198043681657425792e-07 6.482135783599300424e-07 4.958599809515970220e-07 2.206312838032016720e-07 1.978831322494690028e-06 3.290563102138615964e-07
4.119453761799391992e-06 3.955125394341891344e-06 2.543998771890262549e-06 1.441471955921545483e-06 1.206388315703109417e-06 5.751626704396749182e-07 3.187809782315311097e-07 2.624820750084567917e-07 1.028912716773922277e-07 9.121907815552420001e-07
9.079570226903448577e-07 5.773068565954755469e-07 5.116745459827891393e-07 3.948392510276512748e-07 4.223393781866840256e-07 3.241522880515619021e-07 7.472365347307496039e-07 1.559300501154797241e-07 2.086868848672394184e-07 6.019313313746849198e-08
3.260321756006603130e-06 5.684176259983029272e-06 2.411570859166159681e-06 1.101671217172263908e-06 2.711977621408033626e-06 7.772279232496196716e-07 8.158113484875712925e-07 8.482350040178930280e-08 4.801224400073736707e-08 2.954909439795719715e-08
6.049201354238392419e-06 4.137170567095927778e-06 2.116196867108946993e-06 8.133350559744647242e-07 5.455916309550097831e-07 3.864203365038627267e-07 3.736657270605449569e-07 1.246478114608045529e-07 5.109968951213956330e-08 8.382349927867062670e-07
3.987910647383426984e-06 2.011029842562467502e-06 9.611212283921473767e-07 7.264148288282898500e-07 5.564694997017034696e-07 2.855128142501299728e-06 4.150479007462119984e-07 1.881570310988345723e-07 6.567214492282871143e-07 8.947077849200702467e-08
1.162132951062370055e-06 1.524956350393461904e-06 8.752107342057975360e-07 6.803244965641730679e-07 4.896381285013415113e-07 2.418472196313023727e-06 7.080421402285703716e-07 2.015838774010280045e-07 3.221699432625844329e-07 2.437536370054368996e-07
1.878826985657074445e-06 1.348518400649250464e-06 1.629677817618153568e-06 1.336050397878951438e-06 8.700235030680755676e-07 1.980907947272710395e-06 2.637933363313056476e-07 1.312863482713388456e-07 5.980182774192238703e-07 6.268393073048733306e-08
3.941301694879459346e-06 3.658954396523599547e-06 2.014494014128561004e-06 3.686020336654911921e-06 9.899757202025741367e-07 7.629563619621906023e-07 1.914009985801901731e-07 1.374588120950494037e-06 5.719527413553164908e-08 3.530198594408277876e-08
2.219335316868130707e-06 1.645117983900993015e-06 8.889033022244840458e-07 9.016414396697620254e-07 5.065014468139125762e-07 6.628193258650959665e-07 9.697867660388596203e-07 2.979524711731135948e-06 8.243916750545015675e-07 2.062633712531295335e-06
7.426327389912821876e-07 3.267752178501244910e-07 6.364280887432361415e-07 5.613561552221350462e-07 3.420480048190579186e-07 2.621365628798480221e-07 2.478065798977419546e-06 9.111013059481707672e-08 1.360399917397655018e-07 3.268658623831434282e-07
7.994081713355969288e-06 5.948849645496091207e-06 1.702932139833986145e-06 7.794528981734671981e-07 5.530253528540230836e-07 6.247078855162737193e-07 3.101817890892632635e-07 1.191754111786200865e-07 1.202710650217131102e-07 5.374906581803961624e-08
5.829627371117025741e-05 5.070062467034135713e-06 1.222886326194737878e-06 6.282763215014553172e-07 4.880089803373209115e-07 5.376471672919300579e-07 1.667687033730399644e-07 1.498368631694348588e-07 3.157832647230376148e-07 2.870600690545089820e-08
4.243033716987757927e-06 2.733915936964355383e-05 1.580858676505764217e-06 1.124140849322832436e-06 6.773222448221956848e-07 5.145680258946362688e-07 4.511814362018513017e-07 1.851647109044753180e-07 1.322187420199216982e-06 2.698335248065217965e-07
2.991195336866469249e-06 2.511125016666515496e-06 9.841746310938349665e-06 1.403918303319398786e-06 1.475040853688051351e-06 6.142595373273630510e-07 3.002930171801439330e-07 1.352701648757248334e-06 9.836969278397321822e-08 8.382450842438701160e-08
3.556116582414855077e-06 2.788875545550055793e-06 1.301133133391947279e-06 9.244548883906789577e-07 6.652544498593120100e-07 2.943396250142639721e-06 2.755604659909027174e-07 2.431742840738631703e-06 1.474328077833131290e-07 2.900850502441615774e-08
3.710063321676879374e-06 1.754147382439584901e-06 6.154939280491487385e-07 3.836007101993153776e-07 3.018376592186569362e-07 2.597026888930832560e-07 1.926393566950199177e-07 1.102765600567361721e-06 4.540560501329630984e-07 4.866093838292545856e-08
2.641101027815863854e-06 2.208154760159658609e-06 1.217421909365749616e-06 7.861950685233764586e-07 5.593509519433633025e-07 1.935390962372566770e-06 8.824479569365868962e-07 3.264970809132640558e-07 9.059276643169827671e-07 4.096132541368654611e-07
5.598127821606415284e-06 3.982108622700192690e-06 1.821415982836399504e-06 7.051032913588311161e-07 3.837432129964709718e-07 3.233291103873583030e-07 2.239580807220169178e-07 2.653545719891454766e-07 1.605975957615384772e-06 2.542378482360011216e-08
7.341896931789966799e-07 6.254174825869622500e-07 5.122920577482728635e-07 3.685011377123588837e-07 3.429911604811187394e-07 5.089984447534416154e-07 1.804184026814088335e-07 3.102760063199346810e-07 2.872470823162915630e-07 4.498814875062693922e-08
4.657007857125900083e-06 4.623426658286277227e-06 3.433942312011366361e-06 1.791927786814585598e-06 7.536591164918977706e-07 6.540497536435683947e-07 4.133897457652874909e-07 1.202727189572727671e-07 1.015548660796027556e-07 2.352595478375851009e-06
1.363441541436163063e-06 8.028991219628673075e-07 6.628050336523458907e-07 1.023328587382972026e-06 2.534887156199993865e-06 1.192613026392261224e-06 1.286559789673366765e-07 1.538503465780678863e-06 1.629492374194959136e-06 5.837451861816844678e-07
4.390842286953131271e-06 4.947521178895366361e-06 2.990180886341560626e-06 1.472704369186628640e-06 8.897156750525440312e-07 2.131516971355443177e-07 1.267214331301943334e-07 9.494069918664550617e-08 6.930842925182760228e-08 3.259456157721637635e-08
2.166938115813712198e-06 1.538511490138934932e-06 9.546762247135093042e-07 4.624941066725881047e-06 1.118763665217163367e-06 4.094353511450391614e-07 1.949674741593695670e-07 1.560771651778287885e-07 8.004395160208424673e-08 6.679587880440836224e-08
3.527526500991308167e-06 5.599157812895541216e-06 3.462229134241953356e-06 1.648576706113615254e-06 1.245016030532717721e-06 3.084355524039199290e-07 1.521692178371723826e-07 1.171245201954874262e-07 3.319546595654613193e-07 6.438958158006604888e-07
3.163952696834717133e-06 2.444925724152999366e-06 1.704752702452106505e-06 1.851916332112583554e-06 5.871976175782140414e-06 3.417445382684160445e-07 2.210419625130444641e-07 8.194642912735706069e-08 1.260329567307411578e-06 4.209971663413377749e-07
2.261680509855401428e-06 1.688182830199792376e-06 4.638302544224970296e-06 6.736787642391971787e-07 3.886885253903529282e-07 1.739626319367509340e-07 1.439031112527404640e-07 2.437509067355432942e-07 9.560344545218992202e-07 1.388276023377240960e-07
2.932462020525923350e-06 4.244751312109156279e-06 1.606864297921827016e-06 1.390036973793341437e-06 5.646918324938724971e-07 3.461254886085309496e-07 2.270260141690329242e-07 1.443348686665918736e-07 7.195209996847089274e-07 2.387222783489044857e-08
2.081791044843200372e-06 1.461216588555594654e-06 8.489743523784286672e-07 3.962057179934397336e-07 2.067001208390830962e-07 1.895423794586464132e-07 8.033129657412660808e-07 3.010177089902905994e-07 2.032288131997974793e-07 1.282881396684274606e-06
2.200095996465424482e-06 1.574928368029607339e-06 1.238325139647917412e-06 6.953581252624350290e-07 4.288447905655200440e-07 3.760138791938546924e-07 5.849345225256825995e-07 5.029700512998225414e-07 9.502713897447562678e-07 3.530322359660122214e-06
2.967311524780874839e-06 1.577586399675203890e-06 9.769537764002090476e-07 6.910815629348200440e-07 4.942048443382236048e-07 7.465891048964670037e-07 3.702752975049393593e-07 5.059529333466996374e-07 1.326992023039458956e-07 3.348811053573524304e-07
2.926930174943265062e-06 1.741983757297814516e-06 2.043413811160370454e-06 1.361042709336317817e-06 5.951859177330693064e-07 4.159177797201129198e-07 2.762925587796288273e-07 1.001987105920070925e-06 8.939806197855948260e-08 8.964160455193522720e-08
2.556692175261534242e-06 1.259129143867367549e-06 1.152277986667688695e-06 8.131253903722900209e-07 5.035866525227109169e-07 2.204886501296841749e-06 4.043690026430019948e-06 1.151164276311450513e-07 3.485432509594894948e-07 2.026828173687819196e-08
1.695398898154096813e-06 1.202952713385731660e-06 9.971131545182273547e-06 3.672264676039382960e-06 7.969168291605000414e-07 8.117394842488940363e-07 1.336583994724996044e-07 5.841976601007271847e-07 2.441504776313636771e-08 9.051811181182013256e-09
6.981182262543083216e-06 2.386188273089097109e-06 2.025323739998628701e-06 2.421936364046725976e-06 7.171542453161900201e-07 2.509865010306562524e-07 4.353393965410179018e-07 2.277675391130859822e-06 1.211691825080481810e-07 2.239990275636128494e-07
7.317397001980521155e-06 5.147167411010468564e-06 2.684631482296056387e-06 1.296292328738623209e-06 9.369431816689565743e-07 4.967940856436811804e-07 2.208199691765550791e-07 1.005582288770328684e-07 1.492046022111249644e-08 2.503823591692366256e-09
2.422340944773712883e-06 2.281643104764182509e-06 1.700231787610018990e-06 6.563865999083541977e-06 1.023284593247907830e-06 5.827217688695621448e-07 2.411202370600557384e-07 7.383917299951865619e-08 1.304162345203364189e-08 4.043324852634105942e-10
4.985257965040068288e-06 6.512899661063022085e-06 1.902398834671170690e-06 2.121835386526802392e-06 7.126254599184651293e-07 5.421692575840233359e-07 1.987275101952819112e-07 7.843623365492842902e-08 1.604491781858342576e-07 1.215582543645776255e-08
3.305301575222911364e-06 1.589559627799604791e-06 1.174806934726777686e-06 1.005984368846522638e-06 9.060034373862393611e-07 2.220492435403938517e-06 1.738292314980428367e-06 8.507692504107978173e-08 7.214607856105738980e-07 7.992436178783339317e-07
1.693765323119056285e-06 1.221880185675475228e-06 1.181615003563874645e-06 5.888658105092049199e-07 4.057786731613150707e-07 2.482667781386884078e-07 5.247568089140285518e-07 4.752872505249196514e-07 1.361201772233235030e-07 4.263078960237358366e-08
7.168726304439664512e-06 3.303153942501395719e-05 3.699739939646726230e-06 8.467280145946394244e-07 1.257475095478181653e-06 1.579792927669971261e-06 1.904473231906959179e-06 7.216391274082587682e-08 5.507418937425187214e-07 5.265903987117895096e-09
3.338837706425383224e-06 3.662521846763755555e-06 1.449318820714793229e-06 8.224195341535941573e-07 5.409601018586232073e-07 3.347366983661670802e-07 2.258866722708105327e-07 2.544934934089449290e-07 5.156669428996391816e-08 1.852898917662631298e-07
8.229481523860935870e-06 3.175570528411480092e-06 4.128602602742886508e-06 6.794847293286313303e-06 9.945475839029590279e-07 6.767932281976464800e-07 3.789174854556128713e-07 1.547331891963103781e-07 1.876829317268103731e-07 9.325048787280494801e-09
3.496091869986826329e-06 3.192828771404132997e-06 1.153779034055158827e-06 8.364147909751019151e-07 6.954652384518620645e-07 5.968719099584076288e-07 2.341016846701733791e-06 2.310361227901923753e-07 4.964741374347918287e-08 2.218449479287251139e-06
3.800852486908008430e-06 3.668521817983209961e-06 4.735419388871375018e-06 1.135040813904570270e-06 6.652003241589492380e-07 3.514033362003293946e-07 1.734591225158398463e-07 1.056507401943303427e-07 5.836698139131628423e-08 6.008944185951198048e-08
1.906810476749686408e-06 9.370952056336285718e-07 8.484614373779031011e-07 9.530296459312474914e-07 4.575747517004185588e-06 5.920654568974045817e-07 3.420071698617887153e-07 1.341482970222053227e-07 6.894925724606244589e-08 5.406031168118446418e-08
3.082958493188566957e-06 3.346485263528440211e-06 1.857655095403618896e-06 2.261682433215952319e-06 5.431912268180316018e-06 6.147013157747783080e-07 1.292901578285746932e-06 4.821108649139053825e-07 2.767196317611562907e-08 3.114015839792065864e-09
4.921740834175428497e-06 2.639913515893358369e-06 1.754494677748220156e-06 1.513030917686519338e-06 1.534357372547207880e-06 4.559715464289957403e-07 1.659526799267655708e-06 8.456508602561496204e-08 1.904793957129561266e-07 2.380454300362483149e-08
2.946227455576450408e-06 2.145412731138364049e-06 1.871159779753289350e-06 1.247062115905313594e-05 1.267714676910396341e-06 4.748760711279351842e-07 2.256565364176523103e-07 2.558329488803919984e-07 2.779111599110111595e-08 1.540492597658531029e-08
8.477053162622271740e-07 1.258552770865423402e-06 1.316496951282228275e-06 5.667682440367935445e-07 3.880171985738281378e-07 4.467774063190557596e-07 4.121247740535851243e-07 3.905791977778954641e-07 1.767713060059548720e-06 8.366788326778286630e-08
2.182614128855509878e-05 4.665689366851633006e-06 4.795427535876465124e-06 9.152936856239719150e-07 5.248215854553137624e-07 3.045067230777174328e-07 1.846658903637061723e-07 4.379478631160600486e-08 2.320355672674741235e-07 6.088669744680772427e-07
3.646803658758133345e-06 2.439787925404573907e-06 1.147501563791883774e-05 8.299422024588199328e-07 6.537954781920241682e-07 3.438995878932253461e-07 2.493497340620187273e-07 2.084884852317178201e-07 5.404199243143624414e-08 1.062283365828506733e-06
3.188548184965656448e-06 1.918754475924294508e-06 1.354932714145675924e-06 1.935066805063661388e-06 3.727914276989906264e-06 6.266213290679012702e-07 2.326057639068377870e-07 3.225168164809249220e-07 1.879880561104966327e-07 5.297395021996667332e-08
1.581273179414824872e-06 1.050569948582633505e-06 6.639955437746432305e-07 3.558081624893846251e-07 2.842844701070791696e-07 4.766747430945913382e-07 1.631418122812570403e-06 3.537336675682228868e-06 2.525995279613482526e-07 2.633680803411146388e-08
1.179162846316216013e-06 5.148058056069497351e-07 3.156883350988339071e-07 4.799366025606055305e-07 2.255600616966812100e-07 1.094758892480034795e-07 1.101444904828469793e-06 2.155686806341162805e-07 6.465223989370743611e-08 3.698177913748741569e-08
8.013287202493908252e-06 4.552040440021381597e-06 1.497071420829657668e-06 8.672372125576571905e-07 3.250677269159219412e-06 7.188111584916671904e-07 7.376577290044112647e-07 1.825529263667364701e-07 1.185237589683483994e-06 7.078814501152671838e-07
4.223791077139901720e-06 2.544247528162717320e-06 1.532712266619861866e-06 2.280870062054288540e-06 4.979282270383154690e-07 2.632513470699191758e-07 3.395859032382629563e-07 1.681645273580629841e-07 4.627828622181543658e-07 3.147120067470198509e-08
3.027446210187858921e-06 1.886225034460837601e-06 1.471380560081777223e-06 1.221775393521368992e-06 5.014375879408603260e-07 3.439895361242880654e-06 2.887419098314929299e-07 1.686934169251315431e-07 2.837791304970712113e-07 1.993291160067793952e-08
1.982809654109150327e-06 1.106993368687073769e-06 8.708641706982249715e-07 2.410832775041814473e-06 4.849841656976014937e-06 3.848445649623084497e-07 1.438198228368408542e-07 1.124985383303298912e-07 3.257260337937146602e-07 1.936384662328077463e-07
1.954435144839828810e-06 2.039594010311294775e-06 1.071564883627372766e-06 7.632996281092205439e-07 5.323694683978777105e-07 6.009019557449689036e-07 1.070336770227470616e-06 3.545093076375713776e-06 1.001666837205459815e-07 4.118242567942565192e-08
1.995190055800085301e-06 1.143752554179609533e-06 6.749166709668329480e-07 6.065757849707809424e-07 4.054563077140344045e-07 2.912832904167665424e-07 1.934528716379209874e-07 3.505390685036161128e-07 9.039239133447918454e-08 9.368039583406941830e-08
2.789093349713384298e-06 4.316949056223921826e-06 2.561529650415660815e-06 1.684943288052990660e-06 1.741041855099115385e-06 1.329095058033637349e-06 2.332779897335225841e-07 1.654555324571555855e-07 5.122439657647607525e-08 1.892861679083350927e-08
2.969667568305979860e-06 2.505955427042312693e-06 1.427551405037701975e-06 1.349813791761721406e-06 3.220346746682964210e-06 5.760418934247628824e-07 2.768629812218593359e-07 1.259354477156859330e-07 4.756591660649227637e-08 8.366494294450438002e-08
1.439605911360046708e-06 8.030971694955894341e-07 6.527846084895350546e-06 1.398817695799566258e-06 3.371399771536324047e-06 1.162429408524456368e-06 9.530992939071514359e-07 1.518235616374746858e-07 8.375770384291130737e-08 4.900475596235208679e-07
1.324652263630619149e-06 1.132985489193961417e-05 2.884833814165801137e-06 1.159118068462918063e-06 5.968904844860907699e-07 3.748134418819384811e-07 1.370307916369071899e-06 1.285441436896466342e-07 5.188375035782218937e-08 5.413836365914976147e-08
1.588828834489435885e-06 1.140379441616592322e-06 1.111738000313593486e-06 7.828483395074972050e-07 6.272618635010826173e-07 4.610152229819610743e-07 1.712222212575736439e-07 1.263763549417144289e-07 3.436782424495656416e-07 9.962019626373991851e-08
2.925939388798619466e-06 2.551497815330817041e-06 1.169133344946302451e-06 7.803300531771235166e-07 5.651131251826247134e-07 4.214969717898858905e-07 3.619891263545896243e-07 6.622514425180560780e-07 6.716252884029775058e-08 3.288129014699562784e-08
9.236358264452016590e-07 6.592204964439220223e-07 4.505906035207591685e-07 2.887786554849750804e-07 2.252838258621423686e-07 1.941942396423462363e-07 1.335607137662858839e-07 9.429242323150057045e-08 6.941899207326626398e-08 6.148206837809385809e-08
5.348041077009047489e-07 2.889569103643905323e-07 1.788444362378874065e-07 1.791170576629387503e-07 2.824409152572016773e-07 2.266449205546823080e-07 1.717073426068547620e-06 5.877596103669934671e-07 1.186562360103880084e-07 2.775585221060168247e-08
1.148761183666944876e-06 1.164169579111890388e-06 8.136216779172224359e-07 4.414002418713724350e-07 4.447483868414993642e-07 3.128459997325593998e-07 1.606395690151797430e-06 1.109565269828191778e-07 5.589337679657805038e-08 3.157730652766535227e-08
3.182050515932753268e-06 2.225407763676828670e-06 1.956979352457415285e-06 7.680661016864909619e-06 1.237425576450481585e-06 2.809795265483950637e-07 7.599330625895607321e-08 4.573591374270071560e-07 6.342828583756698890e-08 9.230722393943342452e-08
4.134415124563721583e-06 2.806776825934736924e-06 2.884297214856431113e-06 1.581744209043847504e-06 1.246233622161589554e-06 2.936884878439104088e-07 1.709664554543527675e-07 5.639090732690257083e-08 2.794424143434400250e-08 1.640822286986130347e-07
1.180562596624146205e-06 1.021970150149175472e-06 6.955904500673528189e-07 5.976063513086792015e-07 6.140452963939084953e-07 1.042413494554830083e-06 1.103622896846613403e-06 2.936364194112597556e-07 1.106894063135115601e-07 3.576103732166485158e-08
1.444592519613057856e-06 1.526747863972656417e-06 1.186510736141285702e-06 5.729059121661157673e-07 3.168642592408067396e-07 2.853662297519783798e-07 2.176329793355370182e-07 3.754036468553264362e-07 3.456729457908146162e-07 5.769846826741777948e-08
8.454952806705605183e-06 9.280310977255949018e-06 1.563698555581136287e-06 1.114873877169081658e-06 3.295885422453688552e-07 2.476253517396390410e-07 7.560378499942747142e-07 1.493186692708197587e-07 4.967834169676065612e-08 2.687616286707718582e-07
3.470508734388506675e-06 1.559169594046442248e-06 1.109208687141877773e-06 3.912270798200463537e-07 3.291853913491811350e-07 3.265291463129049015e-07 2.106955478404745240e-07 1.130612708291260048e-07 1.907935273242727855e-07 7.158183682501018527e-07
6.182330543926084437e-06 1.524080983284056620e-06 8.179263441989503494e-07 9.580203883192484413e-07 4.370645174837597736e-06 2.970141875277068412e-06 3.187573301230552427e-06 2.006407081941454334e-07 3.157090006827638756e-08 1.361838205628897324e-08
4.876729330178016387e-06 2.344924672429187270e-06 1.739313609217943209e-06 8.912150374969912401e-07 1.678714185121577407e-06 2.743726525404513567e-07 4.091437795958525462e-07 2.389772069275504857e-07 5.463564698956281070e-08 1.102744286173108305e-06
3.532145870038503346e-06 2.504323856587642269e-06 8.738751290149835890e-07 3.363472623669519161e-07 5.384414427742373334e-07 1.935887808053295944e-07 1.476634034857620836e-06 2.306653351711328745e-07 4.573522389488071003e-07 3.043537849285481795e-07
1.075373648673125673e-06 1.082122053790712920e-06 6.538736638475825303e-07 4.520922691543511006e-07 2.723951103776803183e-07 1.483702335923124807e-07 1.877424439326687526e-07 2.587978138237624650e-06 6.437373088778233043e-08 1.210003974770070235e-07
2.866045779414009699e-06 2.222338327184370379e-06 3.122153412765641900e-06 1.612233188384833010e-06 1.786181079562387546e-06 3.013951578637411529e-06 1.327202385276979399e-06 1.481989786711148867e-07 5.889232560369987972e-08 1.333452442879186970e-08
1.125399368262609743e-06 9.497584246131758886e-07 9.237525072823386716e-07 8.399901385185312470e-07 5.986998329821967544e-07 6.668496910927663487e-06 3.433375861717622748e-07 7.003699591382740797e-07 2.916025571106085286e-07 3.715461922993244555e-08
1.496210575838826995e-06 2.238623590893597595e-06 1.073126714151985312e-06 6.994305564507347281e-07 3.695879516334262358e-06 4.877690917219307512e-07 4.653966261385496175e-07 5.488976386213985702e-07 5.264688002903404247e-08 5.216119808471640051e-08
3.255327790990180878e-06 1.547832475127895823e-06 2.959020895627329764e-05 1.349165754240756628e-06 3.827835464053373888e-07 1.227102146849623199e-06 3.914579598759325937e-07 9.924278111871645563e-08 6.558849491194970789e-08 4.291098637287192545e-08
8.550638288894938489e-06 1.222196930786620446e-05 5.471622792916409114e-06 1.392622653656266438e-06 4.407799425801498463e-06 3.823979298690431393e-07 1.309612000422257188e-07 6.029296337743544021e-08 3.283708381966036104e-09 1.563992071591248391e-09
1.790278832335309969e-06 1.145789819258435599e-06 2.231936996271167561e-06 7.298126895683824624e-07 2.888072853744789320e-07 3.193009360710821721e-07 1.710300445316683843e-07 2.041451816373993610e-07 7.006362320000883520e-07 5.654020188294750480e-08
2.723922999261280840e-06 1.607947198409643975e-06 1.092154531291416836e-06 1.035924760145181166e-06 5.354673418275966175e-07 3.232909079393416314e-07 1.910835940890083416e-07 1.490429953525324408e-07 5.229223628686781514e-07 6.713061058285862105e-07
4.405112317135301732e-06 2.457519760981389606e-06 1.824914716747836610e-06 2.083189656074922159e-06 4.128882153033406270e-07 3.057741755897369174e-07 2.388430204895014987e-06 7.256860594020337390e-07 4.574609093628564573e-07 1.943907699985856895e-07
9.821285265517043426e-07 8.661997273957868679e-07 3.257593114117159224e-06 7.703799929583215533e-07 4.476907204535786509e-07 2.892130138530002460e-07 2.152962535640084178e-07 1.185972710369697226e-07 1.606053139604470044e-07 5.660548913596621509e-08
8.780625008823196304e-07 8.817386772335873062e-07 1.009981301322892456e-06 7.980045935000415168e-07 9.546015603345041957e-07 4.521012079224569484e-06 2.710700341768740011e-07 1.735546913286842915e-07 1.039411615675816166e-07 4.581216862628281463e-08
4.458055859068395162e-06 1.388753562517315256e-05 7.754342320321087125e-06 4.826047905091751102e-06 1.325727232420600951e-06 5.046871187811961229e-07 1.996790894216297899e-07 5.004781446237751094e-08 3.934086264795186582e-07 3.573559114019423148e-08
2.265837040743937684e-06 7.723019735179904416e-06 1.503198042134344036e-06 8.617657519984864738e-07 5.510188071370477408e-07 2.609266390405922327e-07 3.102271427499544497e-07 3.474311555658190568e-07 7.252615578943914401e-08 4.641699646668003189e-08
1.791309531224691434e-06 1.873753630827108925e-06 1.582465490078438699e-06 9.160320039461718448e-07 4.912948287099926955e-07 3.066060950065644391e-07 1.909929710749793787e-07 1.321690700808747187e-06 6.116303819541819903e-08 1.011295405471795569e-07
2.383488738624691184e-06 2.142770708467104462e-06 1.944275475212139230e-06 1.119263275405653502e-06 9.819021703164958804e-07 6.178024386590163983e-07 8.001631567393068204e-07 1.699274409739140803e-07 2.538648224516696716e-07 2.591862603202445416e-07
1.592331404412564949e-06 3.838749451248002042e-06 3.139129770034736330e-06 5.507078483497180547e-07 3.074734332773675549e-07 1.791163092839714582e-07 1.248260390511270325e-07 6.846774719483712263e-07 7.215489451134424712e-08 6.112662679814390813e-08
2.060528101196048511e-06 1.158093022500767645e-06 7.615635337802258732e-07 3.548229818392140498e-07 1.990497171809621882e-07 1.318513021653860591e-07 8.517733256732077320e-08 1.408470865165572574e-07 5.561628413890456018e-08 3.895596266408437491e-08
4.559159379534004762e-06 4.699347129094591787e-06 3.036632651689399939e-06 1.742556920075055436e-06 5.610758869955920419e-07 3.217255970756918955e-07 1.876250506058801628e-06 2.179898260333064333e-07 8.037551723068827119e-08 4.872225164558649788e-08
1.049125853486438862e-06 9.476397910675543354e-07 1.403991667811956862e-06 1.213505393371947079e-06 1.279372770725197942e-06 9.568792871620713210e-07 2.981586882154902869e-07 1.059013269937965274e-07 5.272452021529490028e-08 2.112620112871104165e-08
1.417960801865798559e-06 1.057790873197376558e-06 3.839146144748398507e-07 3.764422589956679460e-07 1.061726004744854756e-06 2.980993833409161377e-07 2.832488789275631802e-07 6.201281004907208598e-08 4.083604766674041042e-08 6.742736586270457821e-08
1.141805571540209879e-06 9.277227012144369174e-06 1.768542710384650383e-06 7.903035287026181334e-07 8.830670810518218776e-07 2.274162728966904494e-07 1.216019674687839128e-06 1.369522677602991658e-07 8.842022390202367144e-08 1.662480032064659602e-08
1.567538472753589578e-06 1.022118368969956333e-06 8.898704558904656433e-07 8.934800230775162813e-07 1.214821011224407281e-06 3.142548064624108544e-06 2.334749906138659871e-07 5.471989349378550763e-07 4.674120335455890264e-08 2.170607859891404538e-08
5.258493794700298747e-06 9.064563389312035998e-07 6.618057777329713338e-07 4.247597740680611890e-07 3.099169573097931266e-07 1.596272609084753826e-06 2.656081919551821766e-07 7.102332743896808880e-07 4.352853133349729766e-08 2.407548866735465948e-08
1.969678479893908102e-06 1.534462408912198465e-06 2.275360221772287235e-06 5.303496442356830133e-07 3.071396123449884244e-07 2.507062620404611154e-07 3.004351257932327563e-07 1.238935662421576916e-07 7.751818038829672209e-08 3.123628082490909436e-08
4.366101861073627791e-06 1.834824791094566176e-06 1.676571753800051302e-06 6.331555813566312025e-07 3.006111943438947214e-07 2.278679836526079201e-07 1.866325991319341453e-07 1.066929932817143196e-07 6.561532653702329605e-08 1.319952364862644833e-07
3.629544316506381674e-06 4.551951868390051148e-06 5.275165318916510497e-06 5.221008152247576293e-06 3.329472949516962497e-06 2.676179576146467690e-07 1.728701199983981257e-07 5.085155306396080528e-08 2.557004353669946828e-08 8.562075887309343969e-09
2.779534750825985324e-06 5.622706899242924928e-06 1.794110324930503253e-06 8.898361648014535095e-07 3.387423000952440967e-07 2.441858843522447554e-07 5.717100750109034146e-07 1.705769318237465232e-07 7.149435439971657348e-08 2.675490089572452596e-07
6.159325470578038057e-06 3.749962441399303306e-06 2.102171313394646608e-06 1.252502288784431403e-06 7.077826001851200140e-07 4.308756210733714246e-07 4.025159342683313041e-07 1.270300681923605223e-07 7.316945013305474391e-08 1.559623727602904770e-06
2.220048091781114290e-05 4.292294678146576443e-06 1.321943001368675350e-06 9.014228815932440386e-07 5.294520725501578171e-07 3.241885765798598191e-07 1.730698444062405126e-07 1.198574050981121961e-07 5.658536715317770551e-07 5.542482998170595982e-09
3.294403657736129431e-06 1.871209814408884190e-06 3.171377137956861996e-06 2.651362605090737894e-06 1.614764759476257979e-06 2.883642350371166456e-07 1.188920430107464971e-05 4.611207372373794639e-07 7.146225496268951570e-08 5.322214242321120327e-09
5.259718335386393488e-06 5.862971441311515506e-06 1.533974796670530612e-05 9.358702702445645130e-07 4.291256816989047600e-07 2.307091375415710012e-07 1.045496643128005376e-07 7.332749476044375756e-08 3.590626561800354316e-06 1.146215612766239914e-08
7.598794051774811221e-06 8.223277015724656861e-07 5.492488040698193119e-07 3.580178777246014822e-07 3.946031475277977508e-06 4.685387233654571627e-06 5.123500792592907883e-07 8.855334656196125272e-08 6.793482359101812470e-08 2.259204834552630559e-08
2.615211997101800835e-06 3.708549494641632026e-06 1.016489479967458991e-05 1.965380860623637202e-06 9.818345225813660827e-07 6.138273043468407209e-07 3.288981824601668579e-07 5.818327660522688590e-07 2.834375228412072397e-08 3.376022640880816187e-08
4.510051213779017236e-06 1.650163040454436846e-06 8.065464339778343264e-07 5.200727275883379315e-07 2.693570518759573326e-06 3.609363716493570229e-07 2.136770581515870413e-07 6.523744768469737878e-06 2.585072252736609884e-07 5.920104825800888662e-08
7.979807009465525642e-06 3.913861873250890305e-06 3.401888431575121452e-06 2.397052154128529381e-06 7.845300627500511270e-07 3.864880488163153256e-07 2.650934447261958617e-07 3.386469049772115193e-08 4.803210288437156742e-07 2.838165951658800335e-08
8.401604507760481952e-06 6.542750966580281589e-06 2.008271856826253832e-06 1.142447644018236295e-06 7.676917327621858127e-07 3.083240416102138032e-07 1.809641008869328814e-07 2.099514507651105308e-07 3.882771059783886068e-07 2.361586941450333411e-08
3.127452895665018308e-06 1.714572859788252647e-06 1.413397363883376332e-06 6.876412238692461990e-07 3.516875896709526220e-07 4.574161757363331235e-07 3.031170422851372243e-06 1.169727042947340041e-07 7.474124246225711210e-08 6.254174711066500069e-08
5.275785585522034102e-06 1.432747700499831690e-06 1.045902415531093245e-06 6.150229880753631654e-07 3.172184276376604739e-07 4.609236437088984508e-07 3.444976143302076102e-06 1.156403395056034894e-07 2.919735033154175878e-07 3.801509929082526353e-08
4.548925508033211706e-06 2.807783943160350030e-06 1.005719813049372643e-06 8.282186048501878331e-07 5.944673356853079635e-07 4.447158406004833336e-07 2.639659572216332635e-07 4.884583791058555774e-07 7.583144795619443026e-08 3.192499402400197664e-08
7.586759934934327813e-06 2.376289870854882729e-06 9.734383300292503676e-07 9.973038921658599566e-07 8.266509353863485199e-07 7.769137717199157558e-07 1.868585964107650902e-07 1.066326408749449497e-07 1.568645418138731936e-07 6.228912710279142811e-07
8.236241800058735835e-06 3.964991291819362083e-06 1.959651741300413169e-06 1.073045072835188205e-06 4.218735306388940492e-06 1.308939085085724694e-06 1.215316140678862053e-07 2.790125701073412696e-07 4.054430779020717198e-06 5.046443472084441579e-07
6.732499982568281666e-06 2.133970873948582384e-06 1.174774964773829803e-06 2.156401442387284801e-06 1.931913824425674972e-06 1.087437087433985030e-07 4.270654996776950500e-08 2.601232046245633947e-08 4.043922293750169459e-06 4.971735983305332464e-07
2.457813852957995382e-06 1.571044000525003537e-06 1.127080515036210149e-06 6.066529381003301759e-06 6.542314547253805336e-06 5.025913659295894147e-07 2.667336804303957199e-07 3.754048095424003147e-07 1.042683764563930143e-06 7.490729265279995194e-08
2.819475405763728421e-06 9.096412693963376356e-06 1.450849880721302169e-06 9.880525458631282977e-07 6.192381669307570678e-07 3.741321984584299094e-07 1.799292637043524414e-07 1.387018334145748198e-07 8.464313374533715750e-08 7.344359590708075965e-08
3.465460875199448897e-06 1.970879909860431649e-06 1.306088650648978212e-06 1.027776553019586894e-06 2.247263159424079266e-06 5.340429440570902540e-07 2.469909577968102933e-06 2.046394060701909475e-07 3.051331314424603424e-06 6.347441450521940437e-07
2.734921555698996798e-06 2.386952503080818745e-06 1.790693392812449888e-06 8.807546661927687975e-07 3.126729572575076691e-06 2.810788912429186998e-07 2.091798168921655811e-07 2.086894329730662110e-07 7.562708486217913098e-07 1.431677627279653791e-07
1.081910828078239445e-06 1.725614268231008889e-06 9.013647300901511177e-07 1.466464119582332004e-06 5.535869312005191754e-07 2.161392741947520804e-07 1.493330021929104685e-07 8.770329367466751820e-08 1.378756117068199588e-07 3.124555855129623643e-07
2.142490607620094763e-06 1.220464532635201323e-06 7.143954624311515697e-07 5.599454577433439044e-07 4.424557669595466098e-07 3.386158782227037821e-07 1.913689803150774147e-07 2.474132366505594754e-07 4.905198698791927921e-08 3.453419887628248020e-07
1.580264187864334374e-06 8.908502956067079133e-07 6.126797904110763491e-07 3.934614340544246111e-07 2.763724314567094811e-07 1.935541838157019556e-07 1.747930233331161408e-06 2.788860231667546921e-07 6.952021583572543016e-08 3.864915551171963964e-08
1.618570240806203303e-06 1.522341215797677527e-06 1.225650545216682713e-06 8.634110703902562332e-07 6.618935958847730536e-07 2.896860342036590219e-07 2.226418809414546257e-07 1.364701330026876982e-07 7.583837681005910674e-08 3.764698299735507089e-08
4.422456200079355072e-07 3.313280799942975224e-07 2.315504742260602337e-07 3.284085379871122393e-07 1.162941619617356582e-06 2.875259398487369860e-07 2.806977558319670329e-06 7.034915903909141545e-08 4.317867041576508297e-08 1.773330822306378370e-08
1.378554820072538368e-05 4.902426697292356415e-06 1.067750181530521918e-06 8.570823511572210154e-07 4.214321570858252677e-07 1.898811183402236303e-07 9.058015448208091121e-08 1.876903300633747548e-08 4.790576177780953752e-09 9.651851648858777816e-09
4.273274696021328214e-06 5.773707024275525789e-06 2.128183588770401858e-06 1.527594983565886519e-06 2.854105942348580397e-06 4.915143983906878102e-07 4.094470790747287363e-07 9.616342386408796697e-07 9.247543509412455327e-08 3.288593744682847857e-08
4.946361510822952768e-06 1.229624867075731421e-05 8.563007658329078699e-06 1.163499727800408361e-06 3.456351400627775874e-06 2.163770498719315479e-06 1.985143723007929663e-07 6.530978047271776196e-08 5.068560437305774244e-08 1.568904874430535437e-07
6.519298038209961118e-06 1.369441370496720518e-05 3.251508719233876903e-06 9.550724720629369392e-07 4.390407288456163770e-07 7.668192136959249536e-07 1.447694629197116027e-07 5.408958945999304749e-07 3.522149877431871184e-07 4.878667974459711733e-07
3.090072351990546203e-06 2.293490944012226830e-06 2.333638485773533080e-06 1.266204207088486101e-06 5.288327161798453277e-07 2.695468979610032901e-07 1.920942134335661270e-07 3.876229546398739353e-07 1.610996174661320448e-07 4.810452476425264902e-08
3.046318155177856863e-06 1.410504096116406169e-06 7.503064790293454318e-06 1.182173536545328979e-05 3.070893633337283849e-07 2.031697840736548260e-06 1.263010781574816151e-07 1.817334547842731885e-07 3.772182539414512214e-08 2.540504394538851586e-08
6.628101383484485641e-06 6.454481734573271701e-06 4.056094297019737531e-06 1.628200597355434377e-06 1.322709318528850928e-06 6.916096641655428313e-07 1.334827913922763512e-07 1.009176473305330925e-06 5.902550506734068067e-08 1.901860301219778625e-08
1.720777385374618450e-06 1.301417469433834917e-06 6.891130364016426513e-07 4.812933360561871051e-07 4.785106601074483263e-07 6.012594608053683852e-06 3.332421266003353633e-07 1.944473088976830819e-07 9.680986210980884208e-08 3.696957476927431291e-08
8.489212870293355741e-07 1.278051020898403888e-06 1.136017926450636799e-06 1.125508774878707663e-06 4.104949589623409227e-07 4.669253177581101767e-07 1.622436473395303744e-07 1.057141517106416322e-07 6.644660265478972573e-08 4.466386441966735187e-07
2.912285992098443499e-06 2.396149108171104963e-06 2.372712958683400534e-06 1.207725444591817122e-06 7.964431099616379925e-07 6.081589157024876177e-07 2.917512392865118026e-07 1.663449682866833978e-07 5.430202352882077051e-08 2.631931293595929926e-08
3.696372554688751346e-06 2.339559223703877186e-06 1.344180735313222066e-06 8.651324171080522323e-07 7.820370446913140968e-07 4.556954103017932329e-06 8.276180707135931061e-07 1.355933741228453955e-07 3.696505993194571331e-08 7.420101741589592926e-07
2.455812621426123003e-06 1.468286124157428534e-06 1.759781798012106038e-05 8.956777342186190253e-06 4.150632301219668445e-07 2.375327863221698068e-07 1.321419689073811636e-06 3.201097474085535385e-07 8.929901430277418580e-08 1.202016218275206780e-07
3.113306873523204373e-06 2.496315741866332551e-06 1.639026566606630085e-06 7.672299276172871933e-07 4.523755050085260531e-07 3.642197953347365805e-07 2.677249135276405916e-06 2.137679234226498505e-07 1.721178864611286174e-07 2.905635330654552060e-08
2.735186007632743608e-06 1.930518232553971032e-06 1.252318153135240831e-06 8.243043033383594154e-07 4.250184215061424926e-07 4.866032978582311713e-07 3.089408842473520332e-07 1.937649269289689700e-07 1.000137428698456243e-07 4.988045754267453820e-08
8.353391226873437160e-06 1.047042567364800224e-05 3.072414737496178347e-06 9.207943065164281840e-07 8.747758130440430737e-07 3.943422367787618609e-07 1.111170497668877824e-07 1.304746186531365700e-07 1.792396850867512395e-07 5.952958387198271079e-07
5.128447413414544105e-07 5.057961669335289392e-07 2.219920399241690906e-07 1.732328537475500886e-07 1.102728058797353193e-07 8.706425081484701699e-08 6.059465108176738478e-08 1.444442054691566954e-07 7.862274616819801812e-07 3.144475061315905842e-08
3.080633326374921948e-06 2.198807953030834507e-06 1.853176834244583442e-06 1.335311775432129942e-06 6.858687992303380874e-07 3.186872514434180263e-07 2.222411670762656901e-07 2.071753819347847463e-07 7.336530615721522482e-08 1.325640000494576235e-08
3.470851797829146193e-06 3.477522869294197841e-06 9.693256803160451031e-06 1.294807941614994817e-06 6.839106785597049839e-07 5.699385588294640450e-07 1.374404400925167235e-07 1.415815410918718465e-07 1.990783157467026511e-08 7.821605137115299288e-07
1.598933614907821979e-06 1.502294771364996645e-06 1.681384257836522614e-06 1.160794699924107763e-06 5.860859170544356721e-07 2.773940385988336667e-07 2.493060456150390936e-07 9.707855248389269367e-07 4.006926863189163054e-06 2.492924635566954823e-08
1.929693456144424100e-06 2.873144195025354642e-06 2.742869729065840525e-06 5.502453822912377974e-07 3.906566544516082329e-07 3.393896828512551235e-07 5.195158298139999261e-07 2.060663367288437551e-07 7.804826073045425620e-08 2.544143542694024268e-08
3.543444375984636713e-05 2.538699428910991960e-06 8.737230049004035496e-07 6.622109587465381322e-07 5.387462050293441079e-07 2.418692122841875293e-07 1.686551317700102520e-07 1.062856833821756851e-07 6.031838540894898081e-08 2.753132867382813848e-08
1.638919821737245936e-06 7.877046222192887074e-07 3.719803452978508315e-07 4.454355400225177006e-07 1.110561383959573557e-06 8.474130741093148128e-07 4.783935798261470282e-06 1.881638713557506600e-07 5.395604850233167072e-08 1.107415352547867898e-07
7.152307809820167563e-06 5.021437383798291793e-06 2.755855042448289140e-06 7.914128135989555828e-07 4.183337797613972923e-07 5.810260479076591876e-07 1.646803667070925897e-07 7.752213856347665940e-08 5.102042229041500383e-07 5.259717809610536561e-09
1.679743183128942592e-06 1.106458094409584414e-06 5.704499546270717469e-07 8.926242275999966774e-07 6.010210152056620816e-07 3.302598270360158956e-07 2.313660463969287348e-07 7.497087179327637583e-07 2.948098666010679411e-07 4.069425731492374572e-08
1.068069384737921611e-05 4.589090762010413402e-06 3.445151754466011447e-06 1.268458166571572839e-06 5.385035828181276119e-07 4.373812115605483143e-07 2.385485497870514268e-07 1.131090391298485690e-07 8.382769095140776069e-07 1.422412583183986716e-07
1.645643978618603026e-06 1.145561471109491487e-06 1.084761773638989274e-06 7.335446729518406713e-07 6.151989891346621335e-07 6.479037233044531058e-07 3.397908226181559277e-07 8.755880679761061008e-07 1.266227056986929906e-06 3.421073489614511099e-08
3.559988874497104461e-06 1.415674261797068984e-06 7.835412240357511763e-07 7.547684584289600298e-07 3.818122712764195491e-07 3.020892333399791173e-07 1.408340839206129911e-07 7.677918702325848468e-08 2.475388354556679527e-07 3.699167421889133944e-08
3.062031846945799295e-06 1.768700764931286382e-06 1.067991775998168298e-06 6.440722324784346684e-07 3.388064860985016857e-07 2.275100374736107224e-07 8.755771897425582921e-07 3.115128176706364594e-08 1.029419036830310286e-08 1.575536045070393050e-09
2.333921246627371043e-06 2.330830225912138907e-06 1.640662042632556553e-06 2.446920852404321930e-06 4.101288743535665594e-07 1.990481015594636395e-07 1.065086776318732881e-07 8.294176425127624798e-08 6.077743356062681971e-08 3.875017645080762646e-08
1.686474210934519498e-06 1.185424713978012067e-06 9.013254539309257983e-07 9.194077600638179233e-07 3.981420144065291125e-07 2.276985049138994291e-07 2.233238365958325245e-07 1.411215372481624152e-07 7.859024265528808267e-07 4.187642328270090203e-08
2.785070283750378558e-06 1.762431690369015650e-06 1.680898096127542144e-06 9.814952228807792426e-06 4.673471270143517226e-07 2.667475090402277583e-07 2.612775934661352256e-07 9.184647504832492691e-08 5.195426188271818430e-08 8.654707492178023436e-08
1.571325088552539972e-06 1.357605868992472142e-06 1.096002888901292675e-06 8.046032905788492549e-07 4.856732019302611856e-07 3.765419998641746780e-07 1.000879544845834329e-06 1.393684684938012936e-07 1.419529798484865391e-07 4.049394422851392545e-08
1.638129708769108856e-05 8.117140249073599077e-06 2.972245249055875614e-06 1.554448971995815739e-06 1.242896849837836813e-06 7.596343350139791494e-07 2.673659064509707337e-07 1.252444255814322004e-07 7.196961361076994236e-08 9.278556549178470020e-08
9.641163704188191833e-06 1.871855384876757205e-06 1.676429476953184111e-06 1.903988459391851907e-06 5.458422696455129513e-07 2.607852112134634068e-07 7.610533441128866842e-07 1.322993382965525024e-07 5.153477426698103155e-08 8.067607396775905837e-08
4.388232181511089017e-06 2.878604369091006836e-06 2.300409131152985388e-06 1.471786287349403582e-06 6.503656222655509373e-07 4.554981370332499483e-07 1.507573937542462591e-07 2.796727555986766968e-07 1.508893117518205531e-08 1.096026210184807721e-09
8.397997882367322235e-07 5.887240413375659639e-07 6.374902999195966705e-07 1.573881503321551079e-06 3.396985166004183516e-06 1.189938104936878848e-07 1.490477260207779938e-07 7.355711240770598440e-07 4.917384435739085479e-07 2.468306700341629059e-08
7.550891960800715116e-06 4.192260693791265257e-06 1.028931212044439734e-06 7.625875347708902996e-07 2.308605386915809127e-06 7.554254238315791510e-07 9.748020156347156662e-08 5.271759158780781916e-08 5.146293687755302013e-09 5.938739400696765376e-10
3.144152674068254298e-06 2.504496146993469812e-06 7.526575467771687794e-07 2.522191178377309284e-07 2.008959325399900610e-07 1.587051941283795226e-07 6.332834992692382141e-07 1.253740016810497988e-07 5.784807739460973422e-07 3.657145185717478840e-06
5.193438689976618994e-06 5.126985150484621347e-06 9.706951799766553533e-06 1.566764161063771934e-06 1.182939220220375639e-06 3.501104329793824624e-07 3.124843918119740382e-07 1.125373318343657086e-07 6.956272632022264298e-07 4.609018953386890320e-07
1.908971585663014357e-07 1.389999465348408260e-07 1.448158517001519351e-07 1.570668581002639258e-07 1.422348488723344110e-07 1.090392309020727396e-07 1.128097146843909163e-06 9.642616000774028374e-08 6.482020183469296956e-08 1.771674545501539608e-08
1.464174127201087054e-06 1.422862539635344295e-06 9.010717128964627438e-07 3.148195163218630973e-07 2.035142463375498003e-07 1.675879466021250645e-07 2.623862224599066658e-07 3.284608325641956941e-07 6.970298367392674626e-08 4.621321766277169813e-07
2.565677452450360011e-06 1.601849662358547781e-06 1.186366758702853852e-06 7.227799096780626377e-07 4.085886125960234441e-07 1.158613835566974114e-06 1.881259577233340583e-07 5.939016548961413852e-07 5.161351458581854651e-08 1.520089075289063792e-08
3.503507372397840846e-06 2.804140428814812323e-06 1.831211101170269155e-06 1.063064893339177038e-06 4.873696772363540575e-07 1.310911122568858352e-06 5.589010678066722653e-07 1.043882889177150746e-07 1.209786673196599349e-07 6.089026997679797888e-08
6.774382661303707462e-06 1.134156802795323577e-06 9.483602908548351229e-07 5.500828122721176419e-07 7.191707325063939446e-07 2.166879282115959685e-07 7.039750392290130770e-07 1.470935631156464292e-06 3.169748140997771110e-08 4.551275550168214899e-07
1.225609353941161293e-07 9.465113793149184550e-08 1.086799387287272512e-07 4.039108454493469714e-07 4.877186721984370317e-07 2.624086757517910807e-06 4.398922948504637089e-07 6.775149826116481059e-08 1.108544625948962292e-07 1.266523555955337829e-07
7.262929914696726361e-06 3.322272731696060141e-06 1.108229200710743521e-06 7.566811191324150785e-07 3.754627046183352857e-07 2.763045166150812095e-07 5.487021670645010915e-07 1.725075598031061498e-07 5.186900847494300105e-07 3.476531318977633999e-08
1.451657334677438350e-06 7.469513691207856191e-07 5.995825555074920381e-07 4.222960816943503759e-07 3.102998499863821498e-07 1.879019371200610907e-07 1.615342067280341268e-06 7.618514097109306727e-08 2.862172213900700101e-07 1.485537805437468620e-07
2.286976704844441519e-06 1.666972879638414945e-06 3.240043844355437592e-06 2.686167903258340325e-06 5.049922602182713650e-06 5.112000917432175030e-07 1.630449110542703637e-07 1.451644446160758200e-07 1.213242446013096726e-06 4.016965702054510332e-08
3.604710240812417106e-06 3.773140370972791124e-06 1.390783422898874423e-06 9.715018948181197147e-07 5.734191804647434719e-07 3.212745949296117307e-07 8.640354800712817020e-07 1.180854694838117684e-07 2.437201550501018874e-07 4.992824369103733468e-08
3.648525924833563752e-06 6.263078729586225189e-06 5.308840634701293848e-06 5.804505726184586149e-06 1.066389160506918017e-06 1.313882376952611210e-06 3.348642090869708454e-07 1.774087626329508301e-07 1.194607853933893921e-07 2.163125211263725799e-08
2.192286108510974494e-06 4.399113385953052362e-06 1.989657346622078623e-06 3.780756591526056221e-06 3.780301818222246271e-06 6.701992584485578522e-07 1.022417833149638687e-06 2.339853931394280917e-07 1.306982802339514861e-07 4.066104892465147777e-08
1.955305364263157679e-05 4.770621166352813389e-06 1.592719751780857632e-06 7.991155984282440205e-07 4.775612245203243349e-07 3.881355317847077550e-07 2.138488098287095798e-07 9.176609883884257617e-08 9.871748775226326436e-08 2.421241429185513308e-08
1.287446848554735911e-06 6.737730973546572896e-07 8.040142025873002537e-07 6.611207746509948828e-07 1.646885101313325232e-06 2.536649602272909706e-07 1.505826751917934103e-07 1.014982738742725055e-07 6.171765257031378708e-08 3.443169439527620519e-08
7.834357886803166617e-06 3.308428449502228411e-06 2.538796749519405376e-06 1.322336253961551306e-06 4.831733473775798350e-07 3.232896546345501207e-07 1.945077755673505972e-07 1.120116473870718759e-07 5.068327404892785163e-08 1.950787021838254397e-08
1.675598201480666668e-06 1.266844708032976752e-06 8.916984580162111408e-07 7.665763579458085226e-07 6.246968780521926146e-07 2.768677252819863437e-06 3.272556208704395649e-07 1.185396407835161360e-07 4.097096304574637825e-08 4.881913569294886812e-08
5.474946546608654957e-06 2.660471605611347722e-06 1.422308441173914183e-05 3.155664757791398632e-06 1.342632018223670446e-06 4.314338971949050811e-07 2.178092841763705631e-07 1.110345216296886051e-07 2.877056486077724796e-08 6.763474332328375355e-09
4.192977086823999177e-06 3.895930901574816475e-06 3.248828918247229648e-06 9.458979923417118727e-07 3.518570751461290714e-07 3.064231805585261749e-07 1.923819460865466479e-07 2.557177302641886106e-07 8.813063471950365146e-07 3.346583792786217899e-08
3.230921703096108924e-06 3.827633566517361367e-06 2.957166493192342693e-06 1.394268236786103654e-06 5.873871314436262960e-07 3.397356701364353154e-07 1.717392822607709685e-07 1.509231298494645925e-07 1.073951371816435790e-07 4.295776582038569552e-08
9.175148431880136337e-07 8.547264727315646134e-07 6.954008354317727202e-07 4.366532786302999950e-07 2.877242925008442719e-07 2.393526032091250249e-07 1.222364606472979837e-07 8.356598279130030638e-08 3.591395963684952007e-08 2.607619779806035896e-08
4.976529474267895238e-07 5.552944052502024510e-07 8.494319105457256429e-07 6.379819197703059754e-07 9.289339281559958894e-07 7.168612674564757615e-07 4.898785417475185847e-06 9.086133163355249899e-08 4.007894447344917152e-08 2.420900432171768155e-08
2.830215663691488672e-06 1.817719124959733327e-06 1.164039285492133223e-06 4.988576602697612539e-06 1.025343184963474465e-06 8.643659201563478560e-07 2.436991612533976013e-07 9.066197033458848809e-08 1.393856848515797871e-07 2.342328018488704031e-08
1.916719556433267945e-06 6.395876930466283163e-06 1.928263078612710525e-06 1.254410646593971142e-06 5.000146717626668167e-07 3.412378438239360671e-07 1.458013845947528260e-07 1.259332263234191419e-07 7.627099345426051012e-08 4.065858761927002061e-08
2.718490694661985274e-06 1.795403439853197101e-06 1.331035917811003552e-06 9.045346876374967118e-07 5.529752397422190855e-07 3.530467506785435004e-07 2.349544113752917209e-07 6.922164598497891197e-08 2.632202315984036786e-08 6.329828185578207199e-08
3.013454783441393541e-06 1.338686218523967987e-06 1.125936093980885591e-06 7.630928573079181551e-07 6.188246756843843537e-07 5.061762507326114480e-07 2.950347710803122339e-07 3.279209370874544032e-07 1.679420898232434855e-07 1.019649092017040625e-07
2.315246371959464258e-05 7.476460130138990816e-06 2.659239232725974894e-06 1.031416788695634175e-06 4.630235033014274487e-07 2.388496982372645307e-07 3.701829525815203698e-07 6.276793687050077864e-08 4.318914618988152384e-08 2.150136721261126479e-08
6.273531296433611595e-06 4.001579050382955418e-06 2.285521326669442788e-06 1.195290787854194982e-06 6.885497427814094653e-07 5.147761280353688577e-07 1.296052319432360831e-07 7.787275524372119371e-08 1.458775013418574955e-08 1.415224032954149580e-09
5.213676533497039834e-06 2.206025547589402114e-06 7.838273743300071719e-06 1.041222946836857218e-06 5.264293847243567669e-07 3.626273013980513431e-07 2.228975348400352298e-07 1.019038012232519213e-07 6.438528015186297580e-08 1.044079415857101593e-08
2.684181474639952865e-06 1.624630301263504952e-06 1.567426581271169114e-06 1.744461870601110853e-06 1.095057696139835154e-06 3.465110845512730568e-06 3.509554658912767349e-07 1.195142127549268712e-07 5.456605887556663546e-07 6.689024225338899608e-08
3.351304727077979012e-06 1.911516310469084214e-06 4.573087438969762787e-06 8.412419574300169612e-07 5.494817584373127267e-07 7.699644087269216598e-07 2.898878189268666857e-07 7.589835364648486636e-08 4.167394314332050073e-08 2.341983370633897177e-08
2.701910615580457689e-06 1.524779903526931406e-06 9.539433612252423491e-06 1.497668128353536599e-06 7.519504864141220538e-07 4.893661300506151795e-07 1.354821363993009996e-06 9.775442633432611436e-08 1.196268389269916773e-08 7.523641314126853840e-10
4.477233591292074404e-06 2.758009617444132989e-06 2.065114927073728262e-06 1.718518777287997313e-06 4.875739011672587063e-07 2.839185184392569809e-07 1.824702293996270763e-07 1.080995796589420848e-07 2.257054934515059264e-08 4.420423304294151958e-09
4.063038837109066564e-06 3.235269441516121919e-06 1.865018247826387526e-06 2.271451498086499225e-06 6.242406581812821912e-07 2.003510528759937666e-07 3.605594882114791291e-07 6.954092674647001611e-07 4.690690669089808119e-08 2.789031175724638296e-08
3.722760772128234183e-06 3.744449496750623307e-06 3.468845886255035210e-06 2.424146617316702888e-06 1.002347914305125913e-06 4.353202345359222041e-07 2.401989448254448049e-07 1.009165743282061091e-07 3.845672386148641230e-08 2.073169320209392642e-08
3.727904237081349825e-06 4.295862118205473082e-06 1.484586748100428822e-06 9.399897521976793734e-07 5.689079481938696400e-07 1.158327973745914077e-06 8.483301133339489464e-07 1.372782378251125084e-07 6.093846467409734240e-08 1.274971015375754844e-07
2.603900767087033581e-06 3.625862591873788408e-06 3.129077422235444538e-06 3.873137055330821082e-06 1.006198534757697668e-05 1.042749462277383859e-06 1.121861361648147443e-07 6.013679138711925677e-08 4.458971509647123204e-08 3.498371459559768768e-08
2.719790088838057607e-06 1.573751660216267053e-06 2.851451734564933888e-06 1.012571000038927618e-06 3.517986337791805570e-07 2.513429274337492166e-07 1.851115202445925982e-07 1.716142190666871068e-07 5.356831488816889172e-08 4.095892340789804135e-08
1.749307082871703194e-06 1.304947876004634984e-06 8.985067170778750106e-07 1.016174737392987134e-06 7.603910087042523606e-07 3.723720996593887788e-06 1.268036632010876832e-07 1.385848211499305813e-06 1.333533396917235820e-07 2.487706676558847899e-08
4.234033512553327711e-06 2.680627127872551559e-06 4.296697914834998023e-06 1.475562040714770712e-05 3.365007664931169819e-06 6.639349872369466424e-07 1.427390124791180017e-07 5.923762070429867300e-08 2.531357979223845110e-08 1.445013842857577793e-08
3.617480259342458125e-06 3.670431274995796273e-06 1.886673985446209594e-06 7.223564819916754912e-06 5.951730459582866845e-07 2.626615846869451756e-07 1.344202577688976398e-07 8.817743840036593495e-08 2.463478145136178468e-07 2.291761882225208299e-08
1.303101724991412435e-06 8.994271171357941238e-07 8.932652823187839623e-07 7.347883202803674004e-07 5.451234282920387964e-07 3.364647156486149904e-07 1.591621664267549182e-07 1.042892761338478124e-07 4.612153666387143477e-08 2.936293632752022701e-08
7.839952044250439907e-07 8.000816021642803885e-07 1.269990034369822178e-06 4.026131388686162987e-06 6.243372065596611052e-07 1.544384082388447033e-07 8.806786014974367240e-08 5.659871680770688660e-08 2.700684279137346152e-07 2.364488945638700195e-08
1.220920456313831081e-05 1.811142391348745747e-06 7.839082615783362305e-07 6.530456694527320168e-07 3.538319282696784474e-06 3.100496683534236109e-07 1.563714844280427793e-07 2.801915470562754626e-07 1.269004600652118548e-08 4.313884226306595159e-09
1.975790599808174134e-06 1.153000775146062117e-06 1.503511694921054679e-06 2.296954029267465253e-06 1.797971330682456305e-06 4.316252271782481360e-07 8.118650041446423228e-07 1.575356310005535891e-07 7.404476843189303569e-07 4.710622238858136374e-08
1.187195813613263072e-06 1.029486845492722751e-06 7.863927570799066379e-07 3.813804530935701348e-07 2.734117386036874383e-07 1.666441186358863719e-07 3.034967037766638744e-07 9.687511186045617407e-08 6.217951090772743809e-08 6.783457471826580893e-08
2.766119376131148714e-06 1.977241457346670078e-06 1.019835660072032249e-06 8.548619897371656091e-07 3.937144152497881343e-07 6.097511495629665811e-07 3.728047702739027098e-07 1.494854242263553353e-07 3.747351351684357840e-08 8.572088088024645103e-08
2.963682379436633864e-06 9.217618819836434904e-07 8.404506262863222091e-07 1.668627150479495417e-06 2.058828308318720998e-06 7.140978011182650024e-07 1.379444021354718126e-06 8.322331708028005092e-08 6.530694960588159914e-07 8.980858965457743562e-07
3.614306657622061492e-07 2.105103661945324996e-07 1.812411272622310365e-07 1.601282589710262879e-07 1.442748209460120248e-07 1.423718751483029712e-07 3.702661976060416595e-07 1.165688795036257537e-07 1.100192930446545891e-07 3.358889923353962431e-08
2.641922642717307136e-06 2.076620196481108089e-06 1.360342286839826812e-06 7.954106115600732126e-07 5.932752091313649244e-07 1.297914248640490750e-07 9.464084403670107416e-08 9.529049902463436363e-08 1.535220195937423034e-06 6.067901899467122278e-08
8.067896187669531595e-07 1.041197153357286784e-06 8.815936937439067364e-07 4.511818440159293674e-07 3.433857590230923162e-07 5.190897426179897213e-07 1.157057507805220246e-06 1.172737763876895242e-07 7.114480878027113432e-07 6.197105228917851086e-07
7.512747013914950855e-06 3.573006738896939298e-06 1.345006497398603537e-06 7.286768616678119254e-07 5.176656649018728217e-07 6.647237695734577161e-07 1.503006571105086731e-07 1.119090687422637017e-07 6.335384909793645826e-08 5.893517614114952518e-08
6.511189491681861218e-06 4.212866547107042755e-06 1.958138575265298133e-06 9.301242034749462162e-07 5.427775655868016107e-07 3.191867014044981871e-07 2.600847434305221608e-07 1.498933038766888329e-07 6.249953243312217816e-08 1.560469595986765282e-06
6.051093449998520370e-06 1.838262274845037961e-06 1.255792742404113534e-06 6.442337442836110041e-07 6.661345271948298139e-07 1.063940231669583595e-06 1.772363262389683011e-07 1.117635392521982791e-07 4.232872407108725276e-08 1.424530705170319361e-08
7.580746653414928663e-07 4.306131751735957102e-06 9.944938214900649907e-07 3.067108417190795728e-07 1.802345302553127384e-07 1.372244383212626421e-07 1.437759772617097805e-07 9.909146235450740776e-08 1.300989328214053540e-07 6.181884686916705943e-08
4.581051379493884565e-06 2.861010627313347893e-06 1.088636398732386346e-06 7.323383885166073872e-07 5.053112618504447279e-07 4.529160802196124322e-07 3.215291960831489790e-07 2.032708684125327510e-07 2.588463068871675403e-06 3.896470818433955340e-08
2.088574955189341187e-06 1.133103897756003220e-06 7.803461180829111546e-07 4.800113703891939722e-07 4.882455884042888565e-07 1.071661890959146310e-06 1.427738311759807836e-07 2.103354456908367889e-06 2.834236409350086033e-08 1.397566929033026461e-08
1.034116197184066156e-06 6.221989657506157201e-07 5.972375565556679549e-07 3.445842220437113950e-07 4.072752824274259174e-07 3.891539865892352609e-07 1.074546763984004482e-06 8.171897027872966682e-08 4.150587586566396409e-08 3.299835359271434765e-08
2.920864299093257952e-06 5.696242401488330329e-06 1.670932894912138927e-05 3.550793730679484191e-06 3.353252938872066057e-06 1.732753763051370900e-07 1.995533203464263471e-06 3.353979447152651721e-07 1.680231277836750475e-07 2.403185875396149190e-07
1.494285390927314028e-05 5.446952709551140603e-06 2.622111689249713153e-06 1.732567046354281735e-06 7.752593386943669076e-07 3.409361364627925378e-07 1.525593255323123475e-07 3.980262218283077895e-08 1.097731444556044864e-08 1.304718490956153424e-07
1.799320210166063260e-06 1.359276671890726322e-06 9.172851078240013428e-07 5.848452440345271858e-07 4.708791277754858227e-07 3.933752762701174923e-07 2.894939149383247724e-07 1.323293288550367177e-06 1.151809268299517871e-07 3.668139504379935196e-08
4.078997973102948797e-06 1.866483686663559416e-06 1.383019886621321393e-06 8.994623099669702652e-07 7.689414054074519808e-07 3.332553704584189157e-06 3.392191282350258958e-06 6.390809417341904253e-07 2.685242525034841367e-08 5.484420324142209641e-09
2.660113966838182937e-06 1.467733806278843633e-06 9.701473190725465232e-07 9.911044428047540858e-07 9.577074625395978086e-07 8.889157873032420952e-07 1.515946947759352022e-07 1.239338205891114003e-07 4.161453252006538381e-06 8.235321472009294195e-08
5.941019102463399445e-06 2.745674216020971572e-06 1.642371539344724125e-06 9.571544243373206790e-07 1.024650008397835106e-06 1.071656028492772507e-05 2.958869828060184427e-07 9.039947095697293878e-08 1.038317774766791976e-07 5.505832266992486871e-08
5.212927745546732503e-06 3.252110617911056393e-06 1.928496230827482924e-06 1.344775896717109148e-06 5.956217906108423799e-07 4.903856491834563566e-07 2.011379180835344997e-07 9.983235390920165591e-07 4.620342445497787434e-08 2.377682140074007046e-09
2.142184030409598336e-06 8.368465898294381610e-07 7.826099290421185530e-07 7.875710746702740943e-07 2.632470323742082409e-06 2.790368303418152005e-07 2.719238167607092135e-07 1.837483968537034566e-07 8.272006888416397328e-07 8.221696569129366426e-08
1.198759744229013721e-06 9.819336058087780870e-07 1.060453996171491600e-06 1.753274482957846014e-06 3.612488763202190401e-07 3.313017177293797963e-07 2.310906903861451434e-07 2.203922026191222130e-07 1.479409810475355138e-07 6.053154121517181095e-08
1.396943770350772521e-06 1.189586272708745689e-06 9.579658789957351638e-07 9.817141193464086625e-07 6.015868387410014624e-07 4.523427856144849521e-07 3.607760631580411983e-07 9.947383538547805525e-08 8.655264968352018988e-08 3.983154159604351742e-08
1.846322006702245585e-06 1.500346180231585450e-06 1.616829727429697983e-06 2.526656106039478621e-06 2.964013137015850872e-07 1.235528632809043163e-07 3.830144782269210046e-07 9.771093632776499734e-08 4.097642665969323358e-08 2.292948538516980860e-08
3.538150026589364727e-07 1.924258489989937912e-07 1.453599330183197290e-07 1.503096628586243735e-07 1.244466305335401346e-07 8.806097651065806105e-08 1.678623046643391791e-07 6.498804266999258535e-08 1.995798309633876230e-07 2.112492361612913293e-08
2.324882673083396858e-06 2.147081190918845574e-06 1.271619538632962488e-06 2.898093406098936677e-06 1.409347213636613123e-05 3.093953661592795988e-07 1.289376416747674174e-06 1.833213076012257391e-07 2.058344811748348661e-08 2.626875553952460210e-09
3.177525950758340523e-06 3.275905445056966781e-06 1.643553646617834528e-06 1.024073540678226495e-06 6.002815304265663387e-06 4.417810383682727559e-07 1.755031862548159322e-07 9.627530272326762023e-08 1.149127080955886517e-07 1.977200953877121793e-07
1.929405199837794112e-07 3.260142699664356229e-06 9.719646622405293414e-06 6.184317639249166762e-07 1.238447945928721108e-07 7.607756448254913259e-08 2.198903135126746748e-07 1.237472891018007796e-07 3.153144567003257821e-07 1.660819381605065012e-08
5.489612646912714691e-06 3.603783910517058547e-06 2.097732704914291485e-06 9.179765920069417964e-07 3.441774957589638822e-07 2.329153779090389180e-07 1.539988209499617542e-07 1.150174183103825820e-07 6.095539093166504237e-08 2.898753720340500225e-08
1.255810824033059264e-06 1.013467411977390643e-06 8.295978254013555659e-07 6.940294064398753177e-07 8.649572049226852247e-07 3.465471188214485461e-07 2.545839396404304831e-07 1.614374174173515781e-07 5.847739010364148239e-08 2.851369320353172495e-08
2.969030982443357181e-06 2.704663243575917485e-06 7.827416446454699522e-06 1.616943652025262679e-05 1.577966820844817420e-06 8.329631464540962085e-07 2.322369877010335536e-07 1.398469727829090054e-07 5.158213488628754566e-08 1.342778981932288686e-07
1.850439859425774197e-06 1.674414922445267364e-06 1.984872469945649414e-06 1.028925882039409988e-06 9.523259684366866086e-07 1.031383735102831664e-06 7.734325046048745279e-07 1.309971337005226884e-07 1.973207069929054834e-07 1.310718986409092212e-08
3.785403617585232950e-06 2.391398485706738030e-06 1.828498089562407958e-06 1.135024615128501642e-06 6.529714582573782118e-07 4.383105730526181890e-07 2.166154129550526206e-07 1.240544597512653419e-07 9.573444708092654261e-08 3.261096183384057996e-07
1.179785060801310458e-06 1.046964318311615844e-06 7.516115593295384153e-07 3.500189706698208196e-07 3.220450994431806724e-07 1.187070573966484196e-06 2.422835169053897243e-07 1.442042546490350588e-07 6.875737111744211804e-08 2.837038622002828854e-08
4.858535409651103384e-05 5.372235366010820595e-06 3.666640025008140411e-06 1.192821267705061755e-06 6.085447229943687150e-07 2.846142043818105389e-07 1.026520789809041150e-06 7.064198531241595632e-08 1.970591707652910046e-08 5.914287961013091798e-09
5.211439775280151868e-07 7.866269033301870870e-07 1.967507585774999672e-06 3.860639090391342946e-07 3.413067827267636955e-07 5.210553555490566232e-07 1.755321040191925686e-07 3.829338647585341667e-08 3.395735713956514290e-06 8.078282841131405172e-08
1.852955837919224589e-06 1.221763646253296589e-05 2.071454944849291161e-06 3.787549862043561614e-06 1.875469408891860758e-06 1.250461184627519855e-06 1.921927481564334510e-07 9.452022047145550036e-08 4.098007674586115300e-08 2.029472887064638624e-08
1.842696985341073405e-06 1.329679249458112219e-06 9.012790131836161504e-07 8.118349250348903021e-07 5.746532005832535880e-07 2.813579538898461126e-06 3.843231612858207650e-06 2.055429192004281920e-07 6.106638820502235383e-07 4.185510382974879956e-08
1.983766273668467723e-06 1.674372634125438648e-06 1.136638134012145499e-06 6.039154542047023439e-07 4.462403235979957958e-07 1.049667016090019780e-06 1.106633545700192558e-07 1.200654077482793706e-06 2.257551192953603428e-07 9.446158175699475235e-08
2.239231343509966743e-06 1.529689790065361682e-06 4.486454505371164523e-07 7.344036548655602364e-07 3.285624512440784423e-07 3.211149307080967117e-07 9.203983396878216893e-07 1.208349412360024977e-07 4.604545075039604775e-08 2.552601657598768308e-08
3.342692533714417770e-06 1.665727853445504517e-06 1.700858205185862109e-06 5.105193837480902359e-06 7.397431197118012953e-07 3.480560934692619403e-07 1.773462976835981757e-07 2.713802156100558640e-07 4.470100007246892724e-08 2.044831387171787893e-08
6.421356325586142470e-06 4.039246084188703797e-06 2.612524104790186616e-06 1.342084517649767323e-06 1.087728251043170591e-06 5.281686901070998087e-07 2.581224877964909213e-07 1.336496639625445549e-07 5.135491356802500043e-08 8.699947427602129368e-07
3.519909195583123702e-06 2.102858261459742712e-06 1.433451147409060632e-06 1.024209295203662740e-06 8.456228094978976626e-07 9.031875791529772561e-07 1.429634606465095789e-07 5.795958559291240991e-08 2.024881507703590496e-08 1.363720640425935024e-09
5.451857980446542099e-06 2.294702189768845904e-06 6.911810616739803673e-06 1.401656246689081797e-06 7.015190201593075643e-07 2.055154067994648621e-07 1.468163719947312784e-07 3.260409681203755487e-07 7.611494014368569057e-08 2.034167857421160006e-08
4.176361333339322849e-06 2.662020215724539115e-06 1.387010661059859229e-06 7.245395395413880666e-07 4.525431165382032276e-07 4.166057685939835720e-07 1.498561077218231933e-07 4.400789197631504442e-08 5.943544861602242715e-09 2.766380582387547292e-08
1.910059216358350636e-07 1.867061523929290550e-07 1.347909819344656895e-07 1.230221400218405391e-07 2.186577156465690181e-07 1.431965326506362400e-07 2.321011006210628347e-07 8.156420903252388682e-08 1.252192780959554198e-07 1.490887833037918335e-07
9.253536235695205517e-06 3.905069625626848774e-06 3.207870255681066598e-06 8.212963087084453002e-06 4.212256338676565665e-07 2.397492583687498324e-07 1.995097165300482242e-07 1.608013662814497942e-07 7.101359154040629422e-08 3.782080083579113997e-08
8.885380786864620798e-06 2.404050443598091131e-06 1.809775805533804425e-06 1.090541382807113085e-06 1.024993769805099187e-06 7.091385582464656429e-07 3.136149269078812422e-07 1.272974069871257599e-07 3.661948864681619536e-07 1.059941539677932883e-08
4.465567846145615663e-06 1.495794134483565859e-06 1.148783830756354382e-06 5.979543251812593826e-07 5.603251740410682921e-07 3.315027840234053314e-07 2.332699331650021692e-07 3.994289440408579625e-07 8.004542310430853298e-08 3.229110547294168998e-07
3.197578401688456514e-06 7.367996111291720253e-06 2.964539869283569528e-06 1.865113282823510046e-06 1.567931390436102958e-06 2.602404382944590996e-07 1.480625338193776595e-07 6.046547231034169902e-08 3.983109338609444650e-08 1.123654984578183671e-08
7.876578936568412614e-07 9.533979325229086596e-07 1.111815613104608867e-06 8.067086707568712084e-07 6.770505999195854419e-06 2.260717064132017100e-07 2.121982906984944158e-07 7.189060016019072197e-08 9.106978825853385865e-07 1.635467013391879936e-07
6.404474812513054579e-06 3.687686392624644920e-06 1.609864821206374504e-06 6.705460362306649222e-06 4.651356227695643364e-06 4.702787726985573282e-07 5.938279022105777150e-07 9.972644952420495093e-08 6.783418615532457624e-07 1.560606376899988791e-06
1.672684999100209160e-05 1.639172557362880129e-06 9.397772714968225318e-07 7.110131555707076341e-07 4.193307910604404007e-07 3.985123955299175683e-07 6.809737384234132906e-07 2.154637087584429384e-07 1.334636366537746640e-08 7.953381964656868501e-07
1.508085982351657993e-06 1.996172394211886631e-06 3.203271319777669561e-06 1.351536816174469891e-05 1.007975549094430467e-06 3.050920218690817574e-07 1.921323318445073588e-07 1.086745708913561041e-07 7.945465992424336166e-08 2.920172052044408410e-08
5.957594308106728305e-06 3.545359870388443681e-06 1.249701862966955294e-06 9.447438457292737147e-07 9.470440878590131078e-07 8.673594248865223984e-07 7.303099402734864778e-07 4.559853890712868600e-08 2.089854395905370433e-07 2.227542471765055527e-07
2.933872373514792352e-06 3.586720802695963109e-06 2.089031147910534840e-06 9.420140712734842276e-07 4.665857506852357176e-07 2.492942537712873965e-07 1.945356724906102879e-07 1.240950607343249762e-07 2.277159493394564733e-07 5.072686465645749356e-08
1.976953691008331124e-06 1.340634319286157169e-06 9.041745051353838296e-07 9.209051910424191234e-07 2.716368453401127451e-06 2.370014065934651577e-06 9.971223688011414548e-08 4.514172261506754724e-08 3.326330003420305390e-07 8.619126148039396956e-07
7.400883065288493098e-06 4.888832388430256166e-06 1.494460089848588955e-06 8.416838543052744937e-07 4.459889812298990833e-07 2.940306465878646425e-07 1.744520008847131345e-07 1.358172706453740211e-07 1.010927347488680675e-07 3.977985433060977331e-08
1.532647145986588371e-06 1.481727546373051851e-06 1.223217496747714033e-06 8.361924020701584718e-07 5.021684395842121810e-07 4.206182858381736077e-07 5.146136862886581387e-07 3.999554195517824031e-06 2.803366861368087151e-07 4.452108531366524324e-08
2.094967092214190397e-06 1.701260028397810477e-06 1.519941814290239975e-06 1.681936092656829790e-06 3.486300364706915937e-06 2.501941693725153240e-07 5.241503313282511294e-07 7.478404373464213102e-08 4.419286667420375677e-08 6.010322600428162136e-07
1.390748842696807013e-06 6.982293991039963393e-07 1.009275677430344178e-06 5.813607651697073207e-07 2.136662878462838371e-07 1.301171122124328016e-07 1.376439903902906286e-07 1.245353312886037188e-07 1.544781864019802523e-08 2.763196790600194334e-08
8.149203721904552512e-06 6.228577553031453043e-06 4.721100444808929930e-06 2.090857708635666960e-06 1.067650836222292914e-06 4.845687716923525477e-07 1.949895265175652703e-07 1.602758662052865765e-07 3.425890085941513144e-07 7.427166940249627436e-08
4.955509040137640313e-07 2.852229286987214380e-07 2.216435296446969806e-07 1.856013997545651532e-07 1.583168925171921827e-07 9.931995832933139000e-07 1.695966865704679077e-07 9.239862242606450260e-07 9.346835701553382811e-08 3.577924767404214611e-08
2.663567744815381116e-06 1.681875458899587806e-06 1.066724746973194345e-06 9.295295628307703766e-07 7.895349639821394738e-07 1.193466444484655441e-06 2.150594911952093583e-07 1.976626259757769830e-07 2.170556405564721840e-08 1.250934805720419247e-09
9.666514737570979932e-07 8.044212574146154343e-07 8.800974523824481022e-07 4.052920747733090566e-07 3.045981727920787210e-07 7.857258061905803636e-07 8.682024890574522676e-08 8.172305736614438267e-08 3.068926539597166577e-07 2.028833830134161614e-06
4.081422390671836586e-06 2.243946188166545804e-06 1.508305945254103841e-06 9.431734352434834464e-07 5.251711443392833924e-07 3.168161515469313591e-07 2.329693108647029142e-07 1.380852445411987781e-07 6.712223403713770058e-07 2.843523194302449492e-08
3.160105386720021505e-06 2.126505164946110373e-06 1.520010014348253534e-06 1.258454477295949325e-06 1.880134131017461417e-06 3.689300871558958383e-07 3.151357532635075569e-07 5.578961400891518190e-08 3.546194677129360567e-09 3.350994856518992231e-10
4.337646593882511468e-06 2.816304658234498737e-06 2.123639684793590933e-06 1.101660365120826371e-06 1.311403443076860987e-06 3.985092026854828564e-07 1.714756181009282211e-07 5.784681042055802652e-07 3.500001209797062945e-08 1.071574683224272487e-07
4.244780526271160954e-06 2.682156427001205685e-06 2.155025767820711073e-06 1.379748940286115629e-06 7.510786224259349152e-07 4.816322901686325081e-07 7.217848549226949336e-07 9.965652010955114798e-08 4.273460446596957768e-08 1.309728312364509545e-06
4.526056029578608431e-06 5.363990658004593045e-06 2.655908720526334553e-06 9.070776791307292567e-07 2.633336895215402127e-06 5.013069878630930189e-07 2.517129363821427042e-07 1.410819273867849086e-07 9.813584117702630431e-08 6.267459100812100883e-07
2.865763240676670277e-06 1.883172920400103476e-06 1.396494541812638210e-06 9.561974742953381489e-07 7.123476306415834400e-07 4.435549136257739711e-07 4.177653397469147063e-06 2.581301235926516077e-07 4.634543338637585052e-08 6.624897969673599326e-08
2.905590984999562918e-06 2.654946776197794943e-06 1.662239043593715049e-06 1.223528017753668851e-06 7.290487662247165742e-07 9.180919644446418077e-07 1.166362380810012076e-07 5.754872015435340919e-08 1.359413977072159801e-09 2.528881009517136264e-08
2.700547862226713661e-07 5.493240748100298429e-07 4.002852925053283298e-07 2.329876691749207593e-07 1.771937345726546297e-07 2.149187056017747251e-07 5.757332720044600968e-07 1.015436041680684177e-06 8.411895726221502655e-08 8.761114971835600390e-08
2.102637749812942439e-06 1.608352777294720708e-06 1.269487202048411780e-06 1.049628398417161366e-06 3.574801497538236802e-06 9.190523717314213530e-07 7.250549550621357152e-07 2.159450838689593768e-07 8.405749042422275641e-07 5.087959978712633448e-08
2.423563310066561193e-06 1.211806536334854548e-06 5.930798261485323806e-07 1.346432322871868879e-06 1.302727977724881677e-06 1.940304041443675459e-06 3.517751177336922858e-06 4.961361706360992815e-08 5.502149266782639156e-09 4.604314679120200566e-08
7.948205952087546757e-06 6.348700335642716672e-06 3.757129877409804550e-06 1.564023589474918345e-06 5.967529691628541075e-06 4.359082243006894502e-07 2.804814089477786288e-07 4.512779012904164271e-07 6.768949567271261425e-08 2.128537644009782427e-08
1.103910645783187945e-06 7.385455953259634918e-07 5.690126731255956031e-07 1.313722076795869881e-06 4.915588942687832165e-06 3.386885146973861874e-07 1.809426133206479817e-07 1.740567432933489524e-07 8.214239870218735834e-08 3.323044365875805639e-08
7.152349816934294685e-06 7.083297674821787387e-06 5.458530438248183198e-06 4.811782795729873665e-06 4.260949812104866915e-06 5.388400188460282987e-07 1.733445704389313582e-07 1.114249045096970362e-07 2.237354363387404181e-07 4.766763752961225430e-08
3.344663650450062479e-06 1.507278961534144242e-06 1.254100458936892086e-06 1.022423921905838211e-06 1.069673083911301766e-06 4.895453448269117276e-06 1.388835147775419341e-06 6.812711207657870804e-08 2.337038675623372593e-08 7.598207225911592648e-09
1.737906369566312504e-06 1.451893221808051747e-06 1.246604654295500996e-06 9.633439368649833552e-07 9.657046689636517196e-07 2.578179324860342063e-07 3.776803284979401266e-07 1.088866970881384238e-07 6.050595743552985141e-08 2.749964207770276903e-08
2.357293594365851868e-06 1.736855460788380414e-06 1.447073116931365216e-06 8.358973421722538978e-07 5.675451602459540047e-07 4.172334802052762730e-07 2.546307829497137508e-07 8.048267007097138531e-07 3.582328577993299308e-08 8.371975663062772314e-07
5.206344560535392893e-06 3.017463781239100592e-06 3.087540140410794465e-06 1.288011757358216346e-06 6.088196616416329196e-07 5.185664873304964594e-07 2.594772856232094569e-07 1.178297504260593559e-07 3.351337828384938147e-07 2.605033571281217186e-08
1.887534433347707450e-06 1.224924127116630800e-06 5.639312208890533780e-07 6.271114406590674335e-07 7.494872368316020738e-07 2.220621593304274084e-07 2.434522935169220689e-06 6.293526176088738825e-08 7.068727706991432634e-08 4.432487420361433372e-08
6.814623871720691026e-06 5.344125980317207075e-06 3.757900973618491265e-06 1.965208813323212462e-06 6.343284977096436113e-07 3.514437065364905774e-07 2.053467159647666533e-07 1.071050508627139636e-07 5.433109725262394858e-07 1.887075531129875160e-08
2.244571526216360079e-06 1.542713987692582298e-06 7.930595116234812145e-07 4.212231786922425960e-07 1.864298650062775952e-07 5.047396615206992038e-07 9.658241410660136338e-08 6.887136112783088484e-08 4.905689419192321974e-08 3.900853707849310401e-07
1.483663165564356432e-06 1.028445601587384426e-06 8.700682030139693744e-07 9.181632212888945050e-07 6.455506177401274582e-07 4.263468902844080913e-07 3.795724295745702045e-06 1.758934306581692668e-07 5.334353875852639789e-08 2.860223700140613663e-07
3.654281315225087976e-06 4.112386139852988876e-06 1.462471235245162171e-06 3.327561592020406007e-06 7.704781441017001674e-07 5.615597257793082846e-07 1.928212654314656247e-07 3.434940064126508016e-08 1.001200051741200043e-08 3.448863258392583327e-08
4.639992246322295693e-06 3.612496157922258861e-06 1.595759882847916600e-06 9.370186935961143979e-07 5.374333352294458099e-07 2.822573757023882489e-07 1.518088753557232416e-07 5.180638762068868572e-08 1.192218844066791592e-08 2.471857290835363814e-09
6.357353008414690502e-06 4.863283488137641070e-06 3.337294090180935298e-06 1.320414402308651642e-06 5.555275116477350642e-07 2.988849467512779722e-07 1.716062978609247378e-07 6.813556009726466974e-07 4.651032066193082439e-08 4.428209362551387890e-08
4.356201933256545979e-06 1.018911843292114445e-05 4.251797367995560148e-06 1.435683379045624825e-06 5.426957157257754457e-07 3.373152025765070002e-07 1.969021873891208366e-07 1.280609150208557052e-07 5.463573681084270579e-08 1.993245092772134610e-08
3.189508893508636176e-06 1.828067711742090639e-06 1.445022387606309924e-06 8.284228554022529649e-07 1.319550202242479935e-06 3.354799498206066416e-07 1.648223817798506907e-06 2.087937460556970106e-07 9.760396403560494404e-08 5.640603200148988654e-07
2.022472537428082744e-06 1.610394765594968472e-06 1.570487964673184308e-06 6.419143616195906770e-07 6.313690397767300891e-07 2.312108898349369852e-07 1.770252209116018876e-07 1.204516825123026360e-07 4.872403954830140970e-08 3.038979585879512501e-08
2.133237682792486002e-06 1.825136905025350895e-06 1.109890585510849169e-06 7.956196342229120949e-07 4.736264350265475727e-06 1.795915730960489119e-06 4.609567021913860561e-07 1.722367733498528698e-08 3.349221316789341287e-09 1.809265860115951099e-07
4.887525516115462474e-06 2.312476655450074776e-06 3.585170982684601228e-06 1.561982104532726467e-06 6.478369036281186568e-07 1.184868472808295230e-06 1.875990606926922852e-07 2.409291556630732525e-07 4.219586130442243834e-08 2.130599822513462581e-08
1.016785285198543374e-05 1.515870517183169025e-06 2.022165234369708472e-06 2.819626992437446510e-06 8.026459391163503944e-07 1.562500419485720039e-06 5.354714669572693494e-07 2.166389910480962304e-07 8.840794863120216601e-08 3.344371738628637659e-07
5.830527657681213724e-06 4.990415189099632720e-06 3.549887095435785722e-06 1.778341268912420683e-06 5.141578385987186067e-07 3.056379834513259068e-07 1.284314649866202805e-07 1.049412559684341149e-07 8.701842928709729097e-08 5.056329788143717390e-07
1.576851285574765865e-05 3.278704411073354811e-06 1.796380485165573244e-06 6.142430673293305736e-07 3.211413609390681980e-07 1.904168129046986161e-07 1.086305737238476500e-07 3.417074568867087020e-08 8.543636607694546792e-09 1.293285822160373434e-08
4.020576934545437194e-06 2.396784906954189134e-06 1.137577984716925396e-06 2.553616823464779825e-06 5.852587803019354911e-07 2.176739112879205432e-07 1.392115899753361586e-07 8.625923415784996987e-08 4.828176327146382742e-07 2.836144153432062534e-08
2.957640040376373672e-05 3.669254215447851519e-06 1.653297670119280589e-06 1.406875761975724235e-06 1.951433604947429217e-06 3.365116430508146890e-07 1.909179255103329388e-07 9.751069980474875692e-08 8.116637643550333822e-07 4.804654183591785266e-08
3.668017093198023950e-06 3.472761920275845550e-06 2.562147470969116690e-06 2.755853563665736508e-06 2.871429517398214301e-06 3.567671086332717710e-07 1.616212236449412815e-06 3.206202975797314650e-07 3.601362724938595261e-08 5.326112190932305384e-08
2.486106857844907741e-06 1.150571987317199830e-06 1.004969511360329673e-06 7.076099252460138936e-06 1.238976607509675257e-06 3.324204844032076790e-06 9.427619230383705597e-08 4.612811363087923891e-08 1.054910081526236381e-08 9.594761853146851718e-08
4.052290490265176537e-06 3.133172295529191779e-06 2.541612434540924499e-06 1.608943067643156578e-06 5.435907227805107756e-07 3.604030503340191551e-07 2.531444255621924563e-07 1.170237166606784246e-07 5.295201087807050406e-08 7.486606181807135530e-08
9.985064430865706053e-07 1.049830012123914265e-06 1.007205876950250264e-06 8.044897561084714505e-07 5.855459912461991406e-07 2.520621373852743834e-07 6.904306520691165172e-07 1.144242480454232195e-07 7.327315384708589628e-08 3.974303028477519355e-08
7.765439843566756539e-06 6.155339818058032326e-06 3.198668621722267074e-06 1.476859692863207569e-06 9.087507491222959389e-07 2.616029602345934548e-07 1.498289138254466698e-07 1.128050810686614165e-07 6.211532769929001194e-08 5.540824562495883936e-08
3.835041290566361151e-06 2.584900566226202432e-06 1.371195398458892730e-06 8.057804233093954125e-07 6.307740025017572128e-07 9.950841553335497410e-07 6.789062345508277819e-07 1.841946387000651338e-07 5.391601182674679740e-08 2.117498765056151954e-08
3.190845994633699006e-06 1.903793147699996402e-06 1.711716905934283773e-06 1.368196971747986427e-06 6.479869029215701585e-07 3.368739813440359974e-07 2.664067634597574914e-07 1.508327386240448673e-07 8.896732445632192987e-08 5.397044572050787633e-09
1.443858937727152872e-06 1.193085951389904752e-06 8.969903189509238437e-07 7.690248852407545293e-07 4.389231299631078380e-07 3.033999396021235555e-07 1.948219527868703904e-06 2.853433603011224876e-07 7.133766680766636908e-08 2.469396560709586458e-08
2.276569482293927616e-06 3.490110588162421663e-06 1.499463358494178357e-06 1.121072568862259176e-06 6.167167250240446823e-07 4.435451675165152013e-07 1.798122390209836158e-07 1.962928587872087478e-08 3.858057219895198942e-09 4.363992710573652197e-07
8.214001143683281212e-07 6.790436827971103475e-07 8.098082961183052864e-07 5.298047107400661644e-07 4.390163381240355083e-07 3.478234737163663616e-07 2.059073170108315700e-07 1.196749914608075872e-07 6.118309000429328732e-08 3.726885919161345915e-07
1.706276415395659435e-06 1.396469014246061940e-06 5.397874446538662207e-07 3.267080166588120568e-07 2.106082366895285056e-07 1.674706863264272845e-07 1.185171877914036797e-07 9.861756694971429526e-08 1.926177031083296304e-07 4.084869816238212575e-08
6.092586452056845543e-06 7.464465105635597650e-06 4.284354761379572952e-06 7.922735712390038687e-06 7.207744619466390959e-07 3.208691081327281380e-07 1.861741807375429285e-07 1.513283531806158002e-07 5.904790981251057218e-08 3.100161362951551604e-08
1.548905361424906849e-06 1.247073856039912319e-06 8.524159131115474661e-07 5.973625193337474743e-07 4.883119138459423534e-07 4.192689550608828754e-06 1.640722656302854715e-07 3.113831409665365060e-08 9.089411596352027661e-09 9.533779043817714058e-08
1.568683461018498085e-06 1.468168477911078251e-06 8.791320329083757323e-07 5.641809719953277057e-07 3.007232666523590450e-07 5.266714095172226893e-07 4.056125526784748564e-06 3.354392801392845892e-07 2.090535838850582182e-08 4.849651759239701987e-09
2.561797204708507272e-06 2.220279377090680161e-06 1.567932396899107945e-06 1.224240725939178372e-06 7.437753705738733915e-07 3.852479228466505827e-07 2.119275020911456787e-07 1.067504857387532701e-07 5.735780416308574527e-08 1.287788462889120478e-07
5.403421549398946101e-07 4.010337341661516313e-07 3.071635438974916463e-07 2.659409660795671198e-07 2.572327198282802178e-07 1.368547856684911914e-07 1.187212902657148588e-07 1.202550860322271659e-06 6.795244820663893757e-08 3.407488456534609542e-07
1.458525370341526448e-06 9.552911905626562484e-07 9.794034101244693512e-07 5.401405475315223233e-07 4.986277502563168844e-07 1.984097174543136588e-07 4.955396192326607699e-08 3.694552302154100960e-08 6.911026984133918963e-08 1.067441433619210405e-07
5.966205199770236342e-06 2.761317195569140438e-06 1.533865848189716993e-06 9.113880328555911217e-07 4.467104322722199117e-07 3.648757099479630317e-06 2.890458140320759399e-07 5.266169424190652208e-07 5.471765814031629920e-08 2.153353856771961867e-08
5.522235537922203619e-07 4.430936671433411557e-07 4.353743639646112430e-07 7.452144862359586112e-07 3.123086907708012870e-07 1.324152175902304293e-07 1.068961301264830640e-07 9.039128425946087231e-08 2.238325905427374366e-06 3.044344779385843922e-08
2.365573242559611355e-06 1.914147817619351067e-06 1.446897850530372964e-06 9.621397226802552922e-07 6.524281921768199068e-07 3.649921429293854898e-07 2.001167500988963749e-07 2.802247115885347906e-07 9.462822172108861063e-08 1.794963547612627699e-08
2.753296007138270067e-06 2.219526133913285665e-06 1.969998504380325269e-06 7.615940030408192747e-06 7.604929828065916968e-07 4.165545259702549173e-07 5.505578456285359736e-07 1.155357768419554524e-07 5.926923996660134856e-08 2.123930254930652697e-08
3.327557701190214693e-06 2.295899466024003517e-06 7.824491447688504169e-07 4.192404158018891192e-07 2.979550324593670708e-07 2.138935893042559162e-07 1.872413913071963683e-07 8.513504103524501861e-08 4.211650587107661629e-08 2.946171347510183945e-08
3.767914471700066419e-06 3.786049636801099939e-06 5.668359238223790722e-06 2.056739793731974079e-06 4.578163266935971834e-07 3.837705310059780097e-07 1.158922773404843504e-07 4.924342899005521188e-08 3.082989436648009208e-08 1.029379012124588739e-06
6.322912073339022310e-07 3.026392651160248222e-07 2.138648986573243448e-07 3.423749827969165301e-07 2.260524707802616601e-07 1.943460425676016803e-07 1.114098507432414092e-07 1.087216815182045861e-06 8.845096041165248039e-07 2.394405030548361555e-08
5.273453363937314707e-06 2.903952114159830246e-06 1.224227052075510603e-06 1.218943038864348144e-06 1.645500263021355947e-05 2.158818573578854073e-07 5.067698660227728195e-07 4.047228677961387454e-08 5.018158913393324697e-09 9.310380865603232759e-08
2.337565629020535480e-06 1.885351074727777865e-06 1.043516328942497568e-06 5.833024497915687850e-07 5.052048560795294953e-07 4.094891117929032544e-07 8.657551478231782392e-07 2.731021293248887289e-08 2.654961221719207798e-09 1.909929852507642895e-08
2.245305097259939253e-06 1.459208557532073865e-06 9.614135636720083971e-07 6.106596983651799975e-07 2.099629859732709525e-06 3.281326489341118893e-07 1.064438097781972717e-07 1.322227626709296569e-06 1.105612115135769781e-07 4.219162070031842623e-08
2.528208836184557369e-05 4.330480949575509453e-06 8.792249018512601692e-07 1.112630946865985913e-06 3.274313522642190060e-07 2.539362685342826257e-07 1.743136896657180988e-07 7.923503306379139630e-08 1.498396859887278803e-08 2.083910578136536400e-09
4.617609658828572437e-06 2.054176536966634181e-06 1.967017414612195852e-06 8.630857536675307118e-07 8.400866814492500539e-07 2.998987909545968508e-07 1.885967158720809587e-07 1.504661424623331922e-07 3.601349992260342342e-08 1.309662388511451493e-08
1.436020215970347448e-06 1.150442156928373795e-06 1.314918599179394297e-06 8.570501493196632721e-07 1.391597801222868249e-06 1.969399006227909501e-07 6.258179731595709560e-08 5.815323508183640266e-08 7.308418283698538249e-07 7.724747058972812864e-09
1.051792279031412937e-06 6.482147623500007585e-07 2.247460164959438026e-06 4.000078185871136113e-06 7.401773131987389119e-07 6.611563756801673239e-06 1.728334799707334407e-07 5.361686678514742964e-08 2.800329928548189545e-08 1.166977001246312441e-08
1.832667213817716092e-06 1.611149119842362095e-06 2.907630151316178039e-06 5.780708759101823622e-07 3.611289596112888425e-07 2.590438851177267599e-07 2.288334560906007962e-07 8.825024405092118339e-08 2.245108506308260434e-07 3.588426782809294114e-08
4.904289511879703389e-06 2.038232424042062504e-06 1.005201441753783475e-06 3.387011099072768239e-06 1.700747054985212277e-06 2.299436698093671562e-06 9.597114208355873335e-08 5.298938743328828395e-09 8.055015359316487398e-10 4.496703140836207449e-10
1.224791823208133564e-06 1.303862734035161021e-06 9.525131414351588449e-07 4.778018374154789749e-07 3.775711461289185603e-07 3.538475957940219922e-07 4.530959311541556236e-06 2.667702417759916851e-07 1.225674571135779118e-07 5.820979175911751764e-08
4.832885086738174849e-07 8.023902837329578798e-07 5.331794157048484178e-07 3.506246305170444877e-07 2.717846840534816206e-07 2.856948254043213122e-06 4.636868315704452809e-07 1.724696545821216275e-06 4.358691734297182131e-08 5.221089826736739476e-09
3.641517087466575745e-07 5.166743777409654460e-07 3.888624628766583877e-07 1.893193327202321839e-07 2.464552111195856369e-07 3.342219330762475850e-07 1.040193577553456255e-07 5.242190560130785281e-08 3.509571317044675574e-08 1.975729509945910918e-08
4.520396310921060464e-07 4.814514597682597948e-07 3.059220150470312193e-07 2.333632380645772225e-07 1.957723541196401758e-07 1.291170608421940697e-07 2.063463145882878378e-06 2.189798014436122365e-07 4.648079541429364995e-08 3.712682275675081067e-08
4.857295950813566660e-06 2.694536737292078515e-06 2.702921941769251036e-06 1.340924503181927002e-06 8.973650419730847959e-06 5.478097866215530921e-07 1.737593464845623487e-07 9.739185715415729674e-08 3.049651357778437275e-08 4.461154241771991181e-09
4.799435579234045101e-06 2.499560914494910820e-06 1.579545239603678019e-06 9.051039767387760438e-07 4.402200063672648328e-07 5.876086155890478980e-07 1.052102289777279780e-06 1.748243526260167833e-07 4.848120491499187762e-08 6.397899801141238696e-09
3.498834690814275765e-06 2.153695466299222104e-06 2.111378436307540489e-05 1.685400030869946770e-06 7.857805760043730302e-07 2.921615100128588222e-07 1.278526475641355003e-07 3.446288473471347839e-08 1.242007437317554382e-08 9.837208874140455452e-08
8.729096104008276618e-06 5.281384868137844141e-06 3.258134652948961616e-06 1.338973528876171216e-06 1.065917304868907910e-06 5.911666846144367544e-07 2.306603147114845176e-07 1.058685463108921256e-06 7.927880791843264265e-08 1.774209650846319286e-08
2.915094072284076997e-06 1.656980708639475232e-06 1.106246107419486247e-06 6.477105468421172872e-07 3.441797430022745710e-07 2.054139354477651919e-07 1.295237336643812241e-07 9.037193707219893771e-08 1.796758370037183072e-07 2.261590298474742247e-08
3.274240646737084031e-06 1.673424681002441148e-06 1.375939064850975320e-06 1.926103635200364950e-05 4.968846267306977219e-07 2.680234249478402641e-07 1.562063831301325062e-07 5.930525446631740801e-08 2.225359013675226524e-08 8.531892410756539570e-09
1.511356827030120101e-06 9.770747078421118729e-07 9.276414999345973059e-07 6.038452838683106126e-07 9.019206751000190590e-07 4.654741037900298593e-07 1.617779781678366477e-07 2.073919771985668413e-07 2.172912286310584880e-08 4.637788907469426485e-09
4.495177440722986746e-06 1.878500927789200681e-06 1.960033216075167055e-06 4.166272652119553336e-06 1.502492372967919032e-06 3.729384530950595988e-07 3.697777271780466232e-07 9.204767870487825457e-08 1.915457938524428245e-08 8.614937876899570860e-07
4.684632998135431738e-06 4.016788455875377599e-06 1.456983837314999810e-06 7.718990933024133827e-07 5.678652201868974576e-06 8.820787193906624809e-07 4.113820962090996666e-07 1.003764064425960648e-07 3.735539259433222666e-08 7.232984811011604240e-07
5.679108456352999016e-06 4.228768321122067432e-06 3.273993315976070699e-06 1.556566832640874674e-06 9.400890762147347958e-07 5.394154894259637008e-07 2.307424379509367446e-07 1.202070818509005146e-07 5.744886594052305780e-08 2.896071739512636728e-08
8.750156859628628240e-07 4.728773067384434340e-07 4.125787543910791740e-07 2.638096906863396451e-07 2.169772730318330953e-07 1.347234692620674563e-07 1.073003361818537808e-07 1.762072008932018866e-06 1.704520499122969837e-07 5.381698260674621624e-08
2.558280645874853023e-06 1.727934866256155109e-06 1.082327232778097061e-06 5.494260318109163814e-07 5.022568848794774044e-07 2.297634569288790714e-07 1.551033914249136262e-07 3.018100641172807588e-07 2.004621870826462772e-07 4.246801425194425718e-08
2.474559802023274422e-06 1.741285390247797692e-06 9.729183932889118740e-07 5.225802900100412097e-07 3.058668827864977696e-07 2.922507855652748242e-07 2.298644905397947778e-07 1.045875681829092388e-07 7.452632005990200910e-08 3.178062784134107979e-08
1.904694555327617942e-06 1.512908869263745770e-06 1.396622223656183651e-06 2.671149403755388019e-05 1.125091649833965477e-06 1.893026594604434225e-07 5.054095599570806580e-08 1.061683928536434942e-08 2.148668095792803067e-09 1.341324669606694381e-10
4.447293898383435999e-06 8.708997574226665016e-06 8.954220555745602328e-06 1.559351288501277232e-06 1.041838676593183769e-06 5.345227076443723975e-07 1.896280853935645783e-06 1.191641412412868140e-07 5.200319654361416052e-08 3.168835902498445857e-08
3.611276080323421845e-06 1.554523118550310643e-06 8.317652382578977363e-07 7.697144471742357490e-07 4.449949087185139409e-07 3.640231348325933513e-07 2.394401556596502657e-07 1.518785655840859584e-07 8.295553383847642409e-08 3.398700396433867528e-08
4.188888969662346667e-06 2.318739274256550063e-06 1.126480836131194896e-06 7.515756878761287761e-07 3.873167096755940377e-07 7.438692108635520976e-07 1.564950510657671841e-07 7.808084084482253351e-08 3.468361029384143646e-08 2.550000381363525308e-08
1.551883944528630414e-06 3.580657713523768009e-06 5.659523731481947757e-06 9.567939374188838595e-07 7.121522320995494309e-07 7.494632066335112764e-06 3.879421504213502220e-07 7.705102265097006547e-08 5.829443459095887816e-08 2.638765226924531013e-08
1.833871129173245464e-06 1.729762146347503580e-06 8.136875529743809524e-07 4.634340535384807611e-07 3.033120092997493058e-07 1.910720687189199159e-07 2.182951327309764229e-07 1.044922438030435606e-06 6.065864708873982102e-08 2.951972919544872853e-08
3.198832649874823183e-06 2.538087720922991288e-06 1.970584811944825325e-06 2.252693927529908618e-06 7.429081627335280735e-07 3.401231401743055441e-06 4.671788452241567586e-07 1.272325513903278940e-07 4.927510454898664643e-08 1.926158721900925581e-07
3.437396077171433082e-06 2.146938134419266685e-06 1.152355663778386188e-06 1.087516776099753420e-06 7.083310104209565299e-07 1.493660166572072198e-06 1.056595904978470163e-06 1.238815951695020498e-07 6.768759788133036770e-08 2.565939561174464655e-08
1.325110960105719638e-06 1.041313130524798821e-06 1.246891729420382282e-06 1.280731180388032887e-06 4.011367643071797457e-07 1.329202210811479044e-06 1.177204904942790241e-07 4.773304850219906156e-08 5.086195244284015424e-08 3.138195821208699400e-08
2.950932253259551424e-07 2.638514764646909347e-07 2.076094962875769920e-07 1.423837940358578761e-07 1.236724094253099322e-07 1.248654882922836707e-07 7.131790459681127478e-08 6.245346074332163549e-07 7.284860204776575447e-08 2.850521450464554230e-08
2.223495911351732193e-06 1.677743849974628058e-06 9.998251023477507998e-07 1.906240650645526275e-06 3.658482171607859127e-07 3.253818261986449217e-07 1.573250185604218742e-06 2.261614950900936850e-07 4.463942328424239908e-08 7.459173774421107123e-08
8.328634480599064799e-07 3.766813374010399132e-07 3.516055970849067142e-07 2.982006550037083140e-07 3.587985478893752575e-07 2.448314617115568650e-06 5.459727769825186955e-07 1.035147752833472664e-07 7.950246072447592930e-08 2.579878104494257219e-07
5.717490610414070709e-06 1.824085302784290122e-06 1.225041424121026232e-06 9.646266699562418742e-07 8.503154766317345964e-07 2.667055353321234266e-06 1.015531233897479094e-07 2.880829789885983040e-08 1.260608156389130977e-08 1.098328819004072461e-09
3.143009219767977143e-06 2.237639660502282758e-06 1.258652087763327521e-06 2.000182514263034880e-06 6.680801474491799718e-07 2.883332569311246783e-07 1.676270680730830925e-07 1.108612554739900828e-07 5.010828017674762980e-08 2.968128109156087326e-08
2.584888647634840629e-06 2.052831637371923222e-06 1.275855661314337236e-06 9.069104251673409598e-07 5.990060112609339178e-06 2.982859412315737779e-07 1.924891082793426172e-07 9.348573656447834943e-08 5.137036377449156598e-08 1.161065495096327919e-07
5.530133805048288627e-07 3.029685842836076124e-07 3.373857155640986373e-07 2.926788925058361877e-06 7.534637669734647760e-06 3.961926391678686889e-07 5.115397793878400603e-07 1.101568569493438389e-06 4.393820434531207057e-08 2.047716864365242011e-07
5.883313112099224177e-06 3.547022057415898634e-06 1.066221175924745363e-06 8.389793986140271528e-07 8.478404812363792064e-07 7.536060195412815765e-07 1.182667249991737238e-07 6.272168780368215859e-08 3.046726739619960800e-08 1.906234260160005740e-08
2.792146828221343638e-06 3.722643973760048911e-06 1.002361112513015557e-06 7.904522038968941090e-07 1.033883222134853024e-06 6.935987174113072563e-07 1.281623836507262783e-07 7.477561645346095844e-08 4.500333085854163224e-08 3.015652770369224306e-08
5.041869886986651280e-06 1.650051322162197823e-06 8.133492075643727548e-07 5.405023342960697246e-07 2.963962216064954792e-07 2.478751068588140656e-07 1.811106113294550577e-07 1.202456919640645987e-07 5.737750820686146127e-08 9.321971628636079507e-09
2.757418053022438547e-06 1.226461779731129809e-06 8.685686988773982214e-07 6.242737429070466470e-07 5.272805013049656479e-07 4.777758572984917507e-07 3.901026087647242312e-07 7.858300320492309842e-07 7.874260807909904667e-08 4.393774942799674405e-07
2.665856263560914555e-06 3.133674176298270459e-06 2.030991406735694353e-06 4.646641367367244831e-07 3.806635994069512631e-07 2.664157101413983615e-07 3.292942493709324702e-07 7.165153563107641081e-08 4.799424064267875437e-08 4.254353852086643211e-08
2.166876177819527498e-06 8.070845534724840276e-07 4.303408664812027448e-07 2.629375702634246760e-07 2.413736478042354872e-07 1.404929873327955312e-07 9.076507680173624926e-08 9.409942634458789009e-08 9.170430140201941780e-08 7.996436211496967798e-08
2.080382861102189866e-06 1.489333425688457678e-06 1.103286621660626565e-06 7.801421394371875059e-07 1.651283927631661484e-06 2.665852058326416759e-07 2.661744886029670028e-07 2.527629504996978779e-07 6.413917034982488257e-08 2.720333172965581164e-08
3.078304940090352107e-07 2.161067628822851625e-07 2.138326705981145284e-07 3.407605461370339537e-07 2.212516732812817176e-06 1.701724234097587699e-06 1.025680514573853197e-07 3.891445206425643428e-08 2.319936672330054718e-08 1.233685345540589860e-08
1.013836175036281359e-06 9.201162626381294259e-07 5.697170429948617021e-07 3.102252265338606595e-07 1.864401486922271955e-07 1.249697137871949974e-07 9.384648125474173422e-08 1.044507292133491993e-07 5.245135441661002305e-08 3.219836584225745035e-08
