1.468145039499318912e-06 1.367131442419507391e-06 1.301273569118796246e-06 1.192186778178122236e-06 9.870718027828660019e-07 9.038296448283884748e-07 7.870933207878113304e-07 6.380985139183439981e-07 4.839226873897673601e-07 3.702245662264891808e-07 2.899003125429252911e-07 2.291405564452317292e-07 1.530652651408655062e-07 9.378238601613708565e-08 5.410125375783107421e-08 2.937229763426051284e-08 1.875452946254642199e-08 1.547876722376037043e-08 1.041754785725795898e-08 3.663310387094955460e-09 2.135340515250420772e-09 2.280246075962694148e-09 5.477567394735306975e-10 3.048730026455451052e-10 7.068249935662145144e-10
1.696852790474117018e-06 1.574294156524647216e-06 1.401154692543710869e-06 1.163601317062044717e-06 9.495671770518453272e-07 8.410015290922921949e-07 7.342596482524114297e-07 6.612887968658069437e-07 5.746622321315600809e-07 4.581277091908826742e-07 3.342089968238272460e-07 2.180722898015591215e-07 1.211163247491389885e-07 6.278249455856856274e-08 3.906589364302423756e-08 1.779401768712466021e-08 6.563464965436407761e-09 2.973472400363281192e-09 1.342281635834149387e-09 1.260895042054233247e-09 2.474412674032378558e-09 1.697789047003955641e-09 1.752024352804080089e-09 1.544727907858566391e-09 1.372857480749337640e-09
2.309922955154982941e-06 1.820498228183496460e-06 1.569183186989470580e-06 1.427590469331425511e-06 1.247005116098938331e-06 1.016131494103793300e-06 9.079224871277133664e-07 7.891665518009899312e-07 6.416101700999588550e-07 5.391584442884371505e-07 3.918496037920951256e-07 2.640459632822292130e-07 1.814939630164211848e-07 1.097656570660310406e-07 5.649772602019229212e-08 2.962202240793724732e-08 1.451128806572563158e-08 6.916471868843088712e-09 2.513183448286040065e-09 1.193046287193747324e-09 8.888912226077744324e-10 3.581011332796609094e-10 4.706054839068999897e-10 5.161412723350464035e-10 5.011304582863504878e-10
1.689177185011047422e-06 1.572418206394216702e-06 1.260748620286267735e-06 1.128614246885609464e-06 9.883558021626772395e-07 8.407720443980658670e-07 7.493098922217328534e-07 7.139906328855759830e-07 6.158721515779967437e-07 4.851613110873955648e-07 3.672950283885311311e-07 2.542396551921840976e-07 1.642685153343145747e-07 1.060483386583864077e-07 5.343728344405481721e-08 2.177234096075954851e-08 8.918640923176072137e-09 4.654086525018265525e-09 1.858323929566666114e-09 4.984462067346460522e-10 2.772411731968837610e-10 2.859354881689262333e-10 4.447591117138193172e-10 3.263438163612942549e-10 2.049424006008609544e-10
1.531663416166447634e-06 1.445868164466303416e-06 1.254110523250881566e-06 1.026903169902456032e-06 9.077391466921278000e-07 8.598133557461741553e-07 7.889746013517513599e-07 6.527426738735316472e-07 5.321247397348942701e-07 4.253035622521169022e-07 3.279520973963495382e-07 2.353071442286805756e-07 1.342171796722280357e-07 6.984476455523215358e-08 3.839239285897442750e-08 1.930209122933671714e-08 1.136214699855425866e-08 9.391465621281959928e-09 6.680517508393649451e-09 3.330999853967665413e-09 2.182175198171649322e-09 1.054337752117909525e-09 3.259797449097521102e-10 2.581860718637858645e-10 5.524695555688088237e-10
1.607223931478863652e-06 1.464288002591773212e-06 1.544899753459716624e-06 1.269049123780770030e-06 9.797917993642789351e-07 7.378619824806402771e-07 6.067607696689902732e-07 5.217530251809135170e-07 3.884155104997104205e-07 2.904071640172224566e-07 2.214010946603986426e-07 1.486800812398010439e-07 8.849588386989326756e-08 4.935587536783187113e-08 2.915239548713616085e-08 1.772811772807348871e-08 1.117787739374673447e-08 7.053952858377910759e-09 3.958602275797956591e-09 2.329885160268704714e-09 1.755587474017706019e-09 1.967210544915310892e-09 1.393894479313151543e-09 4.479749098331320368e-10 1.899479806139422631e-10
1.538373020252001117e-06 1.457079915529686208e-06 1.472112306333591451e-06 1.321761460245837920e-06 1.095137293569440529e-06 9.065793021372301552e-07 7.590695399032479851e-07 6.141823585697979405e-07 5.435768862293309752e-07 4.406219548667921927e-07 3.117355217517960724e-07 1.898438682573476545e-07 1.057107461103428409e-07 6.887289411634292338e-08 4.214705573923728559e-08 2.519827564085763035e-08 1.519197608268987121e-08 6.022833711026280668e-09 2.339655900335322994e-09 1.135947547645333230e-09 9.658967909661069556e-10 2.074619906137562671e-09 5.357430114275935073e-10 3.007660565059866232e-10 6.247219389863009620e-10
1.532931919608246977e-06 1.429588940538563398e-06 1.272727311265568733e-06 1.224006865264677967e-06 1.081511716220411610e-06 9.161212501533315007e-07 8.174818539358918223e-07 6.765397078539833201e-07 5.369877131875532199e-07 4.059146211410292325e-07 3.301630910485117233e-07 2.441934383901698409e-07 1.604505424876591733e-07 9.073773428625004928e-08 4.215850315916568740e-08 1.688948722892931812e-08 7.200168386111726717e-09 4.276592245958589819e-09 4.932751640926447886e-09 4.176282428648552155e-09 2.078194616671551506e-09 1.282663861238350200e-09 6.437964509792505256e-10 1.384591133578474362e-10 9.693253723165315108e-11
1.241862391118368800e-06 1.060779661508756246e-06 9.524101881352816273e-07 9.595688413735703687e-07 9.923948122225397418e-07 8.818140603664334841e-07 7.214636782076203262e-07 6.083017039522024616e-07 4.974099440499765988e-07 4.159643402957327068e-07 3.504547167628376863e-07 2.798998394437661825e-07 1.947569359594636048e-07 1.228271689027531230e-07 7.395356008712173960e-08 4.044312315762742808e-08 1.473770847580387263e-08 5.204991655490472467e-09 2.355323688889822069e-09 8.076277959051491391e-10 1.504395668255983657e-10 5.570057509805685521e-10 1.334766514675619074e-09 1.008533604508707100e-09 6.236090876327613499e-10
1.457616810153800875e-06 1.336904846895274719e-06 1.236920384209899004e-06 1.081794755809110744e-06 1.001933690560932446e-06 8.941215869726190263e-07 7.785685327565209502e-07 6.188053053782861675e-07 4.923907928319610464e-07 4.141723037583062975e-07 3.175790962271463558e-07 2.287050312680437503e-07 1.363418336866588464e-07 7.493000765631636761e-08 4.532840338370518401e-08 2.686187445328038302e-08 1.170482366983396513e-08 4.685569016542232177e-09 1.637051346645623657e-09 6.839062550984381473e-10 1.772635126676882498e-10 1.464031293934449395e-10 4.544319652779592250e-10 2.295139590209664002e-10 6.622072532712798960e-11
1.646899451550226545e-06 1.487113099836443869e-06 1.246746720644243231e-06 1.135989585339631439e-06 1.058459895987558260e-06 9.056643173794722570e-07 7.355543126439192808e-07 5.859091462533764687e-07 4.843229907216872435e-07 3.383579016768304409e-07 2.846588416533786504e-07 2.119346544853711212e-07 1.558666122200064029e-07 1.040518613235206703e-07 5.692537506287720016e-08 3.632973135762802267e-08 2.014518902602003498e-08 1.119371527698640211e-08 5.949246854744273036e-09 2.478675330390841646e-09 1.589349965993600301e-09 1.490539609044415132e-09 1.881630333008657168e-09 1.550419817868900810e-09 1.020949816895850792e-09
1.450450579577622793e-06 1.365843167251993474e-06 1.231075640050796033e-06 1.053110553118992650e-06 9.074879488499326615e-07 8.034726533134042248e-07 6.800431931132989504e-07 5.778376678365575308e-07 4.912746277845563599e-07 4.140830021557954551e-07 3.159290813199903058e-07 2.422675284858540133e-07 1.863546793053255762e-07 1.283275019844184876e-07 7.371953405760300965e-08 3.448831774023044646e-08 1.718920524837968488e-08 8.316564993474825044e-09 3.390322557849118817e-09 1.627590886438830914e-09 8.305793013433630534e-10 6.427018652249629330e-10 8.538311098561974625e-10 8.172974773070081573e-10 1.304952839074773217e-10
1.313962048719967853e-06 1.185054813598361626e-06 1.067294281995633696e-06 8.837528678258052757e-07 7.850005483993038028e-07 6.985926276619549887e-07 5.460729849432451868e-07 4.284605016001430436e-07 3.624361586100978152e-07 3.276372168056251066e-07 2.557594568621900664e-07 1.780674023971351342e-07 1.303842416111536064e-07 8.901958607086385445e-08 6.625588903049461764e-08 4.290315797279512931e-08 2.327671338582245704e-08 1.039323486538843343e-08 4.489373548480060248e-09 1.791326741444793374e-09 5.425753680235819534e-10 1.999195861956297655e-10 2.206043711576263896e-10 1.527576840810496171e-10 1.418832787095827110e-11
4.063128047820116779e-07 3.547078232959629687e-07 3.772706535884623518e-07 3.123527889506911616e-07 2.602289152584663630e-07 2.201213728034819433e-07 2.100295050772766552e-07 1.972778739945390141e-07 1.521024377999549534e-07 1.647650355683885962e-07 1.375350877836337669e-07 1.044896361925819876e-07 7.447553264829309832e-08 5.382539511935044694e-08 4.125511229470547057e-08 3.419484872523076815e-08 2.492389516529399136e-08 1.549322191975993342e-08 1.257184845746573236e-08 9.608854081609121416e-09 5.558215528954684007e-09 2.216239729122716672e-09 7.003832675988305493e-10 6.109863809342872467e-10 1.032270279357045538e-09
1.262091361334057785e-06 1.179698787938389106e-06 1.040609102495509215e-06 9.810655900917877990e-07 7.917042611177979047e-07 5.905996516144525354e-07 4.588115174802656305e-07 3.762702767345194588e-07 3.239387376188047358e-07 2.734060663959187450e-07 2.245169830056959947e-07 1.853350369617087508e-07 1.557299457194820851e-07 1.279820799571032206e-07 1.013990084604577736e-07 5.969020894079815839e-08 3.276335589760926233e-08 1.939403150154400534e-08 1.394965695364255585e-08 5.230875884139598372e-09 2.494824895116105824e-09 4.352778754295395842e-09 1.891449359033280388e-09 4.832953388053298205e-10 3.852574677244559354e-10
1.820961934176179038e-06 1.462468262466166317e-06 1.031915771301222443e-06 8.494900241589806724e-07 7.538661465438452419e-07 5.764910406647303969e-07 5.108009496107771373e-07 4.086980932473952070e-07 3.344714627916703042e-07 2.815357108654457701e-07 2.110754904413345593e-07 1.657618785805705498e-07 1.285960065079921456e-07 9.201332896361476713e-08 6.949512563053122475e-08 3.476266419085119763e-08 1.535518861402252597e-08 7.636403499061284934e-09 3.625688448395969862e-09 9.125182018651829006e-10 1.200014209512917915e-10 1.427676071817114205e-12 1.288439161609444379e-11 3.651232148823882839e-10 4.351164228944145845e-10
