6.349242920271740842e-06 2.943825533189106735e-06 1.972173154207607104e-06 1.280818970376695112e-06 7.618831470237573924e-07 1.190162360622059192e-06 5.496412707323547363e-07 2.733107995737652856e-07 2.251395452006592798e-07 3.153193911431312651e-07
4.594493021019643332e-06 2.969698053273116617e-06 1.957027479046320323e-06 1.096918784614542508e-06 1.073465766369581528e-06 4.044120064678162423e-06 4.372480172670302941e-07 8.255654686393467930e-07 2.043642792341837475e-07 5.943218889699971011e-07
4.173696845275037363e-06 3.653774680832653415e-06 2.215187811095646033e-06 1.869664602986111303e-06 1.354562072492822377e-06 9.645512261382465155e-07 7.618496108580397408e-07 6.490589210830376243e-07 1.387695486962217572e-06 5.754934871774923892e-07
4.383842539334986818e-06 2.205092423676912742e-06 1.502762503382738473e-06 1.280333008292426621e-06 1.624553687284215664e-06 1.098677626647958506e-06 1.325601299064477007e-06 4.698312976812872993e-07 3.177362768010789506e-07 2.195617555039737268e-07
4.424090920326071912e-06 1.919379194475043936e-06 1.991880265266122321e-06 1.229898675061575304e-06 7.232309005850408729e-07 6.538071135362347070e-07 9.791663601212220914e-07 5.755130236258941950e-07 7.183445175973064448e-07 2.693663455564465013e-07
3.774043271649552025e-06 2.880753290772931733e-06 2.461757495028024887e-06 4.138950070758318135e-06 1.945400704984584377e-06 6.592899066639270815e-07 3.901236534688195727e-07 6.050326468006788327e-07 2.456860685541561144e-07 6.624715240548703162e-07
4.731238752879469735e-06 2.440365979875457579e-06 1.705816210056746311e-06 1.175241258279371521e-06 9.526178129784731050e-07 6.063399519820457600e-07 4.529504788929102398e-07 2.712366715501114568e-07 1.117986144593508875e-07 1.088528141843209229e-07
2.398207244764461834e-06 1.851802453690161284e-06 1.663755259016472962e-06 1.058861502144043500e-06 8.050505990545953777e-07 6.440669073191462646e-07 1.197599659627827078e-06 2.487722526460666382e-07 1.710187644960828932e-07 5.401767182322398141e-08
5.908310620066984024e-06 2.344028046121496936e-06 2.177187376744205728e-06 2.472503835174096273e-06 2.620987263981591374e-06 1.029767897022015429e-06 9.379941398231978400e-07 6.437306133165570256e-07 3.990176147828219828e-07 3.036669722461419442e-07
6.473471664720634943e-06 3.247119455920048627e-06 1.809955789794973310e-06 1.377851642108192253e-06 8.640728567623153767e-07 9.046995978150417986e-07 4.876784474666654582e-07 2.926880567307312453e-07 5.432733865670529506e-07 1.459739776787045017e-07
6.028346810085799065e-06 1.298905928416692857e-06 1.508221816951869327e-06 1.740653557805648504e-06 1.518059307609423692e-06 2.334409153299148427e-06 1.402019305279622646e-06 1.031542406572843171e-06 5.503992775188103037e-07 1.327124560615092204e-07
4.504539189509372994e-06 3.240897495976131868e-06 2.062722701814604120e-06 1.934626523235433066e-06 2.781042454997913849e-06 2.059114065273376915e-06 5.691072947126168352e-07 5.698866865616769958e-07 2.682789158051636842e-07 1.123586888778738380e-06
3.389592435861056741e-06 2.282808626676284800e-06 1.976885236397293914e-06 8.114236723240491582e-07 6.490888202911835156e-07 1.025032772314244364e-06 4.866345573392002968e-07 3.944407303974196844e-07 1.930725117992464692e-07 4.031332502658542286e-07
3.903539185707142208e-06 2.132686788353246054e-06 1.712383875171576012e-06 1.534307838139990960e-06 1.496840682757293182e-06 6.267093956441171382e-06 6.779497919376778493e-07 2.292314598318701249e-07 8.821667896724075128e-08 1.990490628791234367e-07
2.231396860482909552e-06 2.579796872971384095e-06 1.936072487048453481e-06 2.758679043751095719e-06 4.131908888797401305e-06 1.176335054071122990e-06 4.668949237885012085e-07 2.060062222116398208e-07 2.973753062360237183e-07 3.259779314470677187e-07
9.634980781895190717e-06 3.804188419465451337e-06 6.229776737890806603e-06 1.888659990561841549e-06 5.627382651028551327e-07 7.671246395457151072e-07 3.060744146979520363e-06 3.897002528248354593e-07 3.426838626801809320e-07 2.212501349925706601e-07
2.504494251688633038e-06 2.078573006934583552e-06 2.218256217772809039e-06 1.390424838087658758e-06 1.102449097121383139e-06 3.874335815309712001e-06 3.445151753336339805e-07 2.203491602181079479e-07 1.817601814589157299e-07 1.406476736871502350e-06
3.384860615556002959e-06 1.782330839802937708e-06 1.587455006689857950e-05 5.061121213223817762e-06 1.084893086184701351e-06 6.500975972227478503e-07 4.978010807791196695e-07 3.032085736411998498e-07 6.615268764115264230e-07 5.742936677765005174e-08
4.217874562104309289e-06 1.580357977295887526e-06 1.215095324710524059e-06 1.071699705780486793e-06 1.008613829852897429e-06 1.012124812221339687e-06 5.116836657298223745e-07 9.589580343845377851e-07 4.997669207866584823e-07 3.989973721825245445e-07
6.951037061026392379e-06 6.909058613888367473e-06 2.939048108044463475e-06 1.787090890574771355e-06 1.999930795149522611e-06 4.059008677894803534e-06 6.006849242070602454e-07 1.153490398944065391e-07 1.580915522380828560e-07 9.954601202959939495e-08
2.692069498083208834e-06 2.777383872259760675e-06 1.638195220586199385e-06 1.191707522272896578e-06 1.058727758787991176e-06 9.633787981902778208e-07 3.665034288212752052e-07 2.396882731597450468e-07 1.035048712847439451e-06 1.557131440251606958e-07
3.818442114907214457e-06 3.187446533777759940e-06 1.601512767387932915e-06 9.774670262213688732e-07 6.966757831265830037e-07 1.808068815250026927e-06 3.599522924214612473e-07 4.713464322366459934e-07 1.142655016957718967e-07 7.887048160497778647e-08
6.465884880481057540e-06 2.284349124152396844e-05 2.921223386313929895e-06 2.127159820613553060e-06 1.662971847077010169e-06 5.344064973024706784e-07 3.903466343638231142e-07 3.263562686337821129e-07 9.434404362345192855e-08 9.397372116274803567e-08
3.135755232101961940e-06 1.711354657956687914e-06 1.310364911217575940e-06 1.308608988850912409e-06 6.973445198148729102e-07 6.604455698323506717e-07 3.573749003178647473e-07 5.777161879470765908e-07 6.094379483585501624e-07 6.351186199890519492e-07
3.500444705643027011e-06 2.616881264000185180e-06 5.214219716059020339e-06 2.087791293059046470e-06 9.675490794280930978e-07 5.972772365581218586e-07 4.140952825610888853e-07 3.092447876595606627e-07 1.343944137451069795e-07 5.979362390574709554e-08
3.661330380527973508e-06 2.437606551304385853e-06 1.917963270121339224e-06 1.596437720902010582e-06 1.168667731635771995e-06 1.573542409754420956e-06 4.389692683260432151e-07 3.648532209010118378e-07 7.644294839786097224e-07 4.760743362363439966e-08
4.510128428671946600e-06 2.466784378259859666e-06 1.639494704853542808e-06 1.195823782019084213e-06 3.669807122505402748e-06 7.360108450171122681e-07 5.791201984584728787e-07 3.849599440659536210e-07 8.297104374828028043e-08 7.631370543183253017e-08
4.165478438008409448e-06 2.030739453329515469e-06 1.518468236174858435e-06 1.164403933200587987e-06 7.656448354078051059e-07 7.565340535942017092e-07 5.501216475861638437e-07 2.235622606009800311e-07 3.468056660609940168e-07 9.559073507583896890e-07
1.298782257178816353e-06 8.595535956472269891e-07 1.044333461949411110e-06 1.750878944089062232e-06 2.468121247210393056e-06 1.819612656671569939e-06 6.181984844711572826e-07 2.908580881424193765e-07 6.009517327716745178e-07 6.555816604148783103e-07
5.690431449452461942e-06 2.066023493029534542e-06 1.553839912387875651e-06 1.512990863128771618e-06 2.018020932742596862e-06 3.637987647963709957e-06 2.615031515108884525e-07 4.050746944415333352e-07 2.959572023668552892e-07 6.048846443190126046e-08
4.442163876572781724e-06 4.230540139931156452e-06 6.648233043008093236e-06 5.290142872901849588e-06 9.539577687573313147e-07 6.582098390768303492e-07 9.748219589480831296e-07 1.458343219162501575e-07 6.332919596825063139e-08 1.224560691547326770e-07
1.493410206913473295e-05 4.128977952603423989e-06 4.001775238209658146e-06 1.384840566088688631e-06 1.654898823542646887e-06 4.002363127389494305e-07 2.751038004798870450e-06 7.866781691131786657e-07 1.181918391540492966e-06 2.266672876620707978e-06
2.101020189072968236e-06 1.405982779946614233e-06 1.444319065724621336e-06 9.426191799927929104e-07 7.290181898693269017e-07 3.853152148675376075e-06 9.842075741908271900e-07 5.344020523521789881e-07 2.546483108185577951e-07 1.018983695696202154e-06
4.042116436476607363e-06 3.496624380001642012e-06 3.265577319760728455e-06 1.797931022070583528e-06 1.022242163741685857e-06 6.971849514542350896e-07 4.343929716411363817e-07 1.328333958267608143e-07 4.930499302253784426e-08 7.550462671118782152e-08
5.799971426747305676e-06 2.399400562031731951e-06 6.274605642649380306e-06 4.157756778112025978e-06 9.986253672897194320e-07 3.575596856287914274e-06 7.455237199484204211e-07 3.336773628803070686e-07 1.800673473451982010e-07 5.702270923626701572e-07
6.256926225466332212e-06 3.441636114722770816e-06 8.368914970982926173e-06 3.779419637266276828e-06 2.138784961915800734e-06 9.211051919264402145e-07 4.822390829534280287e-07 1.558294878998215013e-06 9.820590968521091597e-08 7.032922204194857079e-08
2.079872763466614111e-06 3.202499263277413683e-06 2.129869804828860150e-06 1.152819634820325011e-06 8.179129012679519226e-07 1.724590817330364249e-06 4.623787542041985422e-07 2.590337075481061374e-07 8.665481548433736469e-08 4.514428689692300484e-08
2.466785529056089843e-06 3.020490915292663754e-06 2.060144235146844629e-06 1.752291770847105307e-06 1.870143572456599228e-06 1.707228717136159302e-06 3.689540351666102731e-07 1.534264002344382937e-07 1.528498825001245596e-07 9.313996764933490245e-07
9.756200406022791819e-06 6.942943574005575951e-06 6.988292920831773875e-06 3.113993098931735728e-06 2.722408578540930024e-06 1.091042506795835780e-06 7.277286435774040098e-07 6.704770142647822083e-07 5.567708130889654716e-07 1.276742926556682291e-07
3.938370905471373916e-05 2.246913225586253148e-06 1.597382150803145197e-06 1.287465952197288062e-06 6.990393553309615352e-07 4.914500152905286198e-07 7.577046623535233213e-07 4.440876716209376424e-07 5.728797946273502135e-07 3.756792129199624178e-07
5.745424493215762048e-06 4.496068555479334672e-06 5.610296288727800750e-06 1.809791651688011314e-06 4.865428514261832206e-06 5.832519423546995351e-07 3.372162523067087850e-07 8.751817562204357681e-07 1.120484606504436540e-07 2.819471215161921936e-07
1.997065879559637535e-06 1.288133142820756658e-06 8.573278735415248143e-07 3.753160167307762588e-06 1.348986463785447344e-06 5.856044456053073004e-07 4.232223242795040513e-07 1.080126575250427397e-06 7.799669996636718954e-07 1.949725124470154290e-07
2.021285459796561968e-06 1.610674840205251849e-06 9.340918592209776500e-07 6.264916318192085311e-07 5.591604973979358025e-07 7.517172696778770831e-07 7.543575349843937801e-07 1.021411938083343358e-06 3.273515455274643793e-07 7.330071591229031454e-07
1.901835163741478579e-06 9.520591596480474741e-07 9.083044158012699558e-07 1.348307618987005112e-06 6.839730932161213136e-06 1.610884584792365323e-06 2.822233237308381644e-07 2.896339998310853203e-06 1.808865336583010600e-07 9.391817228757093762e-07
1.892943629951586556e-06 2.029028072154141943e-06 1.515735292149870053e-06 1.185121730517126256e-06 1.701451562164439145e-06 3.984272805801485067e-06 1.097196249933409029e-06 7.293803698527936173e-07 7.960193736689385052e-07 7.983588869894030580e-08
3.461389627637925260e-06 2.315303481233628959e-06 2.339071476903553816e-06 4.033924456143053936e-06 3.104545018708681256e-06 2.118264256341453007e-06 7.902489553915483848e-07 1.607589603377149255e-07 1.032299108797312212e-07 3.794128453182825736e-08
1.994408917142078731e-06 1.686086869108657761e-06 1.919966406192717934e-06 1.300940831426442229e-06 1.397476040747574629e-06 5.257378875392416150e-07 8.680550432857583937e-07 2.520950263574892994e-07 1.220378807819951226e-07 5.515651924304119283e-08
3.138353274856240625e-06 2.177883071213101248e-06 2.196690178205527273e-06 1.471100207752070172e-06 2.448022276712095540e-06 3.579756395229010942e-06 1.236996507780803554e-06 1.434837170476683362e-07 1.114874746573613955e-07 7.126792212612853448e-08
4.029488955766944268e-06 2.556042542064625351e-06 1.498352732909755503e-06 9.962567792220834800e-07 8.727103500006218114e-07 6.627742190538725691e-07 3.590385770716371669e-07 1.940961343227531723e-07 1.966062446740873934e-07 4.026079795130826417e-07
5.110600671012964933e-06 2.894337003219938930e-06 2.157840964982468282e-06 1.336647014147887204e-06 7.710633601771241013e-07 1.889174152299724615e-06 4.777953561753303066e-07 2.872393733765586332e-07 5.640043724398322326e-07 1.593823497078715613e-07
3.271933694693343057e-06 3.860306953949275158e-06 1.880688112308768836e-06 1.548739721145722361e-06 4.010977709657305761e-06 5.635526300082788985e-07 4.845378083136892411e-07 4.767078363911079046e-07 7.372788589034175830e-08 2.888209702812129661e-07
5.408458240061536202e-06 5.097582638989630127e-06 3.084185775296308441e-06 1.891687947151121515e-06 1.148059933197455761e-06 1.967537699414108339e-06 5.727151869037570132e-07 2.454309987411956133e-07 2.391418628936860800e-07 6.921262532122827399e-08
2.953581243369825825e-06 1.577540245491709526e-06 1.298789821011721862e-06 1.083946832625138013e-06 8.513401935394163200e-07 5.919305626962193739e-07 4.291491343587896932e-07 5.587429003424131984e-07 3.792316032973935654e-07 1.193513451655231571e-07
3.826134589241634459e-06 1.403258752764505739e-05 2.193260243271975630e-06 2.151387421423118644e-06 8.647733025942662399e-07 3.840568795134496664e-06 1.750671182616861371e-06 6.423971102024477371e-07 1.105970751315158296e-07 5.484862005337176203e-07
5.957740308100597699e-06 3.993480445852820799e-06 2.576541559766945882e-06 5.850496506196144841e-06 9.584918884081919750e-07 5.396154185272626696e-07 4.363181108918487774e-07 1.436699309494478858e-07 5.979620856769502222e-08 6.013698173312994033e-08
3.116659943320397216e-06 1.752434133958724393e-06 1.100662257446602243e-06 8.997176604275128224e-07 9.253670029304737503e-07 4.483353331200008660e-07 3.429182989596236069e-07 4.154679260429400123e-07 2.257106661444463893e-07 2.149870923158590965e-07
2.161531401711911982e-06 2.376098120910838203e-06 2.157560269348266147e-06 7.859791948481262652e-06 6.320545308699227089e-07 3.850633571947944265e-07 2.870152047274915630e-07 2.003200518786807810e-07 1.210737686587042985e-07 3.517630183659017265e-07
3.016841875335796927e-06 1.982148281040854684e-06 1.403840080348246719e-06 1.005799521900302455e-06 6.943421377212987730e-07 6.461645320372605947e-07 3.752112916408368020e-06 2.059947789575199262e-07 7.954954247284859946e-08 4.396401237241341386e-08
2.016372324254919074e-06 2.028872970311123416e-06 1.315888918153206243e-06 2.590985744798705703e-06 5.428805058747820975e-07 8.414447993819806122e-07 4.545918776091060269e-07 4.056356788483953104e-07 1.026310348668473692e-07 2.497036779956210717e-07
6.633759896781369383e-06 3.532025922425248266e-06 4.198565642685503349e-06 2.174521573103291758e-06 7.463581115017059239e-07 4.130274629029783004e-07 4.028966320371864930e-07 1.504302390296669615e-06 1.702338356445633564e-06 3.934910564326175556e-07
6.443477045016721984e-06 5.770739271462275344e-06 5.674849111034232229e-06 6.384173856485567391e-06 1.222853514839143798e-06 1.524526363339586516e-06 2.425055783248251368e-07 1.397908850201354461e-07 5.263077432834098368e-08 2.026855857828947350e-07
2.507118546702497868e-05 4.668414154571067442e-06 1.470654889336492842e-06 6.113869321750029058e-06 1.337010815029031655e-06 4.216373853053877969e-06 4.244435770608663182e-07 1.932651475857863152e-07 1.558267977393229815e-07 2.294004237425741197e-07
1.793516649982594432e-06 1.374004033514708478e-06 1.100470768747219789e-06 9.731061448714322589e-07 6.194979525009076097e-06 8.860841350304363508e-07 4.131258744600429257e-07 2.344710677635135007e-07 1.907185328480823930e-07 7.579036745113618010e-08
5.284436373458041836e-06 4.478739051332782609e-06 2.701594647905040578e-06 1.645612615389178062e-06 1.985029269756409557e-06 5.746069953857472082e-07 4.816814679246821354e-07 2.976723208707198958e-07 3.936976202505444915e-07 3.484935908689133620e-07
5.948339409478223360e-06 2.156365970523675815e-06 1.667409668542838892e-06 1.342912039921567225e-06 3.480991003338257396e-06 6.515019675825390403e-07 1.911150791771682929e-06 1.971676726042916585e-07 9.592255494534668650e-08 1.280024918772693149e-07
2.074456715466512717e-06 1.261406302538520568e-06 8.358623691872533478e-07 5.358443671147622953e-07 4.811606621663634858e-07 4.544249771133232314e-07 2.507205020602847963e-07 1.902236718528991211e-07 1.308362120219144323e-07 4.027008697208440453e-07
5.003411733866027159e-06 2.824760602189207318e-06 1.768708521118402919e-06 2.053273939848638403e-06 1.135162833020647819e-06 7.517670759101746396e-07 9.813206988497279342e-07 1.229401076543446832e-07 5.249255455355307331e-08 3.109976627641667426e-08
6.830558917255111318e-06 2.288249144645760486e-06 1.370572281684158874e-06 9.418912832373967273e-07 6.100093612186490144e-07 4.897515163849412647e-07 9.918629334468152672e-07 9.347736147801473405e-07 1.818100991901366620e-07 1.109972778333737173e-07
4.013727601636089412e-06 2.133643547948367193e-06 1.037582216924089965e-06 8.444688003994167240e-07 7.521613898114065192e-07 5.553263866877076411e-07 3.822741680631955132e-07 2.051836019342460549e-07 1.025745942505895358e-07 5.971426162411402735e-08
1.686895698671537841e-06 1.325117943611104625e-06 1.030292869195071874e-06 7.823087002928973404e-07 5.123424103669940191e-07 4.029056813744381694e-07 3.021873812241161401e-07 2.378736886325697467e-07 1.008377749024056683e-07 4.662262883972627349e-07
4.840000809564941441e-06 3.642024355387000003e-06 3.045411928769524943e-06 1.335744576201113762e-05 7.592176178317947481e-07 4.276660173818394565e-07 2.654477826218365715e-07 1.657600056466904001e-07 9.260286172464856880e-08 1.635738645600648708e-07
1.960423650581215301e-06 1.535883354569504670e-06 1.412341951192273769e-06 2.288349188244886853e-06 1.088888283770184848e-06 6.816359343060921658e-07 1.227742718989293898e-06 8.996479505177003045e-07 4.894521466345358673e-07 7.278332647631746553e-08
5.223998217440386058e-06 2.742758684440288859e-06 1.175355573593215600e-06 7.630223283825399183e-07 5.550279262695806845e-07 3.505240608073860368e-07 3.244054778648406854e-07 1.641558793496816064e-07 1.386687899377843226e-06 1.165246791737737389e-07
3.617071948167105996e-06 3.167207798091547800e-06 2.850151500475828887e-06 3.329642240251737532e-06 7.433585554257181834e-07 7.037666181853231545e-07 1.077619270294570408e-06 2.463421449944291898e-07 1.894660821129171056e-07 1.394563775934516043e-07
5.988700592931664636e-06 5.171556454361107479e-06 1.643703624868362559e-06 9.239136424768253348e-07 7.275486338728048157e-07 6.198898268799571492e-07 3.667766735575740035e-07 2.127533090830727119e-07 2.795379407420744136e-07 4.421498701564849201e-08
1.025859544100710428e-05 5.062344131209812499e-06 5.059463144582001142e-06 4.302319209410079980e-06 1.216754892910029326e-06 9.324288892954345425e-07 4.034169775635717182e-07 8.179981963787889649e-08 2.920410130849005824e-08 3.208919703862657210e-07
3.069425645986933099e-06 2.574582733773819473e-06 3.644591665281960703e-06 3.179112234515630348e-06 1.807432753487387800e-06 1.076528656202196254e-06 4.815203848564197695e-07 2.218454126603165757e-07 1.038580736750619021e-07 4.566897204025591169e-07
3.502436354082710726e-06 1.998524737571419712e-06 3.039790654377150182e-06 1.713136384763518898e-06 6.338885016662518524e-07 3.960009944698109583e-07 2.573171401271351775e-07 2.181821709012988500e-07 3.079771194020910007e-07 1.002361178027524331e-07
5.494138995513430446e-06 6.269747695783289681e-06 4.542511516612262496e-06 3.494092113481233521e-06 1.510203588728586668e-06 1.039161915115372195e-06 9.147511719165747970e-07 2.128970042953705449e-07 5.649762262142726297e-08 4.119327744730954570e-08
3.128624358562354120e-06 1.553654514728157176e-06 1.282538987440679982e-06 9.366874832575851349e-07 9.087140465905350670e-07 3.838833091419705104e-06 1.046071120952500284e-06 2.784319749787377293e-07 1.377667873189991860e-07 7.678637812662130313e-07
4.926460318661060530e-06 2.289780505851110126e-06 2.176924605667476008e-06 2.602727945533995534e-06 8.183556487120248087e-07 5.037229183416322738e-07 5.516662037014495366e-07 2.882369619026812976e-07 2.086822223674774886e-07 9.980666081600091497e-08
5.767742657086546339e-06 5.856697208188692058e-06 2.262932583620419553e-06 1.486786679372630504e-06 1.188865745923849837e-06 1.331898618330548015e-06 8.276795591878606835e-07 3.185872758428507329e-07 6.394578578899643011e-08 1.084813713381923827e-06
3.602691791778285861e-06 2.726875865959004038e-06 1.932166040380837400e-06 1.564795301870524384e-06 1.045430964608935865e-06 1.681749894249725927e-06 3.276561305645537602e-07 5.585739417099705827e-07 6.763877698444499375e-08 1.148898989990911958e-07
7.406694495308292886e-07 8.633541935638539791e-07 6.054710089287508066e-07 8.500145771134500635e-07 8.653845933769964934e-07 6.796782762289648659e-07 8.594124854891012344e-07 1.840204951487227315e-07 1.184455769892694599e-06 1.164135521910511819e-07
6.776034244968002094e-06 4.764760181063173384e-06 2.408313029351387409e-06 5.155083266378722894e-06 4.069121044144455784e-06 5.630773993372081821e-07 2.122430229733007877e-07 2.392792632183434242e-07 1.277708039906760104e-07 5.152649768251441014e-07
2.585777216126530440e-06 2.375833877755714903e-06 2.524149562044712017e-06 1.688561836856538209e-06 1.148166895824153691e-06 1.954102726801317729e-06 1.814142266139007350e-06 8.312580064038169356e-07 8.546994925558352032e-08 2.514285425061323820e-08
2.872089498354309028e-06 2.502369730552947826e-06 1.719298985439032444e-06 1.160095317262961138e-06 7.468612058889839306e-07 4.908933527576257148e-07 5.574959825406962744e-07 7.013184375984198080e-07 1.496435738080334851e-07 2.783520379789243600e-08
4.909517148822901100e-06 2.076847997394242279e-06 1.624336788591006751e-06 1.938018075754890947e-06 9.739321783131276982e-07 5.052551663016259023e-06 2.126422152319545697e-06 1.608121038670657271e-07 1.767248945106887389e-07 1.076799528334148346e-07
4.051867483708958113e-06 3.087620180944578348e-06 2.980259432759170945e-06 3.033410596940220065e-06 8.838524159998214804e-07 7.968020771858273340e-07 3.538697069306944681e-07 1.711312975020614593e-07 3.028466446292371035e-07 4.135999932250261333e-07
5.740023887032821715e-06 4.413410890577061813e-06 2.215359957013981876e-06 1.794324390034286920e-06 8.955916501920735528e-07 3.632512123004933529e-06 6.111609107451831052e-07 1.645442156235385991e-07 4.218269844134276006e-07 6.472671104736157431e-08
4.553355963388368760e-06 3.288040846326275661e-06 2.654156281409888614e-06 1.612990895481759052e-06 1.675669787190689024e-06 6.699798696342297165e-06 4.973751054779803767e-07 1.441183817076426639e-07 2.221875948958705248e-07 4.289326304485159377e-07
4.490747752339478576e-06 4.702435715513929757e-06 3.154959687705034496e-06 2.336269448453374072e-06 8.139567378408977998e-06 4.487664273300564169e-07 3.560396030019972438e-07 1.848509258213795598e-07 7.648999366700630481e-08 7.671278889483073591e-07
6.713466811919629773e-06 3.590568621161732865e-06 1.605835115677863050e-06 1.076824020581307807e-06 8.093212905802617911e-07 3.546741112391635336e-06 3.204418940816873455e-07 8.494689961918964326e-07 2.600834672944045255e-07 9.895934354494131318e-08
3.087708047316327169e-06 2.825581134145059962e-06 1.819762583618721394e-06 1.382938730449566992e-06 6.397584330361531523e-07 4.113391595487715197e-07 5.247579612961650804e-07 9.597488120723020241e-07 2.883661643901212886e-07 3.295175297623380419e-08
6.234556341146746247e-06 4.859306970507098172e-06 2.766156416981869751e-06 6.520123746620057556e-07 5.372557687573959856e-07 6.876402118776431890e-07 3.901708986035524075e-07 6.337748951563130072e-07 1.192731478240864170e-07 6.392785778389595758e-08
6.900789975929623546e-06 1.656139761223663747e-06 1.242401079478716503e-06 1.131489474986973405e-06 7.531492020625393091e-07 7.459740606979699312e-07 6.709889098760044532e-07 4.447575301077604385e-07 1.225727379016124622e-07 3.438503424927915348e-08
1.590807604779663897e-06 1.910550326174030526e-06 1.876328473015292531e-06 2.118375546856674231e-06 9.733408495128391835e-07 4.602055143735637071e-07 2.547626142274149980e-07 1.719383401172604652e-07 1.372297070894320823e-07 6.349198989007573065e-08
1.653448927113493572e-06 1.355503432340475842e-06 9.753861976781058014e-07 6.535261258175452704e-07 5.228032231771860986e-07 7.050794588900414196e-07 8.923468140326213598e-07 2.428105338455919486e-07 1.140171055985891095e-07 1.992940305234599961e-07
6.479957487416350840e-06 3.477092510493945849e-06 1.291312176094463383e-06 1.208815086493194313e-06 4.374467431639815145e-06 6.529880821670847696e-07 6.026067796808192317e-07 2.204921771162238989e-07 7.683747781784389901e-08 2.854565218555069123e-08
6.126642294080581028e-06 2.615844841563286586e-06 1.670454661739057528e-06 1.035186189846520108e-06 6.108939566901024550e-07 4.490249797355466715e-07 3.393472313084003472e-07 6.037461375819423456e-07 1.320715627778105220e-07 2.644981753448756220e-07
