1.647446305174502532e-03 1.157325737621370948e-03 9.762308943672172445e-04 8.133527276115187126e-04 7.869544668838514322e-04 7.575229929740423486e-04 7.963218504345505886e-04 4.843251816114360901e-04 5.352403891814327182e-04 3.014466245589961929e-03 7.414150087063032992e-04 3.242332895361661445e-04 2.350439616702408010e-04 1.690829540990383326e-04 4.637248845591517769e-04 1.326118990958566118e-04 1.418667006132435680e-03 3.732055231282174366e-04 8.635548957646303238e-04 1.993308565652289065e-04 1.302004325888906407e-03 8.207455170144973416e-03 2.413702352291757119e-04 5.253132202178865864e-04 6.143300731867856225e-03
1.110759070318329857e-02 2.508636407019784742e-02 4.176406958098713776e-03 2.060460399532958436e-03 2.163416153408538080e-03 1.786025300088013579e-03 1.115993745077516197e-03 1.396536516404048084e-03 2.018796692887746963e-03 7.761986246238258315e-04 7.491194913970032968e-04 4.143781830530238360e-03 9.660127122584373765e-04 1.408517947619784914e-03 3.142492041261101075e-03 3.075556568275836233e-02 2.105841400537582925e-03 1.885619269355738722e-03 4.492300739050998745e-04 4.570887188388423825e-03 3.989091917847166491e-03 1.598762916974988228e-03 5.268527995031159310e-03 1.916617523898791553e-03 2.515966045186637540e-03
3.670349232446869225e-02 1.541688095572526368e-02 9.939846721706802404e-03 5.422599752943791686e-03 1.380126366388563681e-02 3.947910949174987527e-03 2.651462558509072587e-03 1.363593736170157352e-03 2.855065466978763764e-03 1.542649455335123876e-03 3.417241064770493164e-02 5.146529849136781236e-03 7.640144543835515438e-03 2.528525256952660429e-04 1.012453886547517480e-02 2.049346217135377887e-03 6.603120859550998386e-04 6.034572492115067429e-04 5.254012755130097086e-03 5.538935513700363536e-03 2.912292337934050887e-03 5.513113867849469413e-03 2.019531821263087241e-03 2.614327445231930374e-03 1.372002660976092726e-02
8.115137320321659520e-02 3.078036549356121497e-03 2.726366221824215279e-03 3.238481895406090071e-03 1.322245978161237876e-03 1.000566133667955653e-03 8.552618316330870031e-04 8.313044423805437044e-04 5.124225397366866672e-04 4.858002513441204745e-04 1.992980601676211556e-03 6.921389493311697928e-04 4.367460101570134340e-03 6.828564042253381207e-04 2.777945126752172974e-03 1.507718101291929610e-03 1.182206932969215134e-02 3.217989714757612564e-04 2.275664329393798854e-03 3.199589155990303652e-03 2.276451133768499886e-04 1.780513606422855569e-03 3.172661381761948240e-03 1.636015270700499338e-03 3.863772001837532857e-03
2.792124905445915722e-03 1.883446082556862380e-03 1.538410049142516266e-03 1.468189964251563747e-03 1.235238660946140748e-03 9.672010606510978575e-04 9.202194834683113988e-04 8.458025674260818061e-04 1.045340050963961855e-02 4.361773856048656328e-04 4.380762376222536590e-04 2.945066795127396306e-04 5.225332735200830404e-04 1.802899557867093888e-04 1.628341896508961903e-04 1.205873806418176260e-03 4.700843012661055920e-03 1.140188085584453465e-03 1.905182816219540796e-03 2.283536151648800144e-04 5.124274231236057055e-03 5.636493092256158327e-02 6.925468837000508561e-03 8.396446016222044659e-03 2.553897453786326942e-03
3.129030893768059568e-02 1.539199450535807742e-02 3.746653703155303043e-03 1.541220753483250449e-03 1.387505182589601673e-03 6.177479588551968576e-02 2.484448356033767784e-03 5.574186619901514740e-03 1.310430673138990093e-03 3.061961022719500783e-02 8.077699245290749985e-04 3.325868874831946305e-04 2.298796029578394453e-04 7.463862171285169135e-04 3.616717824073095982e-03 4.854430642846041229e-04 2.684722307540439792e-02 2.451447886609537459e-04 3.503295046331808202e-03 2.424576890400846326e-04 2.452548489134435353e-04 6.858274087348770719e-04 1.327532154314821963e-03 1.284880087380023753e-03 2.727160796112502485e-03
2.426251397553393779e-03 2.107038137761207703e-03 1.048109563940416477e-03 8.332897597978738925e-04 7.579518358937545851e-04 7.296347359520248543e-04 6.973737760277108882e-04 8.059058514517740933e-04 3.233267386240197983e-03 7.103316529572180522e-04 8.042139626895074495e-04 6.061355251475991765e-04 1.040880742301758012e-02 1.866425807123665501e-02 3.737088435493936267e-02 1.024977856461018041e-03 3.671901297462148430e-04 4.790609541618882916e-03 8.989010765378357666e-04 1.971220108106376805e-03 8.743818979540554344e-04 2.042968593371825674e-03 4.809627315312769297e-03 2.676914833796140277e-04 3.876700111846519310e-03
3.743955636701778306e-02 3.196925158975866960e-02 2.258868140190786744e-03 1.472144083244788116e-03 1.032880766547516127e-03 1.039668320579661227e-03 7.419438376005088164e-04 6.541403480282425046e-04 8.930056954783394075e-04 4.110829296103390160e-04 3.347342634841906262e-04 3.745632622275426541e-03 7.151154046949500555e-03 2.257893203335233545e-04 2.352074982418847233e-03 2.484293578900317271e-04 1.481476507425614293e-04 2.373525120902501959e-04 2.753275277931952858e-04 2.203068547180982682e-03 8.085097345615512411e-04 3.368327293606320199e-04 4.986854360628053444e-04 1.614168953516121555e-03 6.662952451065804480e-04
3.172484163540073999e-03 2.098390927408357465e-03 1.947384252841672216e-03 1.882705408736662497e-03 2.084657738324617766e-03 1.170201489981304932e-03 7.064550703831783823e-04 5.834379504360906335e-04 5.694830489440440985e-04 5.031223247899171275e-04 2.467515202554021285e-03 4.531314802736433468e-04 3.750464287059348200e-04 6.441035465444313853e-04 2.448052322907125558e-04 1.595602310215261791e-04 5.620670314402814467e-04 2.649994945322154197e-02 5.796545774396665018e-03 2.439092186976166555e-04 1.988238873973478685e-04 4.855597171650383919e-04 1.365694430581735610e-03 9.975350106115471460e-04 7.956622042170904627e-05
3.818824126389498697e-02 6.627358787717242683e-02 3.781870453781162496e-03 2.055044803850787812e-03 1.512631519054994040e-03 1.145678392877995996e-03 1.129719054734255488e-03 1.016847623376370682e-03 9.136544985870954016e-04 5.228068189670397005e-04 3.534811418647867357e-04 3.065888184772759171e-04 2.743423441392840831e-04 2.128768925263074721e-04 1.054502189652338316e-04 7.328508696224008963e-05 6.619663308831583539e-05 9.060107095174250991e-05 2.891899294952824176e-03 4.311214940453272394e-04 4.952145661450780352e-05 1.814902691740355445e-04 2.461424957877505430e-03 4.579335123500427249e-03 3.974062512965770115e-03
1.101418287348258571e-02 7.117767370407924489e-03 7.115214469307617855e-03 4.197102299755054410e-03 4.313733624745697166e-03 4.357680557636802246e-03 3.091673996350067632e-03 4.065776867620089774e-02 3.218951929575596897e-03 7.897650136266853903e-04 1.080174360211274805e-03 7.210390175010410142e-04 4.407170347951544498e-02 1.581430551917944929e-03 1.326020290734420879e-04 9.667621037151912183e-05 4.710386731663764948e-04 1.611932879640940982e-04 7.824170150251823653e-04 3.532683199195418735e-04 4.667886382186218867e-03 3.948275832050547715e-04 3.890089954815698840e-04 2.350026846354216596e-03 8.381653242012863502e-04
1.254881476169661045e-02 3.962868364134779220e-03 2.524287702773454507e-03 1.551830021972088348e-03 1.446449448534607067e-03 1.485547863909668668e-03 1.409748330179332607e-03 3.406169555722297210e-02 2.300694176016478566e-03 8.689370667657814531e-04 8.760259189597246164e-04 5.205498713434914687e-02 6.495785010183735379e-04 6.263888257714911919e-04 6.979392053109152554e-04 3.473153105707648563e-04 5.368227376005436360e-04 2.533063461740879367e-03 2.028206741258061288e-03 5.957252724004355286e-03 4.389129933693608509e-04 1.546877935308274294e-03 1.341832371535811932e-03 8.958587198584188867e-04 6.389019494476495462e-03
6.630842523449550496e-01 3.121928932891683117e-03 2.624907923042376148e-03 2.539284129812055795e-03 2.627125858348686865e-02 1.879144881114181093e-03 1.070117695089537998e-03 1.114780276196871041e-03 8.622464777509432961e-04 8.631517805478336599e-04 2.781092827512950290e-03 4.398639971728365719e-04 2.168726963005356825e-04 3.618520671058064221e-03 7.998852768645746316e-04 4.113088901464114280e-04 1.128035295565478014e-03 1.584621556604126212e-04 1.040983732333648738e-04 1.280675987700186395e-03 5.640567785391091549e-03 1.091057377428688094e-02 5.664736010831905545e-04 1.084514077804816590e-03 7.592720856343534129e-04
7.071968078262587040e-03 4.840921593176093080e-03 2.119824022240638772e-03 1.548367123472426873e-03 1.329808868865297884e-03 1.379236113107518407e-03 1.852704664545755170e-03 5.477759525823639418e-03 9.851820698747990740e-03 2.202790857668878582e-02 3.842270703778925128e-02 7.559529742713858459e-04 2.642367384728889546e-04 3.548230725703400241e-04 9.361084032231851775e-05 8.475511723693662748e-05 8.931903418769369485e-05 4.866596459495261986e-04 8.506980124059060691e-03 6.358292392972910920e-03 4.630514473771814386e-04 8.482118589172306725e-03 6.628778629210852575e-04 9.618876488091867433e-03 1.027510173147677154e-02
1.799464141077645844e-03 1.357184013385362908e-03 1.073355328107784877e-03 1.336136815611115893e-03 1.573139457316407707e-03 2.404562880316132335e-03 4.254124801018749347e-02 5.608307381483650100e-03 2.653372117664677676e-02 4.443411122913417527e-02 1.373771309809387973e-03 6.848120745576126087e-04 2.978008842391285070e-04 1.875220159074632786e-04 2.772930900104756519e-04 5.763480694535033514e-04 1.890309312930708158e-04 5.810638425879647217e-04 8.655349872983180218e-05 4.600403545922520927e-04 2.083531541807507833e-04 3.307247514874372442e-03 1.235804635236469615e-04 1.363071411350002572e-02 1.822947799002814107e-03
6.922641416151166689e-03 4.264271738511576579e-03 1.827529997850223242e-02 2.658550182101103703e-03 2.354364003981521559e-03 1.617831800604686409e-03 9.662210883724239256e-04 7.406967843224629856e-04 7.797630156720894348e-04 3.506828575952502386e-02 5.363570270935478926e-04 3.150696469383012306e-04 1.973877402824996471e-04 2.270370253042681768e-04 2.163394162057430642e-04 2.289018192349623619e-04 5.680551589952173369e-05 7.085993500666851901e-05 1.307328424017804608e-04 1.111625316836563614e-04 1.267320109458712658e-03 6.445040460980667237e-04 2.255077575508677469e-03 2.093788756105273083e-03 3.861017691433900161e-03
3.185977176933158656e-03 2.154945952913991762e-03 3.221147522408861555e-03 2.901678790272833267e-03 1.648257095216310942e-03 1.268207122281360963e-03 1.156894083236686532e-03 1.338037820830883335e-03 4.151558078797813398e-03 5.399167129656225889e-02 6.727359987218531996e-04 5.297806615558995659e-04 2.708785428786167392e-04 7.649814734675108299e-04 3.510663580168330716e-03 4.079580082125870634e-04 5.770552174732333610e-03 1.451290246435207138e-03 8.087474285866703451e-05 3.444807270050836111e-04 3.715180473362405481e-04 4.871614716457538068e-03 3.121462243103309813e-03 1.236886117301443707e-03 1.511939211176738544e-03
4.253383444510536356e-03 2.495402047063317082e-03 3.360358855772320463e-02 7.644446656435836297e-03 3.584015524167808841e-03 1.315301121324370659e-01 5.296300093795134299e-03 2.218372201796064373e-03 1.585785146832061196e-03 3.060000275798797648e-03 4.198102723963830179e-04 7.306171725170054840e-04 1.064423644338438829e-03 1.751803483605351205e-04 8.211665582255092384e-04 2.989901347366777699e-04 1.440807665928939437e-04 1.272939160514779434e-02 1.133200632031506651e-02 5.219115781046681189e-03 2.820693076951621275e-03 4.357834860938409639e-03 1.954153940892543271e-03 4.098764573058518573e-03 1.634726858835576198e-03
1.470878782132478040e-03 1.445454230594481974e-03 1.689401528011222299e-03 1.699652058789710143e-03 1.888309693251518165e-03 3.453869493654097237e-03 1.256819041886349155e-03 1.318849150365346452e-03 1.205387130842152906e-03 8.198029389921196366e-04 7.991742475278681458e-04 4.939009048388511144e-04 4.738116566030160792e-04 3.405985322108694580e-04 2.767530121340372896e-04 1.021870124939331173e-02 1.222177082338716560e-02 4.621066564173652302e-04 2.118797958242726008e-03 1.524733692894781765e-04 2.956814216882649852e-04 2.262512095443431313e-03 5.719986801514847369e-02 4.087027194429687649e-03 7.028770719512801926e-04
7.271245597077374053e-04 8.636084052189667553e-04 1.186642739645062117e-03 5.120982287978705170e-04 5.293211562903629448e-04 4.006971460385793846e-04 3.421526914573744574e-04 3.304986049109384302e-04 1.330399270566643647e-03 2.544263597846339875e-02 3.121902666019785622e-04 2.635632784325059493e-03 4.234862666074106180e-04 2.042668061670334509e-04 1.414167195625642124e-04 1.421442957964260626e-03 2.271731266572798048e-03 1.357226215776470481e-03 1.616122750944420689e-04 2.834569178235850015e-04 2.838108312836942326e-03 1.708057963831791960e-03 6.149037745321104739e-03 4.766512958704310909e-03 2.179008020473653662e-03
1.709698318015763626e-03 1.417871886657164375e-03 1.800857517485415955e-03 9.744356043422495875e-04 7.443550375971106844e-04 7.523583230081244341e-04 1.113554037122665725e-03 1.689595872314130116e-03 7.352176398986839858e-04 5.516310838562493279e-04 2.738958320406878824e-02 8.219275202848814414e-04 1.748745330135888926e-02 2.309524899379096128e-04 2.883122640439703122e-03 4.327313668293765112e-03 1.002681872081683700e-04 3.969811734205958898e-04 2.630835447420777282e-03 2.439346122937970790e-02 7.082432935563152173e-04 5.310440425423610007e-03 7.254055830794044592e-04 6.140589997718315200e-03 3.704896289312426937e-04
2.178187141282119516e-03 1.850146777163668484e-03 1.342336072591336985e-03 1.225402680484787878e-03 1.311238558645416111e-03 1.401593287302439240e-03 1.495617749584809454e-03 1.344462712662716211e-03 9.191972079068979305e-04 5.441599515243846809e-04 1.882935787019846723e-03 5.270579592681186526e-04 1.125323220087914595e-03 1.106667110453275760e-02 7.361143939775096397e-04 1.211818394661432147e-03 6.910252703748772339e-03 1.699640297043114264e-04 3.118126637938231464e-04 1.660047859531707960e-04 2.999357885913623949e-03 1.007180941094770223e-02 1.039145025439953528e-03 3.568234485770578699e-03 5.917157919641543402e-04
1.779595584671187685e-03 3.210605447253227999e-03 2.281864162947189363e-03 1.298926482776688578e-03 1.445649790124806534e-03 5.784823576256047789e-02 4.651226195822495690e-02 8.398950159029187901e-02 9.855581896535818218e-03 2.589860627898583206e-03 6.699848199288053942e-04 5.115726712030948002e-04 2.848465017817888119e-04 1.909942827722561529e-04 1.670479266001667683e-04 1.303734991126940558e-02 3.480208133136864206e-03 9.274531426878441099e-05 1.010384104616207375e-04 1.887250756434725226e-03 2.741181347856847146e-03 2.684400245366060350e-04 1.073637101099042708e-02 5.231377222684963947e-03 4.338503166016303286e-02
3.841603392865514111e-02 4.452822989704131040e-01 3.069411946869443283e-03 1.755652097787890756e-03 1.361990262308728980e-03 1.224545651787526572e-03 1.028081174092123880e-03 7.723230976156429672e-02 8.546848004932987297e-03 2.257577285876363055e-02 2.645966789579704340e-02 2.401288789516723976e-01 2.522931413471906303e-04 1.460921631674776133e-04 1.460046792098322371e-04 2.255599173991411235e-04 5.151868341598128892e-04 1.063931933754014758e-04 4.039061473438108202e-03 6.621221746266742030e-03 6.357360623157129464e-03 3.939189078425347004e-04 4.552006638649265242e-04 8.618092271891565626e-03 8.624934658694957419e-04
5.936811146377219545e-03 3.107022901800634684e-03 2.804925646212226304e-03 3.149741235750957123e-03 2.216264326044806859e-02 8.830275065973645227e-03 9.173692396130259108e-02 1.964602979890506598e-03 1.722545658873475983e-03 7.689493071918247118e-04 5.738342435040734131e-04 3.537188809374955216e-04 2.150480525969502784e-04 1.289595381381859729e-04 7.541030214177924526e-05 2.021460285288000623e-04 1.946550456272092445e-04 2.111721526631307028e-04 1.751993333133877555e-03 7.865153739590818871e-03 2.687794665178428258e-03 2.235578118337611738e-04 2.495728905130153562e-03 2.919485869562499572e-03 2.045109558152217837e-03
8.046996592390902661e-04 7.561716884855270880e-04 5.921776334554963283e-04 6.007757756035287831e-04 2.083845456301651380e-03 1.043731917170061469e-03 5.532870516700618552e-04 5.993880358879494739e-04 3.458836429457587619e-04 3.038539710177360319e-04 3.737546460714047218e-04 5.669471537834999773e-04 3.077694954403064568e-04 1.869178730366973375e-04 1.671477896280188185e-04 8.898021781308520042e-05 1.151167270499439855e-04 6.756959721165009048e-05 6.103761659729785641e-05 2.017283005530020050e-04 2.846467236540231507e-03 1.383742330754001316e-03 1.547138754313998618e-03 3.374543625364430626e-03 2.202539128590551721e-03
3.003328375639456160e-03 3.242978220058961598e-03 1.992045509960827920e-03 1.581758422206527067e-03 1.469303240761344383e-03 1.052489579697430452e-03 8.395926477210938904e-04 2.138434189257504888e-03 1.198850235704441861e-03 8.148614703856738722e-03 6.293166284085414475e-04 3.091226908022361598e-04 3.008379223949516853e-04 2.574755475001734638e-04 2.053071257233760397e-03 6.872891584892999164e-04 5.197811970818408265e-05 8.263149132346692593e-05 2.184272049867436855e-04 9.732249362602961437e-04 3.051500347152148566e-03 4.079796737961661514e-04 2.324157871977805155e-04 4.812397008355151148e-03 2.337275514336779100e-03
1.288150478627335090e-03 1.325137698280400619e-03 1.146424306907105253e-03 3.241732261086713220e-03 8.852384689646888025e-04 8.533999241128884449e-04 1.605431902471141700e-03 2.354523570160036994e-01 5.768178077210982073e-04 4.585022527005742227e-03 3.546433772511918461e-04 2.853289610391900174e-04 2.990251672781985806e-04 1.512945193204475987e-03 1.861305588635484649e-04 9.764764517227689927e-05 2.253030072119702458e-04 1.087633469757234644e-04 4.633313253022655794e-05 3.961526463372177262e-04 4.177451302629146780e-04 1.598742554950890668e-02 1.662644694627831614e-03 3.283453599777391794e-03 1.287249461562907978e-03
9.720993118409960911e-04 1.383765182985941629e-03 1.087012913576840961e-03 1.398724886026230310e-03 8.534764775266052983e-03 1.940153984275379273e-02 8.458563101929402091e-04 8.096194161728519079e-02 4.759756408784282977e-04 2.453535581363769261e-04 2.571057850644420427e-04 2.489337676533603222e-04 1.973480291728750211e-04 2.788153750087743899e-03 1.758897458165403988e-04 2.483689829684410880e-03 1.428410385591741608e-04 8.547263875682308606e-04 1.314358845927689201e-02 4.711482350445733865e-04 2.314703185845258711e-04 2.158677796925785250e-03 5.895742881814273334e-04 9.769400385652464089e-04 2.599747239659959321e-03
3.100901285756747349e-03 2.121418784702885484e-03 1.736961707659335618e-03 1.679016323295331450e-03 1.196638364999266357e-03 1.247110503142095971e-03 1.387561691546166515e-03 2.097872506109785609e-02 7.665875858597640197e-04 5.543171642377723880e-04 4.273256151710145981e-04 3.288895423941553750e-04 2.216543964860284461e-04 2.216324553703105866e-04 1.407419621306575338e-04 4.021883076186418687e-04 1.012036992749242470e-04 5.033615508625631052e-05 6.579552456126463219e-04 7.692850830196602428e-04 1.726710380693267986e-04 3.466812179950168912e-04 4.615031663238153975e-03 4.062857298153988925e-03 1.551584510300542050e-02
2.066017771851642783e-03 2.040102430377435314e-03 1.626638915834135654e-03 1.424306921793507810e-03 3.217114843914178207e-03 1.412524397461897667e-03 9.575887511165083943e-04 9.799264873110084904e-04 8.992789801986488018e-04 2.489269382479799252e-03 1.121767022443764111e-02 6.525056322059945334e-04 7.791975807631353751e-03 1.695311208959596931e-04 1.919761600843847196e-04 6.008763062920393640e-05 1.162401210440657196e-04 7.117371468422798103e-04 1.842983229404747013e-03 8.608228269513614654e-05 3.649124159852722214e-04 5.644516927571090496e-04 3.031111482526160808e-04 1.509364333423326510e-03 1.428935679325253486e-03
1.952168845686073906e-03 3.602631938210276198e-03 2.120319798976845471e-03 2.974826112720472572e-03 3.825793515632230565e-03 1.517784999560034672e-03 9.267141158193290939e-04 7.873467766444228926e-04 7.969698592471697457e-04 3.570901993324028523e-03 6.697873805091884847e-02 5.119333526861630495e-04 1.834973289386492359e-02 7.033627325770448356e-04 4.819367059188761171e-04 4.331039444814383747e-04 1.013500397428415342e-02 2.600163791296524894e-04 2.001590654588359893e-04 4.468142935588655627e-03 1.810920074685421085e-04 1.629488453741318723e-03 5.478000011146367913e-04 2.604628733561572922e-03 4.730513265642402598e-03
5.812022987459184581e-02 1.930671881573284981e-02 8.877414852894628325e-03 8.308154656109763628e-03 3.815000791281613832e-03 3.185705695819218697e-03 4.965279610000737816e-03 8.023802445216057788e-02 8.476746988818523220e-04 7.794840437540725151e-04 2.967089074414620744e-03 1.579943330764358930e-02 4.073474362729415077e-04 1.543681582065957155e-03 3.297123850205353063e-03 3.514568678395045553e-02 2.836854991630356759e-02 4.370370467836153764e-04 4.239136615405847408e-02 3.169118158407925622e-04 3.681810513068955581e-03 5.913562839628076079e-03 1.926535243628874940e-03 9.252688273173534372e-03 2.763367853873387441e-03
5.998743169539958418e-03 4.355138925894483197e-03 4.552058296107976132e-03 4.693426916430833672e-03 2.598593874383025790e-03 2.892020871739458057e-02 1.639022118719464863e-02 1.599346686148045036e-03 1.136364025516400792e-03 8.481244303869251138e-04 5.941984349908424915e-04 5.561356627792153270e-04 1.003184151631103570e-03 2.074632275180093854e-02 3.566985580193365087e-03 1.478560326983975950e-02 3.380127461215391206e-04 1.442356130663164531e-04 2.498583249153747080e-03 2.875733763637262149e-04 3.542966642855402849e-03 6.322365925062560770e-04 6.775196896020880578e-03 2.915823567841767643e-03 2.664517262656713147e-03
9.787111927454465038e-04 1.148801064103381750e-03 1.648867146223805891e-03 3.789442363792036497e-03 2.103893151079621378e-03 6.828928318229891175e-04 5.390290296944455842e-04 6.375306462207791210e-04 7.530443135806707405e-03 9.558784633885747395e-02 9.143647936837936627e-03 9.150063074385698285e-04 5.170238917592620553e-04 1.881297896678199176e-04 2.021127589248961857e-03 2.617408641873722680e-04 7.228593171157645519e-03 7.534044652537828454e-05 1.090395395070869924e-04 3.541553162004156094e-04 1.452142344397937322e-04 1.150591700429196181e-02 3.770409906435239107e-03 4.043576118785181459e-03 6.186198081118417062e-03
1.874012964638769240e-03 1.740398154253710921e-03 1.322873225240608300e-03 2.342587094557648311e-03 8.036820013400363116e-01 2.966159587972990071e-03 7.775896045893407153e-03 2.028165525160556711e-03 1.750875415167219441e-03 9.051636737703469548e-03 3.397193022258807038e-02 1.384467631305098811e-01 7.160700952032056366e-04 6.788182190991708803e-03 2.156091069254454284e-04 7.840678350974432387e-02 1.920245012637415098e-03 7.009449336672384694e-04 1.476545349369369920e-03 1.749159989557047383e-04 3.039066730444429931e-02 4.689187245732326023e-03 4.867189779687406716e-03 1.747656322828152549e-04 1.355056129885188858e-03
1.430481516580554315e-03 1.672452459563260763e-03 1.678734632589689918e-03 3.042134053391089884e-03 2.214001654600218378e-03 1.028648159566829864e-03 1.870009371943817059e-03 6.881265801542653555e-03 6.716704927939609604e-02 2.300104873850522882e-02 1.029078819074531184e-03 3.589598940156306264e-04 2.473082663532531582e-04 2.339203967584366998e-03 2.125527459862264798e-04 2.656614749730014900e-03 7.089115854137392704e-05 7.022444295898163909e-05 7.160239957665371366e-04 1.528523550353365855e-04 3.329557145074009037e-04 3.425391637984838856e-03 4.411921660800148938e-04 3.125397786863907609e-03 2.114197329312185111e-03
1.091143695090344458e-02 8.781068515683769504e-03 5.519144770502919961e+00 3.649486767353714023e-01 1.483337623310134433e-02 8.616840888402137189e-03 4.776978126546732595e-03 5.989810522583040309e-02 1.998516603387692336e-03 2.265979003913028318e-03 6.001272035334406785e-02 2.585920258822100443e-02 1.707383695636350207e-03 4.821450280065728224e-04 1.043574980464978975e-03 5.996024665604447615e-04 1.277638238999351770e-04 1.215187412944178017e-04 1.523612728354400319e-04 8.751536962311825575e-04 7.782838606167362221e-03 7.047256020982603682e-04 6.707492023812887004e-04 1.344088929205336383e-03 8.104058791351391889e-04
5.267319813891836733e-02 5.987479287859006488e-02 9.730544835944550386e-03 2.351328488285040763e-01 1.842108793592386884e-01 2.230282038773473974e-01 1.476523433017469956e-03 1.475899262911956229e-03 2.356954359492545621e-03 6.385240349135195724e-04 4.005013465410986527e-04 3.176458474652829253e-04 3.294425882308389241e-04 1.405041754102724161e-04 8.107955649657668559e-05 5.798364602881021714e-05 2.463976465475732169e-04 1.633454432317057753e-04 1.513008349561949413e-03 1.427654753076620150e-03 2.009407001703222850e-04 1.084934593851395431e-03 1.926288280276903207e-03 1.279203828743205595e-03 8.840361672792809017e-03
3.022321483965507549e-03 4.873444153420645325e-03 4.362347727541275415e-03 9.693299005517788322e-03 8.884336972565358426e-02 2.391949008228418452e-02 6.304147728771307586e-03 2.504497751894506352e-03 9.795882367527783061e-03 3.941351422259698617e-02 5.535461280833983005e-03 7.279622158592419061e-04 2.775339666279532996e-04 1.928860472018218742e-04 5.661157459501103394e-04 5.978920733182162316e-04 5.762073832233451142e-04 3.232935050009367022e-03 2.903176336919582184e-02 6.110576071329085375e-04 5.658554307751132622e-04 1.729095361235321107e-03 1.325080700297580349e-02 8.911789443096083951e-03 1.012770745364556827e-03
3.539643597565219398e-03 3.179366797637145012e-03 2.468386421772430280e-03 2.825796457793146484e-03 7.249466442659973330e-03 3.038515043196306498e-01 1.169445632843593985e-01 3.722149194174293081e-03 7.040221339232556261e-03 1.780521776255118097e-03 4.330904704167416221e-03 4.537837363588558643e-04 3.580643990805367112e-03 1.293422801597187213e-02 7.279137586661007077e-04 3.271497608377289140e-04 1.648046401798903843e-04 5.553361907109353492e-03 4.693320155016444950e-03 5.623576501498576529e-04 3.032720770889502874e-03 6.800548636740713117e-04 1.407243167232031730e-02 1.256191936915227077e-03 9.563899645562805307e-03
1.032799368221331074e-02 2.567788881220685066e-03 1.975948852538883613e-03 1.026443835273799492e-03 8.124658196036644046e-04 7.311796498694251873e-04 8.094060331923521147e-04 1.068878163646628035e-03 6.474489892066087604e-03 1.601080417250485633e-03 2.484437025597533225e-02 1.559443362479005085e-02 4.694425583231878491e-04 3.883162977461018708e-03 1.295363085966283901e-03 1.806691207633407195e-02 1.140768148402990727e-04 1.774709151716785042e-04 4.526432346678990054e-02 5.413175906926186599e-04 2.760267733103751592e-03 2.948287678218341795e-04 1.736522557009471479e-04 2.234936998704955408e-03 1.184220702367712492e-02
1.395885956076055269e-03 1.959520140453320514e-02 8.984203298160048368e-03 1.609943726010296767e-03 1.214194189245782277e-03 8.741967556999597931e-04 7.711352707841794170e-04 6.889391040451578636e-04 1.008266448621281397e-01 1.560391400953521114e-02 8.712771455517474839e-02 2.903367572189362962e-04 1.968763027704899683e-03 4.540709316085677358e-04 1.713453678379396800e-04 8.340056237997502120e-05 9.353069237471106027e-04 3.103232270557088599e-04 3.647855007256169384e-03 3.885118397051836084e-04 7.183681464481740664e-02 2.454967198552675343e-03 2.422296944838839110e-03 8.322433091142943627e-04 4.875485784908744485e-03
2.256055492305820281e-02 9.141060289817360546e-03 3.307754868922636957e-03 2.180989784402506421e-03 1.433696136815560329e-03 1.047498342166605818e-03 9.714795347569754906e-04 9.143612375489070139e-04 1.443137325239758455e-03 2.452396447635233137e-02 4.608449503332361715e-04 7.631699230796912432e-03 3.190195011318763146e-04 2.369183379070994341e-04 8.293176362421122332e-05 5.064990869822106901e-05 8.487779195178699358e-05 1.220581887213433378e-04 1.557290569890455891e-05 1.005133391925640962e-04 6.093909634711448982e-04 9.054692412729568873e-03 5.188944198280168348e-03 8.484708980468892367e-03 1.067319581215259465e-03
7.271226554697095973e-03 5.203831927277053661e-03 3.956368852199825502e-03 5.023317239973961942e-03 2.447410537719464565e-03 1.469733182304030356e-02 6.273772649747648422e-02 6.250837401470925054e-04 8.022267673853455267e-03 6.036503076968891901e-04 5.398004022498289339e-04 7.260199205022548801e-04 2.843024727692047555e-04 2.164877488910753355e-04 1.298363366962004156e-04 1.780687630326792804e-04 1.526144902113985838e-03 9.526354375158349922e-05 4.324316891054194221e-04 1.856712086104643435e-04 1.344292414302074605e-03 2.391973545324749316e-04 7.509123326049438676e-03 8.937333485100280904e-04 1.805677370070160603e-03
4.178672538678273457e-03 3.023426462264683194e-03 3.052287695781932386e-03 2.436762705779167617e-03 2.327816187785498869e-01 4.367797900247757936e-03 1.493900600809344812e-03 1.325094354960910025e-03 9.576950069410622522e-04 6.538573887613261752e-04 5.055285598913742458e-04 4.607870715847136797e-04 1.956179416956046406e-04 1.487221613400159764e-04 1.637949309018005880e-04 1.003477536062265013e-04 1.560108496975008609e-03 2.514829543152954363e-04 9.483888006987458569e-03 3.030087777193529036e-04 1.317333655904470832e-04 1.178813731493880216e-04 2.581539836500286456e-03 8.129855177780278414e-03 3.995187122681227894e-03
2.108798639004734465e-02 1.432890610668363998e-02 9.013647465042920470e-03 9.936559337874222714e-03 1.555470813937559482e-02 5.219017299451740310e-01 2.793418716366722655e-03 7.638257835536592898e-03 2.627448108099088818e-03 1.016170715071364585e-03 6.005153600312770684e-04 2.325189743906215870e-02 3.104744059762798653e-04 1.580551552480349039e-04 9.240920770701329377e-05 8.703484702523222802e-05 5.916592101257191330e-05 1.585576443892037276e-03 3.642669369811455619e-03 2.690213782423147865e-04 3.213912885941025812e-04 1.335227725733140387e-04 3.689437553076030992e-03 5.922875972333128264e-03 5.717429773170162009e-03
8.490874970435342145e-03 7.871377307265284978e-03 8.079590570773776542e-03 5.754654206630375676e-03 6.689654487435301063e-03 4.422594199748220746e-03 3.238086883467612264e-03 7.285970034300909282e-02 1.376558255151526244e-02 1.571641739420138106e-03 5.982975522740016650e-02 2.005441969116605709e-03 7.184586508754641464e-04 2.031687210663447526e-04 1.865690702781652678e-04 1.632977291473875880e-04 2.836726988621658414e-04 6.925702574244477433e-05 3.781204405781495460e-03 1.323906373939878485e-04 3.046979518235403209e-02 8.403519267322119221e-03 3.185609211494259550e-04 2.852115308481356463e-03 1.125112400121646913e-03
4.336081065449009370e-03 4.110172545907467279e-03 3.127475206215462895e-03 2.684557289540114716e-03 3.943568924846764870e-03 3.102783239036645963e-03 1.559720979077145213e-03 1.082825695380637337e-03 9.641096967597189262e-04 8.502575371961681788e-04 5.013752783467317073e-04 3.983747015593220339e-04 1.258671153178320470e-02 4.541104669985365490e-04 1.933823260815087993e-04 1.909451216680271434e-04 1.465451604492522600e-04 7.173247675292856844e-05 5.370103255481718449e-04 1.240436086875478516e-01 8.041496104737231015e-04 5.185813431980805348e-03 4.723675801351238067e-03 1.671250360635279878e-04 3.284997455826732266e-03
1.846882836784084943e-03 1.464535879941236294e-03 1.829567956834955494e-03 2.023894170038644229e-03 6.040012059011896049e-03 3.992422029620552176e-02 1.028202175730596850e-02 1.208654113464880005e-02 1.494599075720994541e-01 2.790377002652588700e-02 5.260456395831074458e-04 3.435409671609689140e-04 3.008997197131778691e-04 2.442133715468092214e-02 6.129237797893024925e-04 8.377329017965009670e-04 5.633279234982329318e-03 3.539765524462372675e-03 2.369723692075305496e-04 2.755796449550516631e-03 4.536884622898392297e-03 5.813170750297347355e-04 4.256603130829898860e-04 8.650194708899883178e-03 1.940194780981457229e-02
1.423829495408233687e-03 1.576438211762688649e-03 2.446419062002524666e-03 2.093697360725844860e-03 1.253912835114312811e-03 5.287179751565943085e-04 4.578848555109247794e-04 4.268264064245533502e-04 1.555832410531694408e-03 6.120441566247360318e-04 3.849797146653653485e-03 3.551824532003146264e-04 2.241213550189895092e-03 1.927900555871407142e-04 3.647405177027375663e-04 9.020648206734513169e-05 1.497799650393600050e-04 6.065913725129656035e-05 1.681628836370520352e-02 1.428916913541960869e-02 1.447024004057676763e-04 2.200624896838818470e-03 1.177559659079976907e-03 2.348656135768140401e-03 2.145591484686990274e-03
1.365639668940396654e-03 1.158690255780081991e-03 9.669140734783382473e-04 7.520936029342693624e-04 6.266406887799092244e-04 5.308466959863122761e-04 4.618306268708641249e-04 4.018711158142126462e-04 3.686052233635040017e-04 3.307003816966034302e-04 2.993149056931764494e-04 3.116661376029513796e-04 3.365893750745645868e-02 4.594357788894840055e-04 1.170162593530679231e-02 1.988510149375370337e-03 1.204901840892936746e-04 1.319772914862023900e-04 8.116107529207517769e-05 1.458154759055267505e-04 1.007727715978632213e-03 1.764864584947512839e-03 1.843216968843029355e-04 1.393200935541309010e-04 5.392057211214446553e-03
7.854655892949665916e-03 4.871603713736216354e-03 5.839549265399366848e-03 5.833737462086764636e-02 7.141286254753720364e-02 1.353036436234133777e-01 1.992042999025334538e-03 6.651549372156786988e-02 1.486690409907776055e-03 1.522836620919903235e-03 1.892738854297796799e-02 1.231179953061117003e-03 3.123261199312235667e-04 6.828564795209144268e-04 1.326210578955224720e-04 1.123381516178357934e-04 5.900481590325767526e-05 8.563082697128495194e-03 9.603282961283115269e-04 1.489997081712143520e-04 2.179602826058546321e-04 3.247459118986302648e-04 1.217989708634280863e-03 4.601527638576577038e-04 1.755037087420850976e-04
7.140713489628593667e-03 6.676647435617070157e-03 2.990161836498021752e-03 1.443710446480201293e-03 1.254308315491984736e-03 1.080131112612204300e-03 8.977950606567801145e-04 6.162598786666723767e-04 5.429094802734742587e-04 4.801819279250976974e-04 3.799992593637487991e-04 2.890745795549420189e-04 3.720468753978794650e-04 1.239122461448539589e-03 1.583739782533031886e-04 1.600320209291048595e-03 2.138419297014507680e-04 8.226709114856987221e-04 2.145246414590517908e-04 4.899396158585723852e-03 6.768681380900833794e-03 6.905060948538229056e-03 6.416452064414393530e-03 1.224805914484222887e-02 4.036247848458734445e-03
3.521297020862873117e-03 3.397835515825070683e-03 2.805273909410979302e-03 2.065673216940207627e-03 1.919545059424927150e-03 1.619475124157458397e-03 1.270635721676943893e-03 1.667144794142588456e-03 2.120356079223565879e-02 7.225073313024522144e-04 4.974839347286538066e-04 6.618964827617556269e-04 5.076643738540104764e-04 2.855356112652945757e-04 2.248085823004943419e-04 3.840860754718905187e-03 6.758851416009286663e-04 2.527439195423627615e-04 5.269415070099680079e-05 7.498293297795080429e-05 1.679579097545044362e-03 1.540708937436807528e-02 1.757204453906653532e-04 5.373885780624042090e-03 1.660238328115341833e-03
6.107765418074870105e-03 4.514704921023207813e-03 5.619768240496976312e-03 4.529458494369587897e-03 2.172399464006457594e-03 3.187058282778959094e-03 1.241982704599640767e-03 6.151365291948105449e-04 1.423834337301537302e-03 1.297641315439905085e-03 9.750562836638134367e-04 1.043301765651790400e-03 3.956217958833470327e-02 1.223654340621473970e-03 7.465955967329075682e-02 1.639649890835044588e-03 4.312795297784958277e-04 6.941826796983079475e-04 1.742808688848502098e-04 2.449657949062769070e-04 1.768163647841525547e-03 1.720518904400051034e-03 1.734460879631502788e-03 9.257164622819122248e-04 2.088762004104184524e-03
3.784717330376782731e-03 2.162934820400731761e-01 3.941274150116242173e-03 2.676604089490690862e-03 1.985940444478440873e-03 8.917724246825466019e-04 8.672347199039301272e-04 6.623704226093824008e-04 1.075573733143918862e-03 2.004571849458697611e-02 4.126676341411495558e-04 2.362675654785912401e-03 3.722580136732248643e-04 1.817385768541135492e-04 8.036253076660173147e-05 2.374306159878636173e-04 1.483839113740283882e-04 1.922448437541086907e-02 1.111687542633139035e-03 3.221023084244493376e-04 2.117941899049854667e-04 6.553243109901862829e-04 4.741102614066838145e-04 1.569205192708413021e-02 3.726282306930371341e-03
4.361908308272747017e-03 2.641181255307073917e-03 2.055592112646772301e-03 1.632428313012679148e-03 1.176303557538944987e-03 7.716157630863468416e-04 5.481651982851979202e-04 5.658609989870820286e-04 6.556412386865684413e-04 3.624831623978286700e-04 3.436820222692871566e-04 3.057839611902734883e-04 2.975925591198266156e-04 9.012064532492458516e-04 4.266254892835524512e-04 4.816396887385680911e-04 1.533500918132114801e-04 2.252783105190999963e-04 7.142884626080829059e-05 2.537186683578495868e-04 5.846631674156341132e-04 1.483151929167802422e-03 5.367306383506181312e-03 1.806126653485524720e-03 2.100291923472230062e-04
3.655972697986303258e-03 4.304806859119541564e-03 3.194795727539817727e-03 2.838167058716794828e-03 3.056378464590421042e-03 1.752844346553239811e-03 2.219791089468500789e-03 1.285193740602653652e-03 1.091154793731736366e-03 8.827010995653565605e-04 1.698884627777444509e-03 9.582492810855080742e-03 1.643769066631208670e-02 1.239471757025171355e-04 8.936665181078059985e-05 5.561372696876972551e-05 3.647367553776687394e-05 4.496167182642327447e-05 1.011033731499363084e-04 1.419901279854114543e-04 1.888378460095028989e-04 1.634773294931721535e-02 1.821838660275918028e-04 6.333280045379526468e-04 1.823256392546944264e-03
6.398366999241441276e-03 5.591763034987921009e-03 3.811709342133321170e-03 5.784979316923847398e-03 2.319396875235510067e-02 5.401523956809474621e-03 6.977361964919341977e-03 1.561624205866258023e-03 1.641243992823928494e-02 9.108017065967346105e-04 5.358044345755528116e-04 3.314285081189701702e-04 2.020247007675817147e-04 2.001272407627031804e-04 8.191354793904835510e-05 6.671470503432295725e-04 8.874327525964399038e-05 1.081452654314158735e-03 7.385028887809268238e-04 6.937743228428823667e-05 2.403167697350534412e-03 6.001903652901145747e-04 3.877818228671928505e-03 1.168349179296304099e-03 8.757091493299099319e-03
2.742539382412688322e-03 2.090897108736209688e-03 1.530138574800381452e-03 1.209854209989021838e-03 9.765650974633160487e-04 8.125069122854528588e-04 6.375407208634558667e-04 5.349356427494151613e-04 4.636080918087143415e-04 6.401605237643008019e-03 1.795406583739478021e-03 4.117498064667336624e-04 1.499585481258462402e-02 1.308795538864809295e-04 1.141670327782296949e-04 3.571925462116933795e-04 1.620221810580677101e-04 1.118020556312574734e-03 2.078373170402072340e-04 1.220916637807052500e-02 2.130622991064402459e-04 1.037199330530510664e-03 1.386810551202863340e-02 4.523114394394093726e-03 2.388184433734659093e-02
1.371322234908215615e-03 7.867337893429952270e-04 9.362493285560134510e-04 8.459593487199878591e-04 1.255344679930550048e-03 1.423767126913136729e-03 1.623929976098633376e-01 1.447645843103541850e-03 7.502524383234845766e-04 3.952483997962232074e-04 3.081053250367549764e-04 3.797838053543916475e-04 3.036025100885229996e-04 1.472052893502981950e-04 1.133863805220847637e-04 3.137794845626060017e-04 3.841670264786049144e-03 6.036522980531507907e-05 8.474968978929398684e-05 1.630510522430810363e-03 7.260753065154341990e-04 1.325753495024015183e-02 7.741318982911834894e-03 1.826556158232517813e-03 5.104997594053937993e-04
1.652666619188814662e-02 1.207426188319784578e-02 3.036289716817531723e-03 2.622552160656659633e-03 2.272013817102047726e-03 1.505085380580642104e-02 1.915949966429331868e-03 2.112263073309205569e-03 1.494529973950586496e-03 9.046360498837930633e-04 5.522825895175730720e-04 1.831424842204178042e-03 2.799178947253677121e-04 2.489085654088103706e-04 1.972271346077225792e-04 2.080777924199820206e-03 1.031720722461293882e-04 1.074618799144523747e-02 7.943517552380355198e-04 5.267900355727618208e-04 5.478927457708242509e-05 1.492343136203759133e-03 5.815314927984046624e-04 6.068624041269606332e-04 7.596497344276864627e-04
5.347009709137518461e-03 4.351548164378125916e-03 4.470443228970884079e-03 3.472974940854739370e-03 1.980590560127766173e-02 9.726924007592566840e-03 6.413075292993949961e-02 1.335487504916511381e-03 1.085142457973724576e-03 8.053391065685780404e-04 7.861340246362005964e-04 1.810750853704689049e-03 1.798098619222794658e-04 1.048851674212572603e-04 7.511072071362039310e-05 9.706738977157840014e-05 1.356077537369732445e-04 4.232606437286078906e-05 2.678539063276217020e-04 8.036368579002119150e-03 3.963643724927778489e-04 1.006839228850934555e-03 2.720312880550976656e-03 3.732179317150952167e-03 2.009619855641479793e-03
6.405532388617493460e-03 1.222649194153247951e-02 2.023873121320651086e-02 1.826795165878799310e+00 4.487290723320954897e-03 3.137160629460704429e-03 1.838711904912746550e-03 1.590437279115891308e-03 1.199468455192368582e-03 1.318646392452227541e-03 9.108697308499176526e-03 4.621671855720915940e-03 2.028461672025768867e-04 1.828435766988591291e-04 8.406728167663375239e-05 8.608953142193920456e-05 1.410941588426575886e-04 2.924912339873027411e-05 5.223047693036665250e-05 2.913217692842300793e-05 2.843904557256376532e-04 1.705998507593249570e-03 3.767129621505976161e-02 5.779666360617235436e-04 1.475037851113944736e-03
1.623559431957180554e-02 3.532066209225554615e-02 3.978888583514479660e-02 3.317319462785179446e-02 1.614186977566038975e-02 4.871502373295514068e-03 4.207376407855669027e-03 1.250308705144191068e-01 2.475289070846039847e-03 2.457125479743047305e-02 1.066550511674999339e-03 8.519788083855893510e-04 6.383051656393298702e-04 1.278805309606351887e-04 8.436384284143595865e-05 6.463319359992495316e-05 1.452217680580040083e-04 6.935824861426463303e-03 9.383538546077631326e-03 1.195601795347643994e-03 1.000780030156584594e-02 1.082163257978178668e-03 1.746301045399709995e-04 8.548716725625089352e-04 1.273620576192447708e-02
9.892151829781715477e+00 1.675338623445070896e+00 4.026727374280132839e-03 3.564049192883377362e-03 2.393360464320312860e-03 1.990144450556329773e-03 1.637814434094197894e-03 1.557531418205235435e-03 9.764231787699632686e-04 6.968170641485801854e-04 1.231189699246499399e-03 6.587411530988376580e-04 2.282065494508019390e-03 4.127120626423689685e-04 1.435743973898269822e-04 1.323616274512201063e-04 3.490112315101107174e-03 7.489228409432160602e-04 7.886192702372081054e-04 9.810570772631800347e-04 1.954041905164255943e-04 2.062513281920867921e-03 1.375421110129212976e-02 7.788475682367317597e-03 8.215432653958612899e-03
5.209184439425532803e-03 4.512011270446978847e-03 8.783953337148790383e-03 4.815425959907015767e-03 1.626957003458653342e-03 1.775341704530150741e-03 1.142078185003457579e-03 1.783033536456790939e-03 7.193323904878486975e-04 9.967756228921777206e-02 2.173955118979757780e-04 1.685710376992351006e-04 1.073104123485188563e-04 1.244688202977429006e-04 8.588146243412629686e-05 4.275127009392914003e-05 7.842241198783181334e-04 4.873492115263193948e-05 4.180477953693758882e-04 9.959837069718579898e-04 1.575652629465966253e-04 5.210303232159394470e-03 1.135484566317407790e-04 8.356796281250175595e-03 1.058800597952825814e-02
4.957240637355293106e-02 2.166343719250801159e-01 4.416512804695646999e+00 1.498828010480134955e-02 5.355505606132789781e-03 4.036263997462322811e-03 8.547177240797064132e-03 1.795698996023343819e-01 2.090038534961545773e-03 9.098224712933805332e-04 9.496146494409802609e-04 5.984645063102286009e-04 2.708072488793019576e-04 3.705127969254687912e-04 3.554308774169932317e-04 1.422112208357416451e-04 6.242050794178408656e-03 2.352399895672308266e-03 8.742203996847369013e-03 5.189932393000726979e-03 4.139760577350622638e-04 3.114340273711186909e-04 3.692173263667210444e-03 2.126285492288834591e-03 5.495404805038007568e-04
6.915890919181985792e-04 6.330842496699802318e-04 5.421902678775980446e-04 4.970445761493682115e-04 5.144161795239435243e-04 5.299882065224808744e-04 5.376258589194220401e-04 7.243368200325409068e-04 3.991993575629431594e-04 7.766238660080852785e-02 1.232910929706458559e-03 2.808916102235723745e-04 1.485781446356810968e-02 1.848696112194067067e-04 1.862729208725997891e-03 6.515867643149778499e-05 5.313363491193313546e-05 3.985606031564993068e-04 2.576974017026553341e-04 1.204760641985017696e-04 3.843914321322251283e-03 5.085383683001429463e-03 5.229179941020829434e-03 1.541161595501175374e-03 5.909421370986223283e-03
3.965444693165911215e-03 2.151948558872591750e-03 1.310735180541054267e-03 1.786344216103275071e-03 6.549322326808468958e-03 1.523053594832446227e-03 6.859734825636979718e-04 1.419336445685083232e-03 8.012777625113935015e-03 6.481006163833379075e-02 4.113619502527888984e-04 1.792130569921713754e-02 4.762466852221679541e-04 1.141768731100624792e-04 1.453831509482089973e-04 7.703891507170635984e-05 5.816600161412743093e-04 3.327376351237733667e-05 4.690277552447453310e-05 1.333606135442371549e-04 1.612777028878693353e-04 8.755254590632298569e-04 2.383644401033664911e-03 3.406684117821940673e-03 8.523619925746751683e-04
1.041738491849785245e-03 9.041252894806149154e-04 9.660918460324897017e-04 8.309654594408132176e-04 6.799697269547133258e-04 4.916234481757841964e-04 4.788910038398466870e-04 6.863891345877839827e-04 4.793353540484531026e-04 3.117870329520726585e-04 3.095726302451454973e-04 1.180236473351893497e-04 8.587526298499127382e-05 1.122698257624443497e-04 7.296082109430969723e-05 1.608183606168515022e-04 3.023784983783257612e-04 2.571809563539856694e-03 7.474153205911986066e-05 2.348564355441085398e-04 6.984762437262630880e-03 1.739812162588508281e-03 1.216127757125082601e-02 7.341822802069646048e-02 1.772237007250898957e-03
