2.867631573772504161e-03 3.073951445348347290e-03 4.433116625511804645e-03 3.657405964008304030e-03 2.014089557164994420e-03 2.392088116913628198e-03 2.096744482042702841e-03 1.505318184936470715e-03 2.872585677271010090e-03 6.297763582676532516e-04 4.578349091081946026e-04 3.713721176870341304e-04 2.784153964922802074e-04 4.128857296815282955e-04 4.545121959061529143e-04 3.397211188740848061e-04 2.068171045087137849e-04 1.558599887601037079e-03 1.379444210259153040e-03 4.127517054013965753e-04 5.940722489154632874e-04 8.282783177277164245e-04 7.697624860616930718e-04 4.209318752795531402e-04 6.121829385309434605e-04
2.842833656014493501e-03 3.167362587999032232e-03 3.071054829579613048e-03 2.994067094430855926e-03 2.514306186710666465e-03 2.381636156309424948e-03 1.691923085782572360e-03 1.299468654818761084e-03 1.208996696517852017e-03 1.154556087363554267e-03 9.490656989292340631e-04 8.069409751439420714e-04 5.389304600725031711e-04 2.300077647621634361e-04 2.677075669102912297e-04 1.786437324964120811e-04 3.487318721140947190e-04 2.173130758500737159e-03 2.129326580010205462e-04 5.541360613083839287e-04 7.121748474114565327e-04 3.301666560333555789e-04 8.909547044288066353e-04 9.258753854501874415e-04 7.232549429835485573e-04
5.817726767056907201e-03 4.352093012905106258e-03 3.036925963203241340e-03 2.680145044620312316e-03 2.286656287057142571e-03 1.698246684923601603e-03 1.462262795261808426e-03 1.270727022325756185e-03 9.498528141208450104e-04 1.168590102210492841e-03 7.227204354943511308e-04 5.609017625945710841e-04 5.063973396335534963e-04 2.729138029721966626e-04 1.055651417457226238e-03 4.513699411464895390e-04 7.736258714015649537e-04 1.527789797418012581e-03 2.940595570787607775e-04 7.993036999336755946e-04 6.958209373345616280e-04 2.953105457180241178e-04 1.033544398795115593e-03 7.172124698819311653e-04 1.185450588856711875e-03
3.830444140116347901e-03 3.823478064665874598e-03 2.619180750865216390e-03 1.866656798491013285e-03 1.378151572627989065e-03 1.320950565697411863e-03 1.097113666331873830e-03 1.041237512705559193e-03 8.419869927519051762e-04 7.067030621481859435e-04 7.105639270708346980e-04 4.366206687350645340e-04 6.245947710664613486e-04 2.453486755968790011e-04 2.099871981076134782e-04 6.635357292467610499e-05 6.195243187981833133e-05 2.128797319389624972e-03 5.009187053815119259e-04 4.095743076174875865e-04 3.428073185691942306e-04 1.000313023553294801e-03 1.846084814157141884e-03 8.641607002949355321e-04 6.126018130112756508e-04
3.455202436786357183e-03 3.693858158018755149e-03 2.416151900146958770e-03 1.872338317228163743e-03 1.696920577176213923e-03 1.543990008243648461e-03 1.391568924765589337e-03 1.085420158200304120e-03 8.820540835214190105e-04 7.852479183043826073e-04 7.087203459136482342e-04 8.139917786889797448e-04 3.655330718569674503e-04 2.091063965316178981e-04 7.724904973178461096e-04 2.296957183671725531e-04 8.866005534630649583e-04 7.771609084468857976e-04 7.050122832942239950e-04 7.421877014231596272e-04 6.745561436269795425e-04 4.743568199189617147e-04 4.299953038787693890e-04 8.483500434460055761e-04 5.661803431534624632e-04
3.379249236768680584e-03 5.980324585846416054e-03 1.678381747362329632e-02 5.341601142269015653e-03 4.962255706827980312e-03 4.975496152033091236e-03 2.395132900933821807e-03 1.400083416307935274e-03 1.044718205588275823e-03 9.331494361110756171e-04 6.867709097310019687e-04 1.302051120004067697e-03 3.118891641548202521e-04 2.245666587232747295e-04 3.816587555063378264e-04 6.750530430620469867e-04 2.178754852764627770e-03 4.754706944476557113e-04 3.569520625736989964e-04 2.452808656164131391e-04 6.454851509712702115e-04 1.550792455318040271e-03 1.251910653191397197e-03 4.713199471581087712e-04 6.720383443872149452e-04
4.808653178414599473e-03 4.446247724070003134e-03 3.080521109541952893e-03 2.418909695464746025e-03 2.214517512287848041e-03 1.788867823883767173e-03 1.400014609369535290e-03 1.148957133878838934e-03 9.197939284390668595e-04 1.174081441194275554e-03 6.779841866284926815e-04 3.858403304131737964e-04 2.032980395114630345e-04 1.992319291176846351e-04 5.255425976445171447e-04 1.100725217260145491e-04 8.595711509881507207e-05 1.856362560699097522e-04 8.204088124634840865e-04 8.086643517128866334e-04 4.818171222430950393e-04 6.013522181778783093e-04 7.454891445214257553e-04 9.401010925663585939e-04 6.141109276541650321e-04
3.023840102392461558e-03 2.725592426663589214e-03 2.317485321188807092e-03 1.948832193888616702e-03 1.643325067692724423e-03 1.454209910166629708e-03 1.324771875993113962e-03 1.009466866349971676e-03 8.386766844113898714e-04 6.375212492497888284e-04 9.281452248117489810e-04 1.137595039676462345e-03 6.217662067266888776e-04 9.616572187963973260e-04 1.411721882488676486e-04 1.664220550713968515e-04 1.169758764313258941e-04 4.789430458252299074e-04 2.412034046518429862e-04 3.955886292442881797e-04 7.107765251591404440e-04 7.396994894146937966e-04 3.450821108539187370e-04 4.530715820177153128e-04 7.734710025469024352e-04
2.251562377596195118e-03 1.953889072987449738e-03 1.772295968754373716e-03 1.588605497039196138e-03 1.511234012785139455e-03 1.808642502808378979e-03 1.312474843911545569e-03 9.318885147604741206e-04 7.586121350663262673e-04 6.734035080010232358e-04 6.099522042976812880e-04 4.389975877735426721e-04 3.624869469689777596e-04 8.242670552041808001e-04 2.948624086137761804e-04 1.856873123507463358e-03 4.189710111611557371e-04 2.537106574515755842e-04 3.863242668171619075e-04 7.230210324551411289e-04 3.321260381950113063e-04 9.547752121029709754e-04 2.290983276911503618e-03 9.306025598682296767e-04 1.445949819882873157e-03
3.994554309226600909e-03 4.160500613692606417e-03 3.566260060286286730e-03 3.561234023384162589e-03 2.927085737720516462e-03 2.387545352126284326e-03 1.970755861005527975e-03 1.737415852897655679e-03 1.395565881628423131e-03 3.490399354130503066e-03 8.083648366337919770e-04 4.050380993893339826e-04 2.803320851581864908e-04 1.998660870536999559e-04 1.900198902840834181e-04 7.264819982610576236e-05 2.624426133091168744e-03 8.597303015239990843e-04 3.773645048095442510e-04 8.254292818410668975e-04 4.171638023088007933e-04 5.451724033169470232e-04 4.940344049166007579e-04 1.036772772015180340e-03 4.650394155602416988e-04
2.446016314283537205e-03 2.182870703960604168e-03 2.004208373469222940e-03 1.791863879728590632e-03 1.621920861470360327e-03 1.391665954769973632e-03 1.136411695113477994e-03 9.544231464871356062e-04 8.812231096827348887e-04 6.086535854305685127e-04 8.196889761863411289e-04 1.134337050930003940e-03 3.201590333519851094e-04 6.201233321008773822e-04 5.141193327807885502e-04 3.245805249082943118e-03 1.964969642277615428e-04 3.259963237868128460e-04 4.723214354725434891e-04 1.059406255440128184e-03 2.561922728048976797e-04 5.030175004122724091e-04 7.017766697395179517e-04 3.703932200611353867e-04 5.740782819378335410e-04
2.516758771056554125e-03 2.191078310126579748e-03 1.873229847479825159e-03 1.566911537653291071e-03 1.561806616097394240e-03 1.640368190750210019e-03 1.119696829625976744e-03 9.953666813295627795e-04 7.814950430889591564e-04 7.144240295722100939e-04 5.028035186877646313e-04 4.932292402793386115e-04 4.111384845613483144e-04 2.423480410830395628e-04 1.257260487730533268e-04 5.005563290907007450e-04 2.292811533658022246e-04 1.164376731460549635e-03 2.548997711796748065e-04 1.685471790601241176e-03 3.565015052181158854e-04 4.540909897822962009e-04 1.019104321614731435e-03 9.949587648091034152e-04 6.887297647061333891e-04
3.795080780854085973e-03 2.924090707454575239e-03 3.021949775489739601e-03 2.224294134928297625e-03 1.631227127361896704e-03 1.781995649360828540e-03 9.523314853195392763e-04 8.087110509142175470e-04 8.454357338237446749e-04 1.140894335718552937e-03 1.916102839658108273e-03 3.382056141460031010e-04 5.664068942816255156e-04 2.053154526417747244e-04 2.928495761583785762e-04 3.194408510927228728e-04 5.133698718666761425e-04 3.963006109415814337e-04 3.833678177128549110e-04 4.004865811862777747e-05 2.683936797937592784e-04 2.282665027816370971e-04 1.373265512015336195e-03 4.553269762565314367e-04 3.363869824198952594e-04
1.814352211144055994e-03 1.659514931487606404e-03 1.470868336098216708e-03 1.282147781130374550e-03 1.156317438246091348e-03 1.046393253533373828e-03 1.078980733274071020e-03 3.916330895172635655e-03 1.774721005704975926e-03 6.273755901181105217e-03 3.717764418187320848e-03 8.107218446298308442e-04 5.250529365520859113e-04 2.208280672315040356e-04 1.741994413049437228e-04 3.084698384889292396e-04 5.535854164253988224e-04 2.833680709305246253e-04 5.865237691951276583e-04 7.212642983148299762e-04 4.694515855190734542e-04 9.763241310877919738e-04 1.575773041840470364e-04 5.674824052953905771e-04 8.821480975701741873e-04
3.150494628418697499e-03 1.995495157263272624e-03 1.617203175347480676e-03 1.610900839987483612e-03 1.317496509126200432e-03 1.069919608561600757e-03 9.704006741534748582e-04 8.600784964724959413e-04 6.294363707191271990e-04 4.476027166761848298e-04 4.607389296268631518e-04 3.019274622482031592e-04 3.386110400651493870e-04 1.879564409132923413e-04 1.773090824263232870e-04 8.663434530054534575e-04 7.782144765436522496e-04 4.641412485618205404e-04 5.965966398417839583e-04 1.772071725056532617e-04 1.025054432659034103e-03 1.123275569478264209e-03 8.287978321772606271e-04 1.398596597539481651e-03 5.693189183047153365e-04
5.921972566939327255e-03 5.196962341552676182e-03 2.511034841134778244e-03 1.598988001578441343e-03 1.084696233808847944e-03 1.106956422829166514e-03 7.791220904628849437e-04 6.716139113170932354e-04 7.281478503055238607e-04 4.165184292253023266e-04 3.396064989452140842e-04 8.262914604901196083e-04 8.211621061257406377e-04 2.387519578783436382e-04 7.998903193233776769e-04 2.415316947074860519e-04 1.527190052457651659e-04 2.219401297275231365e-04 2.560698364445865988e-04 8.751216803152282774e-04 2.190509415025715010e-04 3.084382312317200951e-04 3.415872728598504581e-04 6.463401642240636236e-04 3.676295162002722649e-04
