1.090066304241344352e-03 9.363012325185385547e-04 8.064610843894910166e-04 7.054267807432982370e-04 6.367864105886097406e-04 6.113636528776828730e-04 5.465919111645313293e-04 4.313314888987297897e-04 3.842114600003388976e-04 3.392555136968738332e-04 3.078948816767056195e-04 2.496544427512422770e-04 1.896305650233927234e-04 1.409129000716202989e-04 1.072958777790228296e-04 7.852463944156855193e-05 6.091743574787841287e-05 4.512953674195470253e-05 3.149418898796079954e-05 1.942395305425743114e-05 1.250963506403953503e-05 8.506465672363067743e-06 6.255440589071420152e-06 3.307178847188639212e-06 2.716928953157204316e-06
2.670578366342896831e-03 2.426834282806177457e-03 1.619965156280541796e-03 1.344779838111260020e-03 1.217786510394023702e-03 1.029115664473896413e-03 8.939138975865899926e-04 7.578354649582701250e-04 6.723220904055546157e-04 5.742183886912059949e-04 4.417525101901900709e-04 3.365224919268316409e-04 2.455285336048202804e-04 1.830059258341801818e-04 1.281850297881226590e-04 7.986729726823327627e-05 3.883262837935139118e-05 2.225164262435774028e-05 1.504199546191631314e-05 1.097446552957083024e-05 7.839949480395666051e-06 6.941098006320306451e-06 5.579692790371352392e-06 5.138711038156247980e-06 5.245101568819278801e-06
6.212912556547491374e-03 3.434032817278807621e-03 2.481661255500841427e-03 1.662759700190161909e-03 1.510799879118538769e-03 1.273141490455179494e-03 1.024915345076548873e-03 8.231651226220158910e-04 6.940702655225005529e-04 5.203917357122386745e-04 5.106607217867215574e-04 3.645111906122873815e-04 2.802912634822647101e-04 1.808798577106659198e-04 1.347363547919012267e-04 9.368497820837947136e-05 7.217470602996161710e-05 5.658915029205441246e-05 4.759344928638105826e-05 3.242524729067996695e-05 1.929142079089423036e-05 1.231554109124803682e-05 9.084159479700739623e-06 9.838073508045544878e-06 1.084981759539732479e-05
2.430136842804353058e-03 1.849065413429913998e-03 1.572772061056480243e-03 1.293709349549040412e-03 9.922220505421729467e-04 7.893459367968475590e-04 6.277014166993342579e-04 5.061336411738395812e-04 3.934619160158917255e-04 3.335600137076778944e-04 2.939608377681831252e-04 2.752411067919885716e-04 2.343852883001632155e-04 1.794784348131448588e-04 1.182072163579547201e-04 8.157935087018993033e-05 5.172941671019875589e-05 2.771146910100420909e-05 2.092956050110561747e-05 1.582377000437855432e-05 9.019796139459887319e-06 6.428320513234143744e-06 5.060714135508768456e-06 3.626412318309436511e-06 3.409721133628951235e-06
3.037864095758169552e-03 2.720505078596168001e-03 1.867207205422859780e-03 1.348135346043668635e-03 1.098590870431992526e-03 9.152098005539939171e-04 7.396637856412377173e-04 6.324381988162154763e-04 5.114402975070326228e-04 4.392400578720175920e-04 2.811467895579948528e-04 1.934172692356272635e-04 1.331898779502677717e-04 9.637323800490489481e-05 7.285871002546611493e-05 5.044632873441106888e-05 4.227279480252434384e-05 2.454556606308415560e-05 1.791441726133215698e-05 1.333579575083249311e-05 9.209021819057094149e-06 5.852952692204868081e-06 3.733292261556797204e-06 3.148510582326138245e-06 3.001285137997832915e-06
1.194542330298285727e-03 1.072043584574545192e-03 8.359617249150513548e-04 7.682552127061687821e-04 6.919674762789506696e-04 6.320765098913811494e-04 5.797120365129066529e-04 5.341860977509656043e-04 5.553661763217992379e-04 4.372128193000810402e-04 3.839935158876860394e-04 3.225972068854490813e-04 2.369583537302461071e-04 1.653458326261125983e-04 1.034395888570011616e-04 6.176881228929357627e-05 4.024183744213483994e-05 2.758897192092928433e-05 1.728917964480057812e-05 1.097608349567585922e-05 7.558658086649763150e-06 6.632373510733495021e-06 7.507151542438333271e-06 5.370446004796650455e-06 8.818988253623821370e-06
1.569770307306764734e-03 1.152937517099296904e-03 9.714269250408267675e-04 8.276710508786400437e-04 7.304588313964539793e-04 6.119365078163021285e-04 5.278065876959166930e-04 4.873059360176458217e-04 4.699756841970203548e-04 4.405767385010592196e-04 4.012188654787513355e-04 3.256674080267268510e-04 2.120284969675580720e-04 1.351357829162540031e-04 8.330522534231882292e-05 4.688231687650706511e-05 3.663035881149008202e-05 3.288571625938038035e-05 2.203882639918304420e-05 1.285972737120031245e-05 8.763766518254685595e-06 5.880298549514697854e-06 4.988675973291367651e-06 4.368974771952454748e-06 2.541478093344236078e-06
3.798973923041047869e-03 2.590634594113546633e-03 1.732850398481616382e-03 1.238742225725413329e-03 9.961852082611718888e-04 8.078725764071870152e-04 7.000785773315204010e-04 6.273038878235245039e-04 5.588779374634790737e-04 4.260567418852206434e-04 2.934732730658534986e-04 2.126512354274488650e-04 1.602210117044280317e-04 1.157989625690362967e-04 8.270228251517439003e-05 5.416732579361139307e-05 3.782298001186318315e-05 2.769216661615596649e-05 2.305603787662607822e-05 1.378078789730653602e-05 6.953291068568324576e-06 4.590347557755097207e-06 3.376113292006365133e-06 2.974455928358183836e-06 2.867778458765822697e-06
3.820472520098200288e-03 3.262030333274597120e-03 2.942389509455411566e-03 2.634889304337928624e-03 2.204832567560950814e-03 1.829020432313755102e-03 1.489262214082843995e-03 1.134683199694371111e-03 7.899853591303998904e-04 5.474746520106716328e-04 3.855317761550458252e-04 2.884163336139560657e-04 2.164561054394431355e-04 1.024850504150848321e-04 5.186314888161556725e-05 2.950672046405414703e-05 1.757167165503128011e-05 1.137835225619235674e-05 9.321565807232251339e-06 8.713909823886466851e-06 6.648207742719070476e-06 5.724680369069454851e-06 4.080358801180195972e-06 3.482918798102018279e-06 2.308712626061230611e-06
2.221456774968526976e-03 1.511603798499659874e-03 1.243168955193389019e-03 1.047826292735757909e-03 9.530113290249876213e-04 9.446664432324447091e-04 8.316458210258459395e-04 8.938212109494113062e-04 6.906414304055537301e-04 4.709964351626173135e-04 3.548792401463512656e-04 2.880015356955227947e-04 2.101714591288164993e-04 1.560269516207812260e-04 1.034858729266494379e-04 6.270588811039405402e-05 4.002334784948554340e-05 2.432747763150964985e-05 1.507149743446003571e-05 1.234593984516487522e-05 1.156361464636881646e-05 1.306905013611317155e-05 9.307970282344894933e-06 6.665394963431026481e-06 5.263531359752914481e-06
2.018500871437862304e-03 1.645055227874079500e-03 1.559147913732244258e-03 1.336372011507703812e-03 1.291946619979542294e-03 1.052507457198233101e-03 8.201981357000846969e-04 6.398003627853391436e-04 5.020064599680135924e-04 4.150502985796809233e-04 3.465085985606746410e-04 2.504057714345908885e-04 1.558350744980226609e-04 1.075466707608529516e-04 7.388777241695916229e-05 4.315013515587110579e-05 2.449188543288804688e-05 1.487293435595239341e-05 9.593313789750350972e-06 8.869465396248404058e-06 7.849142218020343606e-06 7.467183852365070912e-06 3.895172438352730527e-06 2.968807989151470168e-06 2.441048590371207403e-06
3.284330010753337692e-03 2.538363103163631795e-03 1.832352100309894488e-03 1.463753801952098190e-03 1.243096295152141184e-03 1.086285758265666821e-03 9.835493904574916547e-04 9.307946801941985792e-04 8.163871930949992070e-04 6.126172663516234618e-04 4.312936655822267222e-04 2.733622638965532941e-04 1.686659867283850334e-04 1.034433797731657879e-04 5.663352281781666600e-05 3.406737865806190076e-05 2.322771312911753859e-05 1.834599985966572957e-05 1.652865299189435337e-05 1.125803823476788876e-05 7.598000841711397471e-06 6.042251471628226953e-06 5.538743914777403306e-06 7.484439981665507805e-06 4.792375069600732855e-06
1.030511425767233332e-03 9.102458153458344242e-04 8.393637932782396262e-04 9.804998173300353767e-04 1.042209386441880119e-03 1.062160337674741394e-03 1.106412220450396413e-03 8.192920991226388099e-04 6.574309666228044489e-04 5.578526093640234990e-04 3.887834150442682894e-04 2.502544986861704760e-04 1.627569081700159267e-04 1.079400192546501881e-04 6.987043545965607974e-05 4.516609903196764519e-05 2.554773146472825605e-05 1.440456110481721956e-05 8.631213789429965347e-06 5.482925297451156240e-06 3.725855582837027583e-06 3.284966266924685666e-06 2.576517457671093542e-06 3.013147267666129623e-06 2.317412638594254530e-06
2.170499888613124269e-03 2.049257201068191252e-03 1.877224064633530119e-03 1.501061614258299322e-03 1.264502212507524846e-03 9.807166700399312740e-04 7.694111768367501141e-04 6.270131862642633943e-04 5.351364313102445393e-04 4.797838882890578262e-04 3.691102353474869633e-04 2.630956926970606010e-04 1.570888216814704476e-04 1.012947562710448892e-04 7.186503541935357060e-05 4.720332251873305595e-05 3.036536732743700336e-05 1.815157010873366561e-05 1.190321886284096463e-05 7.589049063283790224e-06 5.379707394711558351e-06 3.897291113274794634e-06 3.737695499123372568e-06 2.948356562983566811e-06 2.480316700115116236e-06
1.983308317924285455e-03 1.644410695789142243e-03 1.588705514409020523e-03 1.333573537359230253e-03 1.143683540475457948e-03 9.374536650608096848e-04 8.323354664493156068e-04 7.343056381287580434e-04 6.518542001386707155e-04 5.301255136787795226e-04 3.477862081483608456e-04 2.515062726678178226e-04 1.621248071579807612e-04 1.150717681039886264e-04 8.191192886886571696e-05 5.319091652245997413e-05 4.096838653202113735e-05 2.626969066253124089e-05 1.678255638922508729e-05 1.337370685596899928e-05 1.121046069676134477e-05 8.331196245710767998e-06 6.579371385723886130e-06 4.562919186489549366e-06 3.638154997752845290e-06
2.432911600976564361e-03 1.935614669966299450e-03 1.948559343038587651e-03 1.782192185233525935e-03 1.451137976041624172e-03 1.407232218765146203e-03 1.020177923863293742e-03 7.508237312647507563e-04 5.930096639662902876e-04 4.156609419208393279e-04 2.848110777582930713e-04 2.211631196332579136e-04 1.523064562719628678e-04 9.734188451826017853e-05 7.016671380344143591e-05 4.404601183071843695e-05 2.730886681960381038e-05 1.982424996627932273e-05 1.408904752779651786e-05 1.198425646596869030e-05 9.933288127041241253e-06 7.777223186460896764e-06 5.880959173317889055e-06 3.782009994479767932e-06 3.339813597115381417e-06
1.378269614460677327e-03 1.244517086412034752e-03 1.237129309941913937e-03 1.086755403765318935e-03 1.022200260515456665e-03 9.588229455931292049e-04 7.144711786810759545e-04 5.938345540708975679e-04 5.407574215165793447e-04 4.446855349366412094e-04 3.671570894086266697e-04 2.811039900455717788e-04 2.383489734350972746e-04 1.766435973682609864e-04 1.221496613708200607e-04 9.015339382404138717e-05 7.445561285040387949e-05 5.017934699576416210e-05 3.224815359643653416e-05 2.132246892047856462e-05 1.720655735643773692e-05 1.504380583042676319e-05 1.000953230690248875e-05 6.496630473720363070e-06 5.183498466050700588e-06
5.991694134276019223e-04 4.279057785665500604e-04 4.246921325221784038e-04 3.112219521510638113e-04 3.036843335214771747e-04 2.720970292769876340e-04 2.277429763882193154e-04 2.050312650701092228e-04 1.889725605781576300e-04 2.053158748370744954e-04 2.112134363494187544e-04 2.455073652168053176e-04 2.368366831938086892e-04 1.558858759127569062e-04 1.014999391260815864e-04 6.897198550538239292e-05 5.412600781578226532e-05 4.298650777048504667e-05 2.590402209447458025e-05 2.130063279752188082e-05 1.745452859483267880e-05 1.593727750914917808e-05 1.409118599021053181e-05 1.084440200231596547e-05 8.102965736637878888e-06
1.289698429612997450e-03 1.014897696411239288e-03 9.884663497267086579e-04 7.887165694753559388e-04 6.857679750511107026e-04 6.589869410896055180e-04 6.507003723864791160e-04 5.998169075114536579e-04 5.220111905515450968e-04 4.715115319273207456e-04 4.085009656127803362e-04 2.872364770494620660e-04 2.052439187313784090e-04 1.456155728660127454e-04 1.016038360866835659e-04 5.637186375295874432e-05 3.092161115852896079e-05 2.026723551890944995e-05 1.613282541389388203e-05 1.572299339125594913e-05 8.331784954396357054e-06 5.383017099592051726e-06 3.685043490341839921e-06 3.857708948197674819e-06 2.878612117899271662e-06
1.527146636547165731e-03 1.317371725900112929e-03 1.113382119254896756e-03 9.947729236294852815e-04 9.917835394001653631e-04 9.288443330543145549e-04 8.644431043238125049e-04 7.267354123255988490e-04 5.953050962381860062e-04 4.543061326261633851e-04 3.667673591317888084e-04 2.623646166272649389e-04 1.836994660768953168e-04 1.216829645133517463e-04 7.820019479191820820e-05 5.501424781384367676e-05 4.007129633836896036e-05 2.790477503692440149e-05 1.992398082295717375e-05 1.432190722600522429e-05 1.066675007603074882e-05 9.855632384634691821e-06 7.279773067293214833e-06 5.670335100993349846e-06 4.313066878424874868e-06
1.420870329626492193e-03 1.415571287212386052e-03 1.072745099760675797e-03 8.638379215040878833e-04 7.271997558760017518e-04 7.013989375812933061e-04 6.891780358063438186e-04 7.173597081093269125e-04 5.950282946479093114e-04 4.481803050955835170e-04 3.491632116181712735e-04 2.740644640445299854e-04 2.050916819241325778e-04 1.403889247769832878e-04 9.618034282620331566e-05 7.317554965466991333e-05 4.145955109526039276e-05 2.352673169950892989e-05 1.513329562643943946e-05 1.249659786677404456e-05 9.570399458172094471e-06 7.274962402121432762e-06 7.309194021909650341e-06 9.052687079548706235e-06 1.017586573053755447e-05
1.959045104357377744e-03 1.492661716286138203e-03 1.278092702597926440e-03 9.443144415603842027e-04 7.844650516591945323e-04 7.270749049025265797e-04 6.048923791154324015e-04 7.068732508717876515e-04 4.919188452381185800e-04 4.223819430723022104e-04 4.059960695996368656e-04 2.517660520508834617e-04 1.542082329236909395e-04 9.537079592352877533e-05 5.456158212025125526e-05 3.442487693693308459e-05 2.259029328908047666e-05 1.514991941245473398e-05 1.141421126367071945e-05 9.802519173596271963e-06 9.617141064635077025e-06 4.794743424210192912e-06 4.342139673823204773e-06 3.562415636606074889e-06 2.648636860032157418e-06
1.693499135360972650e-03 1.237791950657604091e-03 9.738167190139675753e-04 1.007886351367538518e-03 9.858098084718749845e-04 9.021403911923863784e-04 9.228089318393157842e-04 7.917394402671792302e-04 7.009210181887240388e-04 4.779672183397127238e-04 3.372485440818084228e-04 2.508891405565813644e-04 1.698610917925893636e-04 1.070510544244747083e-04 5.716971832058778620e-05 3.172151805488146052e-05 2.012136948269362957e-05 1.466709330131583136e-05 1.284266135256524147e-05 1.159653138404196305e-05 8.169223331906569726e-06 5.537399525496869941e-06 5.319264007557146539e-06 5.238607163275863339e-06 3.632236777307199825e-06
1.512623127917217883e-03 1.390698768890765618e-03 1.202528453936325828e-03 1.038821819080833642e-03 8.593343211507237537e-04 6.464528789123803179e-04 5.267152826112668279e-04 4.272423054915723464e-04 3.783477841015666222e-04 2.942833078653306149e-04 2.338746021838462624e-04 1.745423165809191913e-04 1.641797610583299106e-04 1.143512178112956416e-04 7.465419788850824012e-05 5.186105090681521174e-05 3.579707428343367563e-05 2.496952315112624453e-05 1.954582563334194406e-05 1.861596427210465276e-05 1.275643745368314539e-05 9.874134139346920451e-06 8.361293542163564994e-06 5.155966398130890024e-06 3.829853610322465892e-06
7.806956574832620401e-04 7.309171979810037516e-04 5.502885236700495036e-04 5.445227480241423852e-04 4.778664212705819171e-04 4.385004921343990214e-04 3.643994636224421463e-04 3.267065112925109462e-04 2.626949378241490163e-04 2.289201344288095252e-04 2.079286292552535271e-04 1.694890657907217641e-04 1.191882971598506522e-04 7.898706842667993890e-05 5.770190825449804124e-05 4.152526092602453373e-05 3.256756279271041271e-05 2.660253052820288856e-05 2.134706993077245012e-05 1.701549985122444633e-05 1.682731445428255573e-05 1.290854192393988034e-05 8.022283089736884150e-06 7.782513357459485396e-06 7.952818213736752019e-06
1.777755552342926175e-03 1.495636602459145346e-03 1.370182239293329246e-03 1.220949182975856941e-03 1.126154138475002169e-03 9.336510751544793967e-04 7.969454034945340840e-04 7.291059458476318450e-04 5.929801542834547230e-04 4.847129782186559164e-04 3.490693863697877006e-04 2.422064706956574638e-04 1.740250822343818627e-04 1.235922317889327521e-04 9.289494301997205591e-05 5.173554355482826167e-05 2.634743731272503074e-05 1.792541428229721059e-05 1.327680706028746379e-05 9.864244261834570422e-06 8.980098827599809319e-06 6.692264377575817360e-06 7.165010094879842336e-06 1.367515838098282182e-05 1.013715284490272594e-05
1.043216489568504464e-03 1.014903353196047004e-03 8.962326462268957331e-04 7.881156705401514383e-04 6.425474720439251471e-04 5.829228304228014192e-04 5.604240201198866728e-04 5.296187710274556778e-04 3.907502216001500521e-04 3.507921689536631785e-04 2.887478189573965321e-04 2.311229562079777889e-04 1.728222434163692481e-04 1.263481021305876552e-04 9.043226055835567093e-05 5.313875343038480456e-05 2.991887361004267495e-05 1.653612610733746883e-05 9.097670565167200070e-06 6.924928088434448920e-06 5.479119917122906936e-06 4.326179369501536035e-06 3.968359283117936407e-06 2.990994231733295235e-06 2.729269496570848701e-06
6.593935199574719151e-04 5.713405204331145062e-04 5.621160202987714356e-04 4.968830303628547470e-04 4.588218473640372176e-04 4.004526757849380262e-04 3.874147567211067705e-04 3.520272260312374917e-04 2.640546568539156634e-04 2.105021926397144811e-04 1.899212134817408705e-04 1.664955794233616239e-04 1.365342832116929256e-04 1.094799536187061228e-04 9.108726328372803436e-05 7.052251592323413403e-05 5.594495724395668614e-05 4.806531711069576981e-05 3.358098024040869373e-05 1.946242808191235688e-05 1.188286699181982751e-05 9.774103710895768951e-06 6.255045476101686773e-06 5.189104509439403585e-06 5.910133753570831919e-06
2.339362122366650878e-03 1.680114441559804475e-03 1.317101311128487115e-03 1.084717188634935596e-03 8.508609564420084332e-04 7.465254470832395151e-04 6.605128069691096251e-04 6.224657804240397345e-04 5.095439774761144781e-04 3.792040446220788287e-04 2.750602192842562118e-04 2.196545164514751266e-04 1.772099531947472577e-04 1.307176511644744213e-04 8.831951727403451161e-05 6.220180909778555184e-05 3.819657926780417286e-05 2.230640557392854991e-05 1.348203011913747550e-05 9.558979188756876218e-06 6.668984578172477695e-06 6.404473415114583296e-06 7.198120313614630031e-06 5.035506829418385574e-06 3.132395362002482417e-06
1.844325839297924303e-03 1.607666326595472020e-03 1.355388159419735131e-03 1.180358379604928495e-03 1.205005381469374196e-03 9.858124115229508887e-04 7.892549810209311323e-04 6.510397618676045522e-04 5.831964760095152429e-04 5.368411978119671428e-04 4.718307494452611268e-04 3.043817042539449270e-04 1.950941288842953931e-04 1.047165209742216129e-04 5.487835117587808268e-05 2.964789792494357609e-05 1.866610162640886414e-05 1.382154637803849599e-05 1.043726168892090263e-05 6.825377926019846495e-06 5.419353063494578976e-06 5.240933017192342440e-06 4.239342597637422415e-06 3.410122091574998530e-06 3.051930918410970732e-06
1.207276340820569432e-03 1.388763181586760926e-03 1.269984269177841735e-03 1.170681542173737134e-03 9.584904393944716468e-04 8.064911521059994542e-04 6.915225535148647722e-04 6.451917577820051510e-04 6.230344666174240193e-04 6.371009181980873690e-04 4.935320701014988013e-04 3.209360996880583909e-04 2.313457933122079597e-04 1.325466177082823527e-04 8.649915107168139588e-05 5.079180321125759156e-05 2.824050211325039946e-05 1.347801653150103386e-05 8.024598060979784564e-06 7.001395217580099316e-06 5.530283790534881060e-06 6.191351953459058201e-06 4.672937644438195075e-06 4.584925556466541394e-06 4.018549462115602847e-06
6.898441298686787924e-03 3.973322606537473510e-03 2.337097031620329404e-03 2.038923743832013989e-03 1.427069352658213823e-03 1.145390085441144214e-03 1.123102919991026240e-03 9.537372136471060488e-04 7.313521651196368224e-04 6.213428893845835462e-04 4.901224996258750225e-04 3.349522727206932110e-04 2.035840181278802540e-04 1.179208238992446821e-04 6.337277723446808583e-05 5.000759898718139235e-05 3.349915078078533759e-05 2.713990088095705129e-05 2.801365880004503211e-05 1.257024840980502615e-05 8.230620244372657840e-06 6.384854278256040281e-06 5.774825961988516893e-06 5.289329624393138704e-06 5.968120577349429973e-06
2.022322728462378101e-03 1.432756504261022785e-03 1.245931413283949633e-03 1.073669101131470788e-03 7.683432461553084836e-04 1.042850196771869962e-03 8.320275999144300305e-04 8.068491564348327519e-04 6.857713843008437019e-04 5.651776714901919412e-04 4.364691629866795301e-04 3.296536967726464260e-04 2.323562435951086799e-04 1.730531878550011112e-04 1.118564130772227173e-04 7.003497124451982811e-05 3.262341010229176185e-05 1.640037525405953111e-05 1.116143475490681405e-05 8.723123409179610021e-06 7.732378295232724427e-06 6.480425942139635192e-06 5.970711425412454761e-06 5.028719527893845942e-06 4.864830421808571423e-06
8.877357476269681028e-04 8.584544163063264656e-04 9.140814117323693005e-04 9.205280217812480221e-04 7.299638281615068508e-04 5.558924077334120254e-04 4.610015871440749499e-04 4.245712552410094241e-04 4.166986865596633018e-04 3.910508556363161310e-04 3.377937720168053791e-04 2.179029678886499667e-04 1.475516997338773646e-04 8.703961233480943585e-05 6.025726708928071459e-05 4.248187861550287143e-05 3.142182528493893542e-05 1.928428462684934883e-05 1.387307571669697831e-05 1.086231227561169746e-05 8.020590955516385411e-06 7.514036853170526509e-06 5.989728567296824470e-06 5.529250748670971435e-06 5.172465888228588735e-06
1.414533957282405842e-03 1.181159529511902843e-03 1.006880537662518602e-03 1.021936126464184158e-03 9.209045553619073449e-04 8.724323056241756235e-04 7.690732936725888516e-04 6.209406402444995077e-04 5.171456710890678845e-04 4.494694734829404389e-04 3.509343117772627100e-04 2.820513262973946083e-04 1.972935053964158488e-04 1.404282403730409750e-04 8.553189540372645660e-05 6.191763438520641813e-05 4.693874461550910047e-05 2.985219120800101613e-05 2.004014268548449896e-05 1.331670557636501849e-05 1.380759667798647433e-05 1.370410027626454062e-05 8.023843793902270597e-06 5.000613664316841613e-06 4.210443181442358086e-06
1.314382902291826114e-03 1.184667789012017105e-03 1.089830527577799989e-03 1.087482266041456301e-03 9.164430300814195270e-04 7.414459675226126728e-04 7.012892499566253986e-04 6.607213244821528086e-04 6.066925688503934776e-04 4.636169109267358713e-04 3.232394354869339622e-04 2.421654114179569634e-04 1.814120262920711853e-04 1.376803780482320657e-04 8.570332430725836458e-05 5.056610869426463153e-05 2.843189503209922592e-05 1.717871735971744233e-05 1.165864156626748101e-05 8.928502727600954190e-06 6.963162004025489246e-06 6.601995722510020564e-06 4.976791444256862981e-06 4.875410189315005998e-06 4.021787639095490181e-06
3.904856979270552621e-03 2.342744827276898797e-03 2.115105073824754406e-03 2.068862938200630337e-03 1.935236983032203933e-03 1.341642106314705615e-03 1.125172005506794694e-03 9.908884376775507676e-04 7.355381404826932855e-04 5.750795186752692256e-04 4.395951307975526747e-04 3.447726266921523537e-04 2.439006175389092158e-04 1.582480830113931899e-04 1.009595525836320165e-04 6.293194281764616360e-05 3.909394739726534078e-05 2.513052003910378160e-05 1.808305595446594078e-05 1.741530829017314978e-05 1.679870883891064752e-05 1.030651261557144150e-05 8.165145717506018015e-06 5.911499267568686118e-06 4.064017627352076086e-06
3.662954786205262735e-03 2.910823875490764403e-03 2.612238666506682544e-03 3.144741654728270240e-03 1.840694415583012805e-03 1.346338941930184767e-03 1.030462941104195009e-03 8.090478542412498069e-04 6.293114760626705327e-04 4.211261135508545029e-04 2.927305846773879368e-04 2.316268938213678801e-04 1.693390275979807984e-04 1.084967979403143271e-04 6.174662708574146222e-05 3.615386061078845514e-05 2.318214894072510214e-05 1.320026594486129590e-05 9.311998662492804160e-06 6.273246549860208237e-06 4.680589195939845316e-06 4.545432866972936063e-06 4.141927089075147500e-06 5.151818629972392216e-06 3.945114579046188052e-06
1.479345143996454916e-03 1.539816779799081051e-03 1.391299115362123638e-03 1.294442142212483141e-03 1.355473217635456799e-03 1.279837494954922132e-03 1.114113019586595059e-03 7.678737548151293169e-04 6.783688511297896340e-04 4.972131878276755436e-04 3.337128598097110111e-04 2.144177425154890392e-04 1.517840284507551750e-04 1.045990513842857619e-04 7.972999888036174743e-05 6.548291771750606755e-05 5.250235087686562101e-05 4.692860424545843283e-05 3.520192065043189128e-05 2.186411999462197197e-05 1.420637939837125122e-05 1.161333876766835724e-05 1.133519395102288438e-05 8.065332016263820038e-06 4.427000571302205880e-06
2.799414667655342973e-03 2.471865855666869564e-03 2.071162709628839287e-03 1.958625978868398527e-03 1.811832688437472376e-03 1.676938291662970464e-03 1.378541064626315855e-03 9.330123113341929003e-04 6.935925669888826387e-04 4.881419450487978857e-04 3.692688981063477162e-04 2.280544364100602116e-04 1.817961766628162039e-04 1.396796213110492965e-04 7.544820698732186790e-05 3.912697694747734739e-05 2.391267209750717589e-05 1.959840795367920416e-05 1.253764180526377957e-05 9.727743222197380205e-06 8.680599834886547440e-06 6.068542394712165660e-06 4.984788588429714859e-06 4.411206083139460107e-06 5.543318626805111118e-06
1.646826067940267450e-03 1.243261393118338075e-03 9.773862624839772719e-04 7.051384958599588981e-04 6.118538033104359503e-04 5.383172226533569768e-04 5.600252138565823103e-04 5.654993471109330018e-04 4.817097042452890164e-04 4.484716850103306137e-04 4.420707283258284949e-04 3.324807994782812809e-04 2.191137017578317231e-04 1.579424066530835482e-04 9.180816037020905502e-05 5.152931050401342522e-05 2.795046961279852991e-05 1.995243244213288540e-05 2.259436538252196884e-05 1.327176488180485633e-05 8.838419608058662884e-06 5.719364929518091066e-06 4.570491506272030570e-06 4.273679532807659600e-06 4.588881248653524004e-06
1.334913155082349812e-03 1.305806730202089833e-03 1.219934942214895290e-03 1.045225067887704676e-03 9.179860647655741727e-04 8.010175051781227547e-04 7.193026434261303066e-04 6.342438247671208567e-04 6.048028319470042215e-04 5.000427241303077126e-04 3.738656539085605181e-04 2.443494297673188881e-04 1.852558341986891306e-04 1.271911057780242748e-04 7.376210685627300554e-05 4.297670098767175472e-05 3.385709566489085605e-05 2.466065805495823625e-05 1.948012483331726364e-05 1.341897440367333294e-05 1.578244787744131667e-05 8.470611044513878465e-06 6.954386011820358226e-06 5.285889968267230957e-06 8.376196407505382782e-06
2.424651328329406087e-03 1.728269365076337809e-03 1.291646202851398032e-03 1.054733850193620339e-03 8.914621491991673273e-04 8.604378551411581092e-04 8.068712712265211891e-04 7.220318322482847592e-04 6.240352877790792101e-04 5.357993783901808396e-04 3.711701571585724908e-04 2.544997724864176509e-04 1.780605078771469265e-04 1.169335226212176511e-04 6.612566967905440590e-05 3.723928493537628537e-05 2.041446612456353980e-05 1.157342634724836952e-05 6.471632004805265387e-06 4.503318286439879658e-06 3.585813278431670574e-06 3.158811943979206464e-06 2.577221371927185758e-06 2.489549453852769242e-06 1.753097257557295266e-06
2.805747657291823762e-03 2.252064168539904491e-03 1.829049760067061282e-03 1.491506430311590695e-03 1.207725831471226493e-03 9.980731992711064891e-04 7.211731207027180859e-04 5.530875537095798810e-04 4.924524890207555242e-04 4.023801055650000260e-04 3.243165121537699177e-04 2.759820490383878538e-04 2.080249404495687106e-04 1.516645019940191105e-04 9.932469158383620540e-05 6.313873807116247329e-05 3.642847047161497853e-05 2.070707555127884945e-05 1.639270194098867340e-05 1.190776437655448989e-05 9.602378626104648307e-06 6.084607437069185573e-06 7.337414150811359435e-06 5.649312920515833455e-06 4.092500391722854987e-06
2.470154142423714328e-03 1.772695430094117786e-03 1.593910411342384665e-03 1.245222738407930976e-03 1.048564153706307541e-03 8.706328326649800248e-04 7.425080760612991996e-04 7.180266930642999331e-04 6.406357396335617214e-04 4.935009306172189348e-04 3.535067644669576863e-04 2.411207196365498903e-04 1.410638472384028082e-04 8.885578368617978197e-05 5.707272486375759136e-05 3.203740215933635507e-05 2.059058881963436843e-05 1.597579436172418753e-05 1.295244377340803455e-05 8.650890989380628519e-06 5.492149323615367518e-06 4.027131293086751276e-06 3.933292296843140092e-06 3.439073195464757336e-06 2.858096653398608026e-06
3.639672363235191103e-03 3.224878846441776511e-03 2.049184401888795581e-03 2.027511932997693497e-03 1.728534328618565406e-03 1.418796557517120957e-03 1.068241339680986186e-03 9.990640101935806001e-04 7.495986625744807154e-04 5.535155027816177466e-04 4.066106556883003790e-04 3.100497221780394415e-04 1.882041893898941237e-04 1.036384677455998610e-04 5.966364936848557975e-05 3.265989118660096274e-05 1.660156960794588590e-05 1.438538023681752003e-05 1.207922114030318648e-05 9.154542095863973711e-06 6.652746383274598837e-06 5.502680920075976406e-06 4.769015917200647312e-06 4.345260070733046800e-06 4.550234187517860376e-06
3.117122985811957622e-03 2.173254984045182043e-03 1.461270155500896638e-03 1.155935562288287408e-03 1.168724239572117678e-03 1.160353806086309716e-03 1.001056505059976648e-03 1.021241154978646875e-03 8.243388237381053764e-04 6.286533417769836268e-04 5.067979369018817256e-04 2.668444441473610015e-04 1.340455527546362876e-04 8.229838105589699102e-05 5.182529981358293574e-05 3.170134646582525439e-05 1.936688864662263414e-05 1.355853180897679760e-05 1.306050067415287870e-05 9.219979994619931433e-06 9.722824431748544727e-06 6.751012357885884727e-06 3.992049432556614804e-06 2.655777522208955868e-06 2.021570535348167597e-06
1.733872134916865674e-03 1.305802562983074009e-03 1.236776444814510507e-03 1.161921202813504710e-03 1.202918236304116118e-03 1.094103037325720989e-03 8.455652249636581071e-04 6.846093359016352598e-04 5.806541507714618310e-04 4.684521845649861852e-04 3.615532477613983380e-04 2.837778823468823297e-04 2.136093223904714363e-04 1.526117036048924545e-04 8.513287730824049685e-05 4.496156035450931321e-05 2.398775118686729299e-05 1.590040238061119187e-05 1.891902389281985113e-05 2.404108895721360705e-05 1.251357516427316309e-05 9.408016270441556061e-06 5.155976907139409381e-06 3.512843072090823136e-06 3.733969910224055529e-06
1.600072059314617797e-03 1.317443010953227430e-03 1.276412811891647001e-03 1.118144951298464434e-03 1.115577165440987707e-03 9.420159388879317417e-04 8.104193226759044905e-04 6.463605190700841274e-04 5.569470131991315857e-04 3.555172392576669738e-04 2.292849286359713518e-04 1.676007396424755030e-04 1.339491789265905724e-04 1.040862332520515500e-04 6.802848819641708249e-05 5.658580903437183214e-05 4.049019585629369436e-05 2.532121791858781451e-05 1.906726901771032195e-05 2.004234229413081646e-05 1.538391978813390701e-05 9.411206536727431668e-06 5.578039170436364480e-06 5.686190817953810678e-06 5.097256731371759529e-06
1.148286893881388711e-03 1.132854750868460053e-03 1.045581847560347281e-03 8.034027391555492031e-04 6.205344400312021820e-04 4.868396512339777469e-04 4.232893966826637463e-04 3.837588371441253907e-04 3.657076785926733731e-04 3.316153459162394482e-04 2.714611865862315678e-04 2.127759442570645288e-04 1.764166778596008476e-04 1.219363573814465860e-04 7.610258790942948351e-05 3.940814212448533676e-05 2.430641578519515035e-05 1.642658012057148919e-05 1.744561631617053292e-05 1.542405836650068563e-05 9.161088674384518699e-06 7.076757576438863866e-06 6.229130812534270864e-06 6.529654755019425660e-06 5.145829561319532920e-06
1.239723827683982633e-03 1.100754817178104710e-03 9.132215524689809129e-04 7.155101238122454346e-04 6.024948826134202519e-04 4.977775825166972333e-04 4.282320851385228752e-04 3.659485974172373168e-04 3.135078190597947925e-04 2.717950348352770468e-04 2.289451843881994359e-04 1.939188757146661287e-04 1.919181268193494432e-04 1.146072061771004938e-04 9.057125974207666703e-05 5.635449622609405902e-05 2.998889816775457501e-05 2.043146713648080149e-05 1.406379255981365533e-05 1.036669541792092979e-05 8.758240771205740959e-06 6.518954764702045035e-06 4.524380539431917414e-06 3.890127950936158802e-06 3.942845742320896617e-06
2.671131211238771033e-03 2.318598611172887312e-03 1.789664849796789850e-03 1.576286943419399336e-03 1.778153581625994744e-03 1.498907071546408398e-03 1.195737231584268140e-03 1.035681517541588680e-03 7.655171112551483869e-04 5.256524313880335184e-04 4.080131839400137584e-04 2.911310779971395374e-04 2.003819119405828811e-04 1.386310015883399549e-04 8.147817628977862756e-05 4.155636868655606362e-05 2.290502197645941137e-05 1.549245582962053980e-05 9.817977056851254190e-06 6.087389829951692125e-06 4.298119177649078789e-06 3.466144279096483350e-06 3.096683691646221508e-06 2.445171170356206716e-06 2.173612901389451278e-06
1.965829225213511135e-03 1.847577384940462088e-03 1.730998510226314192e-03 1.263509915681016371e-03 9.688264897332578502e-04 6.745772845344988160e-04 6.076567733149627762e-04 4.912993593558320380e-04 4.235154557070572811e-04 3.661899653200689970e-04 2.861353912900215673e-04 2.209432689407375477e-04 1.818460167617334876e-04 1.578201259354044964e-04 1.353070051625387558e-04 8.429166929756455129e-05 4.771349870354267694e-05 2.721715805355497201e-05 1.759765927998284142e-05 1.386472032144482520e-05 1.394531031371531567e-05 1.065448844520728815e-05 7.128320892900502730e-06 5.111400910197799990e-06 3.370819194021598432e-06
2.258725762369583751e-03 2.024850368045964279e-03 1.589479943590878805e-03 1.292141866520735713e-03 1.128790295283177642e-03 9.702384796754767509e-04 7.863635515312849362e-04 5.797521030754987674e-04 4.779735533726125704e-04 3.861776949368428522e-04 3.184611386038463626e-04 2.593617272794177865e-04 2.151566536900226148e-04 1.616858350669298113e-04 9.827370288150638806e-05 6.045747187148006209e-05 3.482279702980406027e-05 2.078526722423338423e-05 1.359855852027649358e-05 1.254865015055004248e-05 1.377707087965350256e-05 8.073056288410983440e-06 5.746905751792327523e-06 4.200648326209112351e-06 3.528345570949254667e-06
1.571407312538509538e-03 1.482986207966771348e-03 1.253605898662945575e-03 1.033367788935610947e-03 8.841537974118794099e-04 7.168698871339145842e-04 5.770790924076894465e-04 4.986144095075753990e-04 4.452161008965714400e-04 3.464631355415129970e-04 2.734757332392719455e-04 2.254528814174704869e-04 1.756171648220426610e-04 1.308605570911244560e-04 8.808120969522765251e-05 6.228576682878641374e-05 4.289159068249569993e-05 2.845356930514274509e-05 1.983119551996052299e-05 1.522054017242729237e-05 1.588854675961351730e-05 1.584437929339863618e-05 8.692597902403213745e-06 8.059949317605645257e-06 7.012540315918229465e-06
2.582844190914409654e-03 1.607225045233924782e-03 1.281192321207846136e-03 1.267877557038676406e-03 9.245681915358417271e-04 9.136983170221546274e-04 6.323651839500354010e-04 4.854706010692760561e-04 4.259239172052525389e-04 3.685834201653131505e-04 3.301744255967292187e-04 2.661478339846332498e-04 2.210263219752638141e-04 1.511605448844653568e-04 1.089974535393001780e-04 6.860732167323251366e-05 3.925658023069282976e-05 2.255488274697103489e-05 1.444308919219444447e-05 8.654784249041051088e-06 6.695685395388844631e-06 5.327464587734643319e-06 4.807517204327033777e-06 4.582165225105957362e-06 5.121627591448160096e-06
1.787211499126519984e-03 1.806316233758488128e-03 1.468260749396427603e-03 1.148824317259443655e-03 9.390341350637742331e-04 7.391957692247994169e-04 6.036433008188243389e-04 4.745081677793612637e-04 3.862661344931776265e-04 3.311137026849971703e-04 2.747422374415316800e-04 2.351028295608714117e-04 1.628025747825122803e-04 1.005227614604185744e-04 5.818647629983433238e-05 3.459916035981283627e-05 2.108277404711388989e-05 1.967682338683456731e-05 1.618738129808592889e-05 9.750809550761274259e-06 7.292006829844613733e-06 5.805039820674544358e-06 5.062886972497732669e-06 6.115459620295072180e-06 4.777614938975359692e-06
1.844683959313818010e-03 1.144841731397336316e-03 1.005710503272288147e-03 9.212320591200792936e-04 7.282115855152611512e-04 5.703121508878733871e-04 4.453497224715063886e-04 3.888397658000352372e-04 3.359343139649489007e-04 2.782295743076571579e-04 2.488878814140215129e-04 2.148018035667740807e-04 1.771747934910442143e-04 1.421546431713085513e-04 1.047292691785435157e-04 6.825514851969272231e-05 4.443284709881574566e-05 2.610227468765990148e-05 1.308844168451286990e-05 8.287614657164432157e-06 6.358358284615222743e-06 5.470434630746789784e-06 4.315706172255734468e-06 3.370256247585261170e-06 2.529442027248170877e-06
1.379260225985417003e-03 1.344149053888665226e-03 1.041676932975483172e-03 1.005304968753772997e-03 8.978382684955781793e-04 7.634287873165955139e-04 6.502904178379930291e-04 5.758149273326656397e-04 5.349429247383840139e-04 4.687552143041065315e-04 3.400758984916938733e-04 2.492837018154753009e-04 1.533130983157308827e-04 9.263953134470809226e-05 6.344343882559406263e-05 4.040186706260375107e-05 2.564166945584284640e-05 1.674583964340718373e-05 1.169761426207022146e-05 7.580216790908336950e-06 5.342445716593311966e-06 4.348646699507028267e-06 4.468497733518822721e-06 8.663240863849344518e-06 1.276516235972618900e-05
2.808385916096829520e-03 2.331378957761027007e-03 2.309523155149240201e-03 2.239209322008555055e-03 2.267503688993324773e-03 1.741329225577080029e-03 1.369117407717755381e-03 1.040008197115641119e-03 7.249929145768296748e-04 5.059011845256053061e-04 3.818350989210957266e-04 2.444672525137429366e-04 1.467185137766021817e-04 9.490059552120194794e-05 5.763446772152273060e-05 3.487113599611693404e-05 1.842165012520359578e-05 1.061868262484005524e-05 6.685727586923779332e-06 4.467811017464469953e-06 4.609551825220879864e-06 3.892390585735972780e-06 3.706518949330793920e-06 3.777479735043460108e-06 5.075792041787489069e-06
1.694281099085046113e-03 1.290436771642531830e-03 1.067915617544337725e-03 8.508228935762568185e-04 7.410584408658443248e-04 6.263899443603180087e-04 5.469420275956026921e-04 4.596251478243067417e-04 3.747196372741606624e-04 3.106387612451432727e-04 2.304705698589185514e-04 1.821801114644031852e-04 1.487680181284603716e-04 8.690316859937755999e-05 6.221228619707879230e-05 4.448004720027075185e-05 3.146226936589346647e-05 2.032812406800052504e-05 1.356092566973462393e-05 1.055742777313172863e-05 7.304425550059099645e-06 8.076612488378400405e-06 1.141179431991405272e-05 9.633475248885551098e-06 9.422157588322078420e-06
9.706171742071790717e-04 5.715021983493088651e-04 6.785747061419242698e-04 6.030407151649308560e-04 7.687833469264243168e-04 7.090569297416117250e-04 6.957360294922294809e-04 5.635331190377476087e-04 4.174897026925517701e-04 3.191478889451321711e-04 2.496565558262690810e-04 2.095041911799679936e-04 1.766971711120013237e-04 1.172284045364347288e-04 8.817912737876809365e-05 6.898525285789887601e-05 4.517414848929829542e-05 2.455735562413646769e-05 1.502668045268790201e-05 9.981714923336998518e-06 6.687344458936741814e-06 8.434449610032582233e-06 6.424125124236988927e-06 3.923899635121966263e-06 2.664854591841055668e-06
2.579925576187662526e-03 2.236561648967625056e-03 1.783393269099796787e-03 1.624200726301673441e-03 1.308510799364405106e-03 1.135094076955950413e-03 9.510928624063850817e-04 8.428391133376809952e-04 6.979191281515475034e-04 5.137854455346143028e-04 3.604067607492313693e-04 2.662544999577620957e-04 1.766278957370162183e-04 1.153880317959672539e-04 7.133548246551361981e-05 4.322707825826018776e-05 2.561691712804367195e-05 1.928446947338715111e-05 1.398552323309487115e-05 9.577230436447591106e-06 5.139451260231315696e-06 4.435241468393921547e-06 3.480736624326550955e-06 2.688071822558961066e-06 3.354511408379467489e-06
1.663128053039701149e-03 1.557686113859086188e-03 1.642729111571373125e-03 1.378192140950423731e-03 1.328476000340981893e-03 1.203626748440876073e-03 9.165870868584304531e-04 7.905245506233818734e-04 6.559344742387227803e-04 5.099757653516531156e-04 3.807922132212007010e-04 2.328805909385650152e-04 1.260382658159572193e-04 7.595671643354783855e-05 4.853839028921805337e-05 3.335900514331973374e-05 2.400204819346213496e-05 1.620029846966076446e-05 1.260384526470516108e-05 1.260595227626797262e-05 8.591826387810949084e-06 7.430613610892343793e-06 6.939652416491236753e-06 6.468388478739672056e-06 4.257260218306465192e-06
3.249467406886369456e-03 3.184980086610504808e-03 2.559411915311114814e-03 1.899005037499143598e-03 1.629209142781254654e-03 1.357418199634804774e-03 1.093058105223732339e-03 9.973283828394246750e-04 7.807312355283186397e-04 5.591694593207763861e-04 3.879479766607116459e-04 2.515688455436691263e-04 1.404591488428595647e-04 9.187793005110100853e-05 5.349756786917047582e-05 3.222081561837843866e-05 1.964163040618658663e-05 1.122002651339017988e-05 7.243197513690996071e-06 5.117940950876731881e-06 4.414415859067094822e-06 4.857392099370392789e-06 4.854553125993827327e-06 3.418977835768717513e-06 2.367691671039365189e-06
3.242347957646255722e-03 3.245998770717665842e-03 2.898822655899939513e-03 2.356537712981649543e-03 2.161709268839730365e-03 1.815714963656008679e-03 1.452943801270941467e-03 1.225954529645218111e-03 9.014965656264450986e-04 6.674205889633316128e-04 4.376178309316779104e-04 2.851593143843563286e-04 1.648626727083027127e-04 8.757113412809265792e-05 4.457635834690916801e-05 2.384065799447528390e-05 1.414067046835443501e-05 1.887755106843142549e-05 1.650588943877473596e-05 1.646695075867430212e-05 1.291147771166925439e-05 6.611687968226607704e-06 3.593641237125151842e-06 3.671660253257487489e-06 3.686047664858243903e-06
1.614752798170058156e-03 1.314915034308444374e-03 1.184556326036321225e-03 7.345244492949245781e-04 5.736372552729475252e-04 4.398026183793877228e-04 3.501541096597726721e-04 2.931545327969925117e-04 2.922023345342811143e-04 2.922199466956424264e-04 2.531003783284147923e-04 2.063093576580440837e-04 1.661654989845728100e-04 1.312062760948379410e-04 1.041898080406348929e-04 8.702941962243645828e-05 4.941445225696076802e-05 2.675909307732727101e-05 1.463177179297635666e-05 9.374135472575708484e-06 5.594878297405376355e-06 3.499773716379786582e-06 3.138588070047217887e-06 2.342914469576480372e-06 2.040495141517753803e-06
1.767498779721361855e-03 1.212265468911282763e-03 8.719524338202533234e-04 7.752197863050534635e-04 5.808581176346013474e-04 4.764594654535943817e-04 4.687316720950231988e-04 4.465188488831966693e-04 3.858277055084516718e-04 3.325701635997196774e-04 2.926072807547176096e-04 2.482551944794508954e-04 1.951475926373319025e-04 1.359454976626277962e-04 9.156457832575544159e-05 6.584302531218973534e-05 4.849917514705132630e-05 3.574073349754435306e-05 2.460888697336346189e-05 1.943393955715033120e-05 1.503649259081278609e-05 1.218080379951279653e-05 1.203048440802686919e-05 1.234013231002541386e-05 1.172420646770173395e-05
3.062634657519370824e-03 2.862174123951218094e-03 2.275102845678754655e-03 2.114022875250974251e-03 1.683957819352636769e-03 1.344706062164295179e-03 1.050944470535073198e-03 8.197738651979138416e-04 6.131479120310548208e-04 4.595323231357202934e-04 3.805769484591991288e-04 2.972572958597390416e-04 2.268731233233286214e-04 1.354346120383944708e-04 6.227246388608674566e-05 3.354946286839716863e-05 2.661397186617603448e-05 2.083952951251581302e-05 1.946575309472124891e-05 1.336246501103929448e-05 8.538294552154562114e-06 7.159228665054699805e-06 6.624547945215826980e-06 7.076294198188007260e-06 6.204094298037054187e-06
1.162325982635553298e-03 1.362788674959733047e-03 1.262215559696068913e-03 1.187087545617766327e-03 9.297483878682685256e-04 7.253499903747194326e-04 6.247532743062960206e-04 5.342454297189715932e-04 4.837080838183948359e-04 4.007182427128514932e-04 3.319550716991896515e-04 2.617094430264128076e-04 1.784327439740609480e-04 1.203524092148558375e-04 7.667434157582329499e-05 5.926909262170693284e-05 3.673766462240727080e-05 2.525873793541154891e-05 1.932204923391695722e-05 1.666135809436034907e-05 1.514212692454737142e-05 1.156018017723576428e-05 8.115556352218121063e-06 6.686097770850497722e-06 6.820684351503021806e-06
1.080966357938781741e-03 8.913135885503873767e-04 7.826398758652770198e-04 7.402617249982415418e-04 6.792950083844093850e-04 5.945328079052672552e-04 5.579379092113261225e-04 4.766195962103647816e-04 3.773450401728146867e-04 2.840490969654480176e-04 2.196918095798251563e-04 1.689116507278681518e-04 1.266020681421789571e-04 9.013575751250293706e-05 6.222125058006136578e-05 4.586223649826378501e-05 3.457905123495115930e-05 2.715418658652142187e-05 1.934570998444323447e-05 1.080491812834591660e-05 6.363766610630415030e-06 3.948051421368730606e-06 2.645547617456069386e-06 2.047426994183767145e-06 1.724745283752595150e-06
1.962100582865275618e-03 1.853392814545835009e-03 1.394160348185838425e-03 1.332446601473869993e-03 1.031628402286986637e-03 8.923168801275369174e-04 6.545781256584906182e-04 5.298781214571248593e-04 4.167700859344483687e-04 3.003209918745740900e-04 1.942969603864096650e-04 1.301804765047445743e-04 8.870234307374380350e-05 6.511117079048157744e-05 4.660957883243018216e-05 3.355262086030616627e-05 2.591460725394208357e-05 1.953868364161340354e-05 1.461433897428861813e-05 9.519481198730431938e-06 7.823259825904221623e-06 7.835209340698872870e-06 4.939105979403002659e-06 4.830270677153343014e-06 3.818658407083858765e-06
5.392634134118571600e-03 4.026194324389823463e-03 2.890524929538815496e-03 2.181165355272428764e-03 1.699975806082748130e-03 1.357310733748588174e-03 1.189668347387033481e-03 1.088939057746552037e-03 7.839406209802345787e-04 5.988102842430441082e-04 4.511065254364415899e-04 2.883713756867809950e-04 1.846984302408521809e-04 1.246315268103655605e-04 7.196758661110894204e-05 4.046958918282339432e-05 3.311581444697760297e-05 2.742127905604752340e-05 3.049530838859798536e-05 2.795869639644909827e-05 1.761149920020094282e-05 9.322789067920852888e-06 5.709112753791617611e-06 4.229956341140976003e-06 4.121544651567869234e-06
5.131549179971082314e-03 3.980644397715764164e-03 3.096471220870021437e-03 2.691855604076002703e-03 1.900203723759084614e-03 1.335005263826833212e-03 9.329964179203789230e-04 8.090646097534692511e-04 7.669132368844004764e-04 7.317211696230665249e-04 5.689230731280638673e-04 3.355386153180203029e-04 2.194989604430550207e-04 1.259229682003368440e-04 7.502057621353922759e-05 4.454231918356828311e-05 3.057594344607319554e-05 2.266806837480239231e-05 1.940212147922869276e-05 1.826413593055407799e-05 2.152811245525979660e-05 1.590463341603458121e-05 1.210135898645682770e-05 7.933225303326452965e-06 4.839080126863096164e-06
1.370126147572932112e-03 1.181279866157002815e-03 1.264354122558793061e-03 1.104841312318033701e-03 8.077408668523870057e-04 5.753458733327743721e-04 4.743708219787341014e-04 4.214275403871178003e-04 3.809507239839616654e-04 3.857712367021695057e-04 3.750972872715971525e-04 3.187343675025005327e-04 2.608594118796869906e-04 1.870478959173380387e-04 1.158749276760211064e-04 5.555149613350640652e-05 2.522375923112917743e-05 1.765224307793575672e-05 1.562718264480744199e-05 1.010929493968137224e-05 6.079335472277523887e-06 3.985971126541122881e-06 3.573636712343075608e-06 3.134186260377708635e-06 2.082966038200267015e-06
6.536984618114293497e-04 5.704442267434425189e-04 5.000391364443149134e-04 4.004909753044746967e-04 3.383248157997745037e-04 3.062520182434171068e-04 2.827132258027230112e-04 2.848937210173550175e-04 2.445942918097156020e-04 2.996741511247382026e-04 2.209661837416099380e-04 1.670644542844719905e-04 1.324934481030305862e-04 9.908341149228902761e-05 7.380696575006058784e-05 5.399020361707981770e-05 4.027753779364633396e-05 3.047077887602677276e-05 2.555266222367489894e-05 2.051852597020972039e-05 2.222032499008820314e-05 2.593814765504032265e-05 2.833308708332001125e-05 2.412534901306274723e-05 1.363499820596467741e-05
1.180495085781102862e-03 9.221022513038610235e-04 7.305819470966210764e-04 4.941581806441434910e-04 4.429340875346950124e-04 3.879039380141961996e-04 3.477801956756398699e-04 3.009052246735513764e-04 2.679111448635828436e-04 2.340296619563449546e-04 2.280343915431960646e-04 1.579991012369023006e-04 1.214179363665856209e-04 1.060330444132069779e-04 9.569830741807964429e-05 7.697422651563362768e-05 5.562786361750619054e-05 3.488310036159867499e-05 2.034833348330981000e-05 1.268317435995978131e-05 1.265622761252838238e-05 1.135629339752493140e-05 7.140059408269423997e-06 4.892980440793667097e-06 3.596362477164736615e-06
2.434680444421745329e-03 1.341604462638085324e-03 1.602469584468148387e-03 1.283188898938214008e-03 1.118225597805616025e-03 8.733944241046805125e-04 8.085762826653550761e-04 7.171869491881178353e-04 6.170833160446725701e-04 5.284469824719560194e-04 4.096681210897761948e-04 3.363054647305891483e-04 2.189403317227294323e-04 1.461348170633821426e-04 7.789120615984828375e-05 4.325437830932070827e-05 2.593627908625442574e-05 1.660649715827229337e-05 1.515512373147257553e-05 1.036125212409715276e-05 6.373525764498921798e-06 4.449694681462139075e-06 5.974946319387776082e-06 6.016403117110386907e-06 6.724359910483856553e-06
1.774345229433202994e-03 1.812212197663099107e-03 1.058054322275260627e-03 8.841748259224946165e-04 7.622355386385620260e-04 6.797162322811842183e-04 4.917540442012154501e-04 3.711772438201761670e-04 3.337471518454866119e-04 2.813921068869807036e-04 2.594604372938851705e-04 2.018503381045701119e-04 1.317173736200437026e-04 8.250338670383401316e-05 6.235561695360281108e-05 4.428651427933529976e-05 3.739739551096066711e-05 2.499648343973341792e-05 1.823827042086334193e-05 1.559162742396157805e-05 1.680840832709592998e-05 1.274772968859997044e-05 8.182058153923246546e-06 5.180092177503214294e-06 4.016256535781704230e-06
1.338887290019026999e-03 9.229980783566626990e-04 7.581018824244314426e-04 7.267532574284809969e-04 8.847905297971505852e-04 7.013722512664154630e-04 5.970480044116951643e-04 5.614289322942114411e-04 4.869470318238696012e-04 3.128874015519156619e-04 2.242196059569364589e-04 2.001192795017410193e-04 1.360149050542369339e-04 9.461752271288800754e-05 7.105287693656925580e-05 5.401741071768979266e-05 3.817933723883581006e-05 2.242171135778565905e-05 1.398462609487184499e-05 1.013591582044000568e-05 7.546550110588451110e-06 5.814423159138664819e-06 4.753564935891258303e-06 3.839231125079494630e-06 2.986703683325250536e-06
8.976642104898479397e-04 7.485406159628228608e-04 6.829618405542759721e-04 6.300650728777456872e-04 6.115818837873286239e-04 5.759921422226555246e-04 4.967319702070815968e-04 5.055481797755123803e-04 4.887639392812155462e-04 5.100012535216862271e-04 3.806693927927000420e-04 2.734972058445949913e-04 2.216380114374108816e-04 1.467480009131050256e-04 9.131245406463122727e-05 5.463180682625176372e-05 2.971329572114570641e-05 1.822800958734806866e-05 1.192520035023612523e-05 9.212367088986638512e-06 8.838159522777988596e-06 8.466224234089055314e-06 6.065432467613325248e-06 4.054437425744253345e-06 3.353903673974067420e-06
1.864755828608491992e-03 1.631334020502476796e-03 1.379022397223934448e-03 1.592290326302052981e-03 1.654001528340600649e-03 1.338941160827249481e-03 1.038803656090826668e-03 8.297180099380536489e-04 7.274052590986116850e-04 6.007839738256299687e-04 4.717872574314980897e-04 3.747050722159615344e-04 2.176069909482489034e-04 1.024153417062454536e-04 4.962885648980891240e-05 2.655002623502514025e-05 1.628429043628785877e-05 1.340900922682811624e-05 9.643433050237532709e-06 7.970744502894536721e-06 7.444316373439627911e-06 6.333311375974736997e-06 4.405169597813580565e-06 3.969406805242876186e-06 3.367504532797829519e-06
9.071789859427793713e-04 8.527989606657697961e-04 6.986410945354759724e-04 6.792292486554716993e-04 5.506973083274058732e-04 4.471196869818459753e-04 3.991961066987456956e-04 3.598050243894559920e-04 2.703661701484051509e-04 1.942989458790387518e-04 1.424011559501771231e-04 9.919596908220985215e-05 7.174542051296106638e-05 5.844210089068543467e-05 4.870471212919269153e-05 4.114320634175946354e-05 3.350547252831761357e-05 2.613142546561761636e-05 1.714569391669986390e-05 1.166819624485086564e-05 1.117599334789449382e-05 1.110186127796089661e-05 1.308917177383960782e-05 9.595047533918852009e-06 5.802581158363017762e-06
4.612301112005191654e-03 3.267626050348932092e-03 2.141432974933456853e-03 1.805048938499925629e-03 1.283355007870318459e-03 1.100053782084918670e-03 8.550616320699462461e-04 6.741408250530542441e-04 5.865008277998537281e-04 4.589464467666132946e-04 3.384889888278017197e-04 2.516436102439756481e-04 1.743402354661000833e-04 1.147887645616951091e-04 7.802090922241167680e-05 4.528404480953656980e-05 2.634409982056346716e-05 1.474797054415597599e-05 1.241472964660544399e-05 8.726365077043566560e-06 4.680361326830644351e-06 3.992633052789555560e-06 4.211650001592581762e-06 3.051349578309543923e-06 2.138910199520367717e-06
2.037517720962508851e-03 2.003618292736378086e-03 1.547000533633529707e-03 8.985216493486940627e-04 6.945519419973500896e-04 5.798675081399441537e-04 4.980863892901766067e-04 4.255660876299603062e-04 3.573537005860457521e-04 3.164924336417058006e-04 2.968078132372435033e-04 2.394258229492702043e-04 1.850927388013941493e-04 1.493887410040437968e-04 1.047536289314229645e-04 6.379877739674792876e-05 3.466354707564787518e-05 1.948524216264756057e-05 1.430182637931589426e-05 1.026271159219612511e-05 8.767433018614459122e-06 6.448254048330134393e-06 6.562748323384782429e-06 4.597314308739152112e-06 3.537314511069583558e-06
2.847981210582045154e-03 2.604932219008971022e-03 2.166114702794484301e-03 2.412661613932679406e-03 2.101466766311494913e-03 1.719223784853830556e-03 1.201859166656995496e-03 9.254202965117480292e-04 7.545960815935995629e-04 5.994465810873752729e-04 4.283345126929255986e-04 2.796212741821624596e-04 1.710601936206175913e-04 9.892221578602511530e-05 5.432186266316773763e-05 3.094716010809314531e-05 1.750814348775453443e-05 1.194117053425535011e-05 8.270214447049323181e-06 8.176190173914577464e-06 5.390119749748292441e-06 3.722293578391831641e-06 3.012463667737821156e-06 2.070794870003820926e-06 1.936523344359784854e-06
2.691458697271039823e-03 1.915800573604183304e-03 1.499785649462667680e-03 1.108676164014389589e-03 9.193604491859368524e-04 8.276567812546792953e-04 6.482767083484825563e-04 5.387352293072765475e-04 4.164600103401362523e-04 3.201753439069913889e-04 2.587377733753054056e-04 1.979731242917937050e-04 1.660348151510429549e-04 1.088643118186120618e-04 6.681742090253696615e-05 4.118480404138084942e-05 3.237466932651624808e-05 2.554267447514825204e-05 1.639815310731308393e-05 9.428229834905026130e-06 5.923235775181338067e-06 4.840393662295093094e-06 4.231402193199950240e-06 4.402258980932147093e-06 3.993638141061893067e-06
9.695091467596330011e-04 9.158879003616748589e-04 8.515447127173525607e-04 8.312738458535186238e-04 6.322042805695859361e-04 5.283375809086905423e-04 3.821834985877409414e-04 3.303690514357285140e-04 2.660814308635027427e-04 2.281051329289978183e-04 1.816170391169362453e-04 1.484823849799014656e-04 1.159357965697530913e-04 9.100099282696606903e-05 7.258546550671662618e-05 5.494181994606330455e-05 3.892198394720197045e-05 3.077441197902583875e-05 2.459400767986780805e-05 2.217147883704472379e-05 1.672948604650290302e-05 1.314723935875111148e-05 9.896646229636358192e-06 7.631117373474931271e-06 3.659067655122678242e-06
2.345586653529186695e-03 1.933379373320255829e-03 1.419832533473163860e-03 1.132218579641477117e-03 9.655144405035829365e-04 8.822678516736696865e-04 6.757560780630496354e-04 5.501561961823688484e-04 5.249050598364430817e-04 4.516983524086973277e-04 3.085424881096109182e-04 2.274347435348418145e-04 1.569544851470326566e-04 1.042192653426408710e-04 7.289031555014372854e-05 4.594041724831352723e-05 3.159664158564923930e-05 1.874714927600629522e-05 1.310853350599248696e-05 1.000526514192866429e-05 8.553475738744767493e-06 8.114113881073151260e-06 7.636487514794810706e-06 7.216207846030105587e-06 4.859046056186559613e-06
2.918195140628854645e-03 1.626205936903293804e-03 1.536067795476539358e-03 1.283487075277659579e-03 9.903252175166876205e-04 7.614468906662793775e-04 5.345749337968058387e-04 4.092204397741257141e-04 3.295952441181400545e-04 2.618256580359844070e-04 2.214315191752907997e-04 2.023745296740742247e-04 1.406588496685456393e-04 9.053317220388570853e-05 6.615464669272149898e-05 5.184227162283270175e-05 3.825204852151762013e-05 2.669827348949931460e-05 1.955244245871150328e-05 1.888006003762911981e-05 2.271151449198974222e-05 2.558523929329408261e-05 1.645028706786567409e-05 1.084878776181238948e-05 9.005677448557394642e-06
9.657513585575966354e-04 9.652523174369639697e-04 7.712989963248594342e-04 6.413947764375160527e-04 6.195787020459831655e-04 5.668070639908855167e-04 3.786761151222956933e-04 3.353606003251963881e-04 3.395722528253540301e-04 2.641526508123799816e-04 2.094001872826641432e-04 1.783081115676591244e-04 1.585632752561665939e-04 1.279008035269781009e-04 9.845608975078717255e-05 7.088969850770300487e-05 5.856602469577767110e-05 5.020421614656045065e-05 4.314936657391619016e-05 3.325238605773534660e-05 3.157221315423663384e-05 2.311402610762342731e-05 1.592474364030056804e-05 1.046351581696159209e-05 8.326010432039348207e-06
1.275351415952738271e-03 1.121498330853941102e-03 9.456310982093888090e-04 7.472411844451761972e-04 5.121755381342442187e-04 4.641197993892330100e-04 3.662850432646126437e-04 3.521962432445628253e-04 3.554949680377664104e-04 3.044306439152372765e-04 2.636867950618077949e-04 2.408162298177146156e-04 1.499421802263870593e-04 1.088108950175645885e-04 6.926154965920518171e-05 4.132468861043496250e-05 2.815582738520850688e-05 1.966254210935866717e-05 1.269333780838500952e-05 8.662688170334025909e-06 6.798282915502618079e-06 5.407207770020100622e-06 7.259073091236172684e-06 9.510927362716151758e-06 7.700146875135571091e-06
9.357750733173978526e-04 7.848646285922682153e-04 7.775659343043891990e-04 6.843545382848540554e-04 6.575391869381070915e-04 5.740838778322635569e-04 5.051495331020118464e-04 3.905762661888188261e-04 3.163378293427719515e-04 2.828749699687087217e-04 3.198286283197461412e-04 1.754351403033040937e-04 1.309884963790422399e-04 8.760229044317744914e-05 5.874808693070953221e-05 4.284814989522541667e-05 2.956483199818647818e-05 2.203113648694899737e-05 1.524636209148077258e-05 1.048616322227031899e-05 8.613370822631612794e-06 7.242245010716389438e-06 6.346729993953436805e-06 4.953993693373630695e-06 4.351825546385680903e-06
