1.844224226176034926e-03 1.236232874756738268e-03 1.049595536539734038e-03 8.595209933484921228e-04 8.310644156230977435e-04 7.887294425287515480e-04 8.826049954726421926e-04 4.978211628462839459e-04 5.798835646122974582e-04 3.298945006849289107e-03 8.104029057169678937e-04 3.405342531653777973e-04 2.412180261799010410e-04 1.734606419172224031e-04 5.598979315055937524e-04 1.403023617766734510e-04 1.783811295475901939e-03 4.462772196295050359e-04 1.070482727759699496e-03 2.359322661527113376e-04 1.634105373025286504e-03 9.079187052597643970e-03 2.760910360923451599e-04 6.575709296407941488e-04 7.509719950410441089e-03
1.244447252759279567e-02 3.136833953259307584e-02 4.873082199898656590e-03 2.394127410665470180e-03 2.518092598991295786e-03 2.037274981086873576e-03 1.164107219077422165e-03 1.561636313086784507e-03 2.370326180660398390e-03 8.272709178386686334e-04 8.359965047200660715e-04 5.144054699570365513e-03 1.121898077519422167e-03 1.644043649028667812e-03 4.178096198989404882e-03 3.669159091173653658e-02 2.609367469417801528e-03 2.057093804914329489e-03 5.269621741858932082e-04 5.423728440451226762e-03 4.819315164556576062e-03 1.966564845342332231e-03 6.267174721653587070e-03 2.372803208753599628e-03 3.061074037406672377e-03
3.948919273488737947e-02 1.856460921317002952e-02 1.233103744186349153e-02 6.474270175899200438e-03 1.614926465783973406e-02 4.660009719064444819e-03 3.282359000084339971e-03 1.553073949279676434e-03 3.766596205274258188e-03 1.868489001141681888e-03 4.082212555226640005e-02 6.297239440663551270e-03 8.137467089806216941e-03 2.632146885883805470e-04 1.251145184218780716e-02 2.864930040472615617e-03 8.050004319493303051e-04 6.922376515808444618e-04 6.603500927838865629e-03 6.335236718000425774e-03 3.583853342703905310e-03 6.206282831202780681e-03 2.542708681788677458e-03 3.107352376877059799e-03 1.482246136638967239e-02
7.644178895270399565e-02 3.456081409764095655e-03 3.003735327074360216e-03 3.561868345239568856e-03 1.402096607638153363e-03 1.028916795749347871e-03 8.795281540001013802e-04 9.129816723402675452e-04 5.443941563965848298e-04 5.233814677915153311e-04 2.508404783713411544e-03 7.568739448059559399e-04 5.574548432007025989e-03 7.538032773177092078e-04 3.009958895734019587e-03 1.632111355683597050e-03 1.390900113267074661e-02 3.840974230347110672e-04 2.549747080191908013e-03 3.772873388869478657e-03 2.612355130623528177e-04 2.123942090720397531e-03 4.254721437463310739e-03 1.872264853855851478e-03 4.686809874864562853e-03
3.150483552160382016e-03 1.995488135802163041e-03 1.617197473794761142e-03 1.610895148583038009e-03 1.317491854631446186e-03 1.069915843535569362e-03 9.703972515364731955e-04 8.600754597787086710e-04 1.219195489815484354e-02 4.476011379853564302e-04 4.607373043748236481e-04 3.019263973759441031e-04 6.104837673533677943e-04 1.879557775380275735e-04 1.773084575604009084e-04 1.273034598063147111e-03 5.360414243669240145e-03 1.542894410414346338e-03 2.509220766507963812e-03 2.658591723309246127e-04 6.459415244522845150e-03 6.092982209371343438e-02 7.514123459015049217e-03 9.651589122272055676e-03 2.842220316173294480e-03
3.527940502483584845e-02 1.732370426050072743e-02 4.453772239292564869e-03 1.601582977996351921e-03 1.491723876091159175e-03 7.820740742357708275e-02 2.779928835068280236e-03 6.401484980797495124e-03 1.461828080085367894e-03 3.593486422227185062e-02 9.394823717032102593e-04 3.620961122046131788e-04 2.541542032825723409e-04 9.211298716061861206e-04 4.692569780295571813e-03 5.887379387333813770e-04 3.342087902058104437e-02 2.797592590432654378e-04 4.317073058626106838e-03 2.844485328620681343e-04 2.907491277635899951e-04 8.415750052487903400e-04 1.522794542086107396e-03 1.520349124003980311e-03 3.343777772159817457e-03
3.040783009952603439e-03 2.394930432675022088e-03 1.104588203584420903e-03 8.560681886911339833e-04 7.883848433612934995e-04 7.551974956958772351e-04 7.158693718338465361e-04 8.633759663050901909e-04 4.071325502055286004e-03 7.760302060892243893e-04 8.699171472121895949e-04 6.612970770316081237e-04 1.294829081506366879e-02 2.050318181072328244e-02 4.361617857915989910e-02 1.334379929945604800e-03 4.471450803037213843e-04 5.569660999782493488e-03 1.164472623535318377e-03 2.441578045706014298e-03 9.761243428237771592e-04 2.296641604077567355e-03 5.907686233503486178e-03 3.279396145443027265e-04 4.408601280199908254e-03
4.061620047264296457e-02 3.394437475683102778e-02 2.511025997808121780e-03 1.598982348530977394e-03 1.084692412043638523e-03 1.106952520222022167e-03 7.791193420724150907e-04 6.716115418463132784e-04 1.078233302002638014e-03 4.165169586351372762e-04 3.396053008829002314e-04 4.881889321750723654e-03 9.043158200576328909e-03 2.387511153289793495e-04 2.911121187424911116e-03 3.027105477065722416e-04 1.707159249968636045e-04 2.826100396610225465e-04 3.103190327600117526e-04 2.716286484227317579e-03 1.014661496095799458e-03 4.342505674139676567e-04 6.258940167860625519e-04 1.831720734978503629e-03 8.407631572707593634e-04
3.653937070159115393e-03 2.401615544345901861e-03 2.276692906436738467e-03 2.221113161126392430e-03 2.534968896360703400e-03 1.387202284621005940e-03 7.681014342740729575e-04 6.047123455555238449e-04 5.971447922371654919e-04 5.133362273153944597e-04 2.782298659496557514e-03 4.881642294308888622e-04 4.110026571397084726e-04 7.493808675098254882e-04 2.937383989774334332e-04 1.810028665631852355e-04 6.702063932888683911e-04 2.757696899174915880e-02 6.494375644266955037e-03 2.881231073322396054e-04 2.389900127262533063e-04 6.046457288445625114e-04 1.668625720951130579e-03 1.154730893341635338e-03 9.174216048173597664e-05
4.720165003355367844e-02 8.141696683238949794e-02 4.462579987575166114e-03 2.363659097670701113e-03 1.620409123836148539e-03 1.211760276553848926e-03 1.298061880622538959e-03 1.130678774004263221e-03 9.952359727039281675e-04 5.459240938504067615e-04 3.670463882557014018e-04 3.300745944835331179e-04 3.071333335385425579e-04 2.388690730469219246e-04 1.079600770945392653e-04 7.576538837613199895e-05 6.913088617095890351e-05 9.432650423450020054e-05 3.464441543771671749e-03 5.169351590583583320e-04 5.560200220044136103e-05 2.179470435100422680e-04 2.837419509520057535e-03 5.169721886032986949e-03 4.839838536192000475e-03
1.276640574904660576e-02 8.223303372303543413e-03 8.337228584029012998e-03 4.675992216845128134e-03 4.871847037230206227e-03 4.974211229161037452e-03 3.555129667906021477e-03 4.859580887939621285e-02 3.806323374144463586e-03 8.258788170859508162e-04 1.217450855785991897e-03 7.944499343344661561e-04 5.150582259394616974e-02 2.004718284548121995e-03 1.401422392580266676e-04 1.062237911078928746e-04 5.684248084250468399e-04 1.890530538979689405e-04 9.123905965418164978e-04 4.410460288913240715e-04 5.579464927579911443e-03 4.677248425927996059e-04 4.892392429058171335e-04 2.844844987507306414e-03 1.114821968176986930e-03
1.291275304574108530e-02 4.774408182387775840e-03 2.977482787623070542e-03 1.739979380797904065e-03 1.566776533296245682e-03 1.599306967235075878e-03 1.580541318481066583e-03 4.439355336418913944e-02 2.652124381059128323e-03 9.446554962739607021e-04 9.966120069036243923e-04 6.097913437473528181e-02 7.644455233141994729e-04 7.303041204496430773e-04 8.222881575757917281e-04 4.160956933548208298e-04 6.374973005587990932e-04 3.309094312443331028e-03 2.443664956932449853e-03 6.701943463416347099e-03 5.247325716377285567e-04 1.741724230519792757e-03 1.615136556395479041e-03 1.141627712720852481e-03 7.108475379843967427e-03
7.305113380267284073e-01 3.463141708536717454e-03 2.873319604500981003e-03 2.883578405353708855e-03 3.094597822063943973e-02 2.025303291065322451e-03 1.092535774085080054e-03 1.178084587857074032e-03 9.146946296790958329e-04 9.459512251523227808e-04 3.402886162332970348e-03 4.738142276609490938e-04 2.234904879989506733e-04 4.515709297459494231e-03 1.051236310471706167e-03 4.914329282069383742e-04 1.487683607002516454e-03 1.913714973606841260e-04 1.228613193347317955e-04 1.584267893790061591e-03 5.963968282826667515e-03 1.291610728769993985e-02 7.451069167115314910e-04 1.365011392543583318e-03 9.661215058189160645e-04
8.057306413610652862e-03 5.486741534391275862e-03 2.306331319626336255e-03 1.606773033671045695e-03 1.334167697868321976e-03 1.470677947269315817e-03 2.129003260717926820e-03 6.712992190430229836e-03 1.056426894595763159e-02 2.360630794437569221e-02 4.637274851234023110e-02 8.997427406899533063e-04 2.834181385048028579e-04 4.197030730685538148e-04 1.000666866762072018e-04 9.608107206664242531e-05 1.033818842755742783e-04 6.056416430466398867e-04 9.738842295589585085e-03 7.512569017801486171e-03 5.684167686309667903e-04 9.736906743165636702e-03 8.668478070045883884e-04 1.132228127582255751e-02 1.198473805527552546e-02
1.912749899570264246e-03 1.463381713586855981e-03 1.131112799782323141e-03 1.388020239606464236e-03 1.671028570231906799e-03 2.625757726277143725e-03 5.029539113943228001e-02 6.566611409265947497e-03 2.907679755700993962e-02 4.870610113213048875e-02 1.567320177019766985e-03 7.541845374214604979e-04 3.181391548785859739e-04 1.946606133231618531e-04 3.128138529976445792e-04 6.512948295081570031e-04 2.240919637599670343e-04 5.985685028961091475e-04 1.033861365291659728e-04 5.516766056004521320e-04 2.570047726022635999e-04 3.844777220039569208e-03 1.517493867962631097e-04 1.634538747175631399e-02 1.923207034066916517e-03
8.104580471343535500e-03 4.942903321335262445e-03 1.850249201891452158e-02 3.050822597234455376e-03 2.668598177342422322e-03 1.812140576941154201e-03 1.008595365239734224e-03 7.521865098590359159e-04 8.280818631876789293e-04 4.320421813029445141e-02 5.609181574100356206e-04 3.207675197171384798e-04 2.013539090393515597e-04 2.602358697214000871e-04 2.489014883550097999e-04 2.933364706988644322e-04 6.090055774717173368e-05 7.845033432020828625e-05 1.537672778165564285e-04 1.368254337567243915e-04 1.607637117144454595e-03 7.831502928249560501e-04 2.704051037696556664e-03 2.532169639910804380e-03 4.538687914145707498e-03
3.333709947985618195e-03 2.358296738048060344e-03 3.860320507111525933e-03 3.489202387081497339e-03 1.838790908307530404e-03 1.412184092700201387e-03 1.308012922801266497e-03 1.506166024788413698e-03 4.567155020573553104e-03 5.997572468181629896e-02 7.802647501855432656e-04 5.924835749037698661e-04 2.911947601621328293e-04 8.208408440693326386e-04 4.262891363760452738e-03 4.897408960393864709e-04 6.755528339459211835e-03 1.952596097130242670e-03 8.807704005688759327e-05 4.244332350326575549e-04 4.383298580738716112e-04 5.852177269363348540e-03 3.744050049152202776e-03 1.461218582727413871e-03 1.915897881033574177e-03
4.687039577473147041e-03 2.799146732842578041e-03 4.132496893997859161e-02 9.407236854689374206e-03 3.977202441208091757e-03 1.535593938282358017e-01 5.769536252707321670e-03 2.631343610721751779e-03 1.769445487451028242e-03 3.642537591499847311e-03 4.301462278206838788e-04 8.725329000946377943e-04 1.316381622865718136e-03 1.843646337534108465e-04 1.064541062633268375e-03 3.527984802375137429e-04 1.662966749311075795e-04 1.455456898738517919e-02 1.289614343226971015e-02 6.158206482094754144e-03 3.407900344310637025e-03 5.393203851709759203e-03 2.313958662766319330e-03 4.639079619310864690e-03 1.994122519972851316e-03
1.520370149825475648e-03 1.522939912264429643e-03 1.786068307886352511e-03 1.962005236500670782e-03 2.183830686397930567e-03 4.091990183391950274e-03 1.456428737681162528e-03 1.532914739845746104e-03 1.362824175169020892e-03 9.053100065938215080e-04 8.750461195768825589e-04 5.284191487358941763e-04 5.033957704073340790e-04 3.549219375314015918e-04 2.880211255262903297e-04 1.176198586845508993e-02 1.473178738056341898e-02 5.588087444690341020e-04 2.485175426672011582e-03 1.738267040136080703e-04 3.336413066361860872e-04 2.641773695858445122e-03 7.020677776589726027e-02 5.161788750341979141e-03 8.547669759654981641e-04
8.108192190973517559e-04 9.967984555475976026e-04 1.427846080713174402e-03 5.629637242148291488e-04 5.843363075121474435e-04 4.413346969244092820e-04 3.930655360179199963e-04 3.795510703280506192e-04 1.747448158371768144e-03 3.214630319543623771e-02 3.340989446516465775e-04 3.258051152105214798e-03 4.631716605463991141e-04 2.105274833096534056e-04 1.473947927412975925e-04 1.686292556456731430e-03 2.815736365974357697e-03 1.614453893554502377e-03 1.820676489467438661e-04 3.316300681310427128e-04 3.512739116706848144e-03 2.074459896088081626e-03 7.266428136810318406e-03 5.489138557199150711e-03 2.541736934670255858e-03
1.812590866110845578e-03 1.499998869927636437e-03 2.038076762439244329e-03 1.050752351021321017e-03 7.607816200064446014e-04 7.755802558987954240e-04 1.203328205166739970e-03 1.949657982628661421e-03 7.562687080364475503e-04 5.611401983039312298e-04 3.017029061814443733e-02 9.143378600037147105e-04 1.991951092632847711e-02 2.466917300366424119e-04 3.626753421414092345e-03 5.170520820129587136e-03 1.085611146152295315e-04 4.880888991319211182e-04 3.150354669299235567e-03 2.683626943080722263e-02 8.393972779057864639e-04 6.204173421054855371e-03 8.655943474853518196e-04 7.099688881555768320e-03 4.634695950194950916e-04
2.322651074150301146e-03 2.089878818100433626e-03 1.420047891612992007e-03 1.312046699998770192e-03 1.456941965546028556e-03 1.526571453120805204e-03 1.623706191549515766e-03 1.501678946838481098e-03 9.918185660993143402e-04 5.574669771574122280e-04 2.257581479144261851e-03 6.197624964800395276e-04 1.316644139675953590e-03 1.351507164848204413e-02 8.554598711878730723e-04 1.590648220732392279e-03 8.940763572802041051e-03 2.055195255019690156e-04 3.999158257567485514e-04 1.971939998615144325e-04 3.151662979216718515e-03 1.121385885606607409e-02 1.154355323006607927e-03 4.117295554508909258e-03 6.976512111102312714e-04
1.940421781708784625e-03 3.950602889738614489e-03 2.624754337669897662e-03 1.447734476818244393e-03 1.559444164507156269e-03 5.692227553099611648e-02 4.658312090368293273e-02 1.034275728638830577e-01 1.146930490427913729e-02 2.958754039249980074e-03 7.551623772608128445e-04 5.678612195091906805e-04 2.943490554248382319e-04 1.958256116590638147e-04 1.801911922236771712e-04 1.518448990339663421e-02 3.772488836842632573e-03 1.059333341735847631e-04 1.175346160892946961e-04 2.209108911226265008e-03 3.008986213585773152e-03 3.247514426222640580e-04 1.300116946274610177e-02 6.219107943732431372e-03 5.033812593385152828e-02
4.121236578601699535e-02 4.286487865188956525e-01 3.578673056414300412e-03 2.012192260157668732e-03 1.520501462371840525e-03 1.348228860682428682e-03 1.137624005216472277e-03 9.004957112736855507e-02 1.108128710240919960e-02 2.710126575257538334e-02 2.979411283592584697e-02 2.693290360603862177e-01 2.584610088990074847e-04 1.500081128759068138e-04 1.676645446352020765e-04 2.923106361254474003e-04 7.211746957752939238e-04 1.248807881762006942e-04 4.226502417348150867e-03 7.200920203687694726e-03 7.803692752712127097e-03 5.050809625609839178e-04 5.476862714698481479e-04 8.735474768836265502e-03 1.082270065217908091e-03
6.452888520560997460e-03 3.709439955546246000e-03 3.128527613501976088e-03 3.766652203653410216e-03 2.759156014145337094e-02 9.931818712085451611e-03 1.079694964274544589e-01 2.282240434701461509e-03 1.971474781051526810e-03 8.411183465442772893e-04 6.520783352007850434e-04 3.849293611531122991e-04 2.236567352910463129e-04 1.320098891049201564e-04 7.813685413320178711e-05 2.509821413390062169e-04 2.551992970664135763e-04 2.620997432405098942e-04 1.769888145756869742e-03 8.506812758350537629e-03 3.677767554488948001e-03 2.718797880919996356e-04 3.156924301055128931e-03 3.539279234447596963e-03 2.567295677637941240e-03
8.373220410330428935e-04 7.756313919256185201e-04 5.995706807129074899e-04 6.173113469710270499e-04 2.497046345160230853e-03 1.102526627525535164e-03 6.095981469374048842e-04 6.742100229804789133e-04 3.576633686671881209e-04 3.271436918594092897e-04 4.149823554196205386e-04 6.449335608854272822e-04 3.432260154563441276e-04 2.135092562872845719e-04 1.963487431400699865e-04 1.005214804185139801e-04 1.387396504534929077e-04 7.519354402929627230e-05 6.675689041256154964e-05 2.311285842624636461e-04 3.155502502237790986e-03 1.742319129477361977e-03 1.867285084385508342e-03 4.045405881044595101e-03 2.564657115538190695e-03
3.236389707163192259e-03 3.737458032624507188e-03 2.107530122423726358e-03 1.663890200162843665e-03 1.534770171157739211e-03 1.082052970043246480e-03 8.503849054771902248e-04 2.580716857015743788e-03 1.279626188756120830e-03 9.220365720391933070e-03 6.924692114179138019e-04 3.250352724420090510e-04 3.360086180085135039e-04 2.858229008862601516e-04 2.642542904966120598e-03 8.002741321802871307e-04 5.613203654129806757e-05 9.720292651546505285e-05 2.625064357873231895e-04 1.217428861577187849e-03 3.995920941484444253e-03 5.049140212642811050e-04 2.762685765714028500e-04 5.731070115943390740e-03 2.589797947067860352e-03
1.332545999180917776e-03 1.380022436185414023e-03 1.193431467892646291e-03 3.630950673405698801e-03 9.224552048955765018e-04 9.005061255503150723e-04 1.744443767855069060e-03 2.494436306347464771e-01 6.298623471689135389e-04 5.537161572975424564e-03 3.692164681424394291e-04 2.932699348514049742e-04 3.194642352177753139e-04 1.943503408400819093e-03 1.992869552431710651e-04 1.087893746156703306e-04 2.800805041026465498e-04 1.265285982576256144e-04 5.184976982408189298e-05 4.942416953232538082e-04 5.074395571104960189e-04 1.812419987335183238e-02 1.988053637673377252e-03 3.727703370294364361e-03 1.560015482238514628e-03
1.137121752114111060e-03 1.834831078546930987e-03 1.221383202565985617e-03 1.687316375375713488e-03 1.211599401606656794e-02 1.939375380963920606e-02 9.974574701539409404e-04 8.332355618767200989e-02 5.275350825301515327e-04 2.564625294671727946e-04 2.816663873923535709e-04 2.716354083793973530e-04 2.104197311902531939e-04 2.971710034418960974e-03 1.932404483237781258e-04 2.516241653298270306e-03 1.502706090566402009e-04 1.029194906849618604e-03 1.461385145396864801e-02 5.967299912847638535e-04 2.942995223169546978e-04 2.555079098072864964e-03 7.425162383376353575e-04 1.242520250278889189e-03 3.283616877057077624e-03
3.481685809182948500e-03 2.323618955081912379e-03 1.985336732720961467e-03 1.825254720676396493e-03 1.292641095078407793e-03 1.382913495360744982e-03 1.572872812136609164e-03 2.177844684351789434e-02 8.255298782241377031e-04 5.890070787416362653e-04 4.626071447600579693e-04 3.575045749179020472e-04 2.273919491452973971e-04 2.433841039295360921e-04 1.541553341163050749e-04 5.112221760312643049e-04 1.115411886009440610e-04 5.512095442046997102e-05 7.832950786690273887e-04 9.702285931563427905e-04 1.999788592613846081e-04 4.226149792693390970e-04 5.184819176391232583e-03 5.000751920388498382e-03 1.717656317418879766e-02
2.120746255580817970e-03 2.131615751523353863e-03 1.720539272201236907e-03 1.504156346054866386e-03 3.852609665005821572e-03 1.558941366663471606e-03 9.865203828161291186e-04 1.111124686238230096e-03 9.667171347157019938e-04 3.068450909345977334e-03 1.380052187059332448e-02 6.962513033030153517e-04 9.954748110682471243e-03 1.740796641557173998e-04 2.299162441307382612e-04 6.601162848237862265e-05 1.395899981936332137e-04 9.864875845420734667e-04 2.002787453452669307e-03 1.020604935008931948e-04 4.591859660640261139e-04 6.878009545588890938e-04 3.612477125490132614e-04 1.785822116840422163e-03 1.985987355558153488e-03
2.202697494851414174e-03 4.349637232880298326e-03 2.511068029542047608e-03 3.420576938945405626e-03 4.644162692624271595e-03 1.845891147057713991e-03 1.022575527784920545e-03 8.153539893024979932e-04 8.263190225523224779e-04 4.547701760987464363e-03 7.653729638146818115e-02 5.358756720769826095e-04 2.126616140705664057e-02 8.260896902741845030e-04 5.503231026543754746e-04 5.102459493304327236e-04 1.190818314670942686e-02 2.921806447748147685e-04 2.390591108943838070e-04 5.521010462385857707e-03 2.174538296606162431e-04 1.973045981299773738e-03 7.029721436233425528e-04 3.168684390526976813e-03 5.494920079123889224e-03
6.418569537438414963e-02 2.289784488223957359e-02 1.134212773574327059e-02 1.006726091361331843e-02 4.513855790261363937e-03 3.923653996335992912e-03 6.000129897359573680e-03 9.164466723542961935e-02 8.779167665875328881e-04 8.083605961801471800e-04 3.587445961521879782e-03 1.983735220821763665e-02 4.493162900571819464e-04 1.907973901525294828e-03 3.920098109153167740e-03 3.794254437742036745e-02 3.244288001499503332e-02 4.844088586986303505e-04 5.330955796004995667e-02 3.548467852337275114e-04 4.226506669903446617e-03 7.221039622630362476e-03 2.272168048135047354e-03 1.159455030401334262e-02 3.140915910901999862e-03
6.823837179066510016e-03 5.137051610266905703e-03 5.231935270333903758e-03 5.238611846932624515e-03 3.254871445574261841e-03 3.075916780733282604e-02 1.839804718511812986e-02 1.787945490691202066e-03 1.257306625677655654e-03 9.239890312365545274e-04 6.231459852130661562e-04 5.829795897691131745e-04 1.196800888038271858e-03 2.336501997323103472e-02 4.242277496799508676e-03 1.852059576814408040e-02 3.884859669651057426e-04 1.696751600049645908e-04 3.065832381398645411e-03 3.502725319795555099e-04 4.066334828009453110e-03 8.197837888012473369e-04 7.479375572785701594e-03 3.785345794534629785e-03 2.912155414650651527e-03
9.879561132887795197e-04 1.211945677437644472e-03 1.789149461243880407e-03 4.428681430995822649e-03 2.434673029321918637e-03 7.352199306827902296e-04 5.532861781600541479e-04 6.713081473735115238e-04 9.865061079099303118e-03 1.068497561754715303e-01 1.010082512585420804e-02 1.068733761912464639e-03 5.781022905977014356e-04 2.000582498220254267e-04 2.532976485004852403e-03 3.219952446152306281e-04 7.546335493082656672e-03 8.406668492707652625e-05 1.234585821196910560e-04 4.606730869892916775e-04 1.665675280119881425e-04 1.249904643174775017e-02 4.633145675235564483e-03 4.737850588157220891e-03 7.702023193648182241e-03
2.142210853318834724e-03 1.839241431554020740e-03 1.367610453417813718e-03 2.663683389133233471e-03 8.768179810368139648e-01 3.364198677772683565e-03 8.796036776301197069e-03 2.326943602417138896e-03 1.971396328168559860e-03 1.034110657029375935e-02 4.023240111034651068e-02 1.577594834972295690e-01 8.360036839546303297e-04 9.424906804290079237e-03 2.257632709956757964e-04 8.810539588167723424e-02 2.156760743732074811e-03 8.338061512368938636e-04 1.875095142589277425e-03 2.022796880471737122e-04 3.517221672672200816e-02 5.634255390637580782e-03 5.794239430007077328e-03 2.132827192641259019e-04 1.460964430710111383e-03
1.478758763127806762e-03 1.824835803201385956e-03 1.851410074334339630e-03 3.556343405290920186e-03 2.657477315698396781e-03 1.124644609872299094e-03 2.211537466785032900e-03 8.589272209181795376e-03 8.259018136077006522e-02 2.708498566394838131e-02 1.214224634807798851e-03 3.771294559627975484e-04 2.573825733721805823e-04 2.605590920222628643e-03 2.354887863033220741e-04 3.238219411021181146e-03 7.842045562388186926e-05 7.263161033907259291e-05 9.547931516754780629e-04 1.866472693497703153e-04 4.187360690139554226e-04 4.121557835417602803e-03 5.420681277099991934e-04 3.758232581737877293e-03 2.654802959057926768e-03
1.232057765791409222e-02 1.070407131085689308e-02 5.257926630383808586e+00 4.036522484831520097e-01 1.741471330796139777e-02 1.013681607850691266e-02 5.659471183733534583e-03 7.318481853562421036e-02 2.364755514473435277e-03 2.748613359060251161e-03 6.784087025116518344e-02 2.982899175063281547e-02 2.063624167416654772e-03 5.473158161935578764e-04 1.203686003474016900e-03 6.688879384628843971e-04 1.425103071148745362e-04 1.390647320548807938e-04 1.767365556846030241e-04 1.127409861199070397e-03 9.459982628764244256e-03 8.168435910895010610e-04 8.671536608093795024e-04 1.651151140375187610e-03 1.031818803153928665e-03
6.120643459316000429e-02 7.166369526025345715e-02 1.083441737406637406e-02 2.606060050011077545e-01 2.053677060694411860e-01 2.843556772608388794e-01 1.593219137194801845e-03 1.680495237544860901e-03 2.905796970878700772e-03 7.049422811122804406e-04 4.442012620352084437e-04 3.385797214425563420e-04 3.734122096757313625e-04 1.449054894884328011e-04 8.365834539524908146e-05 6.035508164872491150e-05 2.848981625926580419e-04 1.991019060729496369e-04 1.977574499226635897e-03 1.323866748735499314e-03 2.380739428509756747e-04 1.308341713992436763e-03 2.241800209764972709e-03 1.519528493700147411e-03 9.629050249182523682e-03
3.630179446047912886e-03 5.788286643173423500e-03 5.021162608867134683e-03 1.199561563967519590e-02 9.785947385939712528e-02 2.729650348721093800e-02 7.223914038000823525e-03 3.052393303545413231e-03 1.138138881554312878e-02 4.644763319706684407e-02 6.894191773354053573e-03 8.552670599318401394e-04 2.932042069753871129e-04 2.076327671894237720e-04 7.433366653621078981e-04 7.840111337855522290e-04 6.651319822697988231e-04 4.035520675479306943e-03 3.205753790321951707e-02 7.500394667579176689e-04 7.351435317470281965e-04 2.254715663182051393e-03 1.574861662174317084e-02 1.109127311885855539e-02 1.311316695160807911e-03
3.958062345176179345e-03 3.420145051589393217e-03 2.617765554888193315e-03 3.091005378279812824e-03 8.653042851367890795e-03 3.072882301051577114e-01 1.335586199240115790e-01 4.700805697262524369e-03 8.790047207904518739e-03 2.055469047178948121e-03 5.401342989594670914e-03 5.065719513706402931e-04 4.482958760342126495e-03 1.453276083225502405e-02 8.746890601430420227e-04 3.841235222195866334e-04 1.921937482444157350e-04 7.045914124145744376e-03 5.151240690181036960e-03 6.960508644217893890e-04 3.458925151486884515e-03 8.554043088354230939e-04 1.653237114347132913e-02 1.547799883217482967e-03 1.137978191342513094e-02
1.311868267273517963e-02 3.117070697272203515e-03 2.286137649055149188e-03 1.088473272552895575e-03 8.393832638640905943e-04 7.516957285999916784e-04 8.493382830410426895e-04 1.155268432501849315e-03 8.707311604653478893e-03 1.817397770639755895e-03 2.934136668887420835e-02 1.847284820509704009e-02 5.204199946908447116e-04 4.597514519993269391e-03 1.488264173266739274e-03 2.312375729020092752e-02 1.314644846765488414e-04 2.076583762809987061e-04 5.168654245685296716e-02 6.337960432133195885e-04 3.508065096790743270e-03 3.750006397714638956e-04 2.122569077341715158e-04 2.641552292140988620e-03 1.472267558599838801e-02
1.403616231644088351e-03 1.970407292658085674e-02 1.079426324112300710e-02 1.773657572812182984e-03 1.285858171083074106e-03 8.940568412171384345e-04 7.827136518869519562e-04 6.989666836922234705e-04 1.248981860883650596e-01 2.056135245392394853e-02 1.050212732862015053e-01 2.970427249007190611e-04 2.293135699477975506e-03 5.514152216153294728e-04 1.955107329193950727e-04 8.705849673315922265e-05 1.241400574390841239e-03 3.666411892184683833e-04 4.612537906751523580e-03 4.104114798715384591e-04 8.297232767720698343e-02 2.809364155949062216e-03 2.798636981526395062e-03 1.047727238370715127e-03 5.191342936114092324e-03
2.510131345404621045e-02 1.121577640034599095e-02 3.742790511735701302e-03 2.530613600038584057e-03 1.568518150173553796e-03 1.100394641414917255e-03 1.008035494576435586e-03 9.498048054841223831e-04 1.629339968535153602e-03 2.687288545178296087e-02 4.801429434817109689e-04 7.959779683008854495e-03 3.510570822773387474e-04 2.667254335703740935e-04 8.452749456631814136e-05 5.258881659721355344e-05 1.036857694181417695e-04 1.430132054125841533e-04 1.678137782410171763e-05 1.267598480856452735e-04 6.258242907127466040e-04 1.034358861601880793e-02 5.628742476187103584e-03 9.367087000667944502e-03 1.299204200709485908e-03
8.144458251852287542e-03 5.881420982692931419e-03 4.579850701418414563e-03 5.937379202588986826e-03 2.768098917440824352e-03 1.601343284699192904e-02 7.533856216401359218e-02 6.399823559793474392e-04 1.104441012283213785e-02 6.361120265300181835e-04 5.911200027835535444e-04 8.272809102980046257e-04 2.933971052225170973e-04 2.299311038642670453e-04 1.342464110579524622e-04 2.066036129426103776e-04 1.872746154717258322e-03 1.121389870450286672e-04 5.597510875245455958e-04 2.163534278244284110e-04 1.683765581519297604e-03 3.049831568456679541e-04 8.500175545728835824e-03 9.056732674441788505e-04 2.185896822369963032e-03
4.583991987614054707e-03 3.574128680920189791e-03 3.594004587787092472e-03 2.663652211622222644e-03 2.452651713416327539e-01 5.141609748565186509e-03 1.676884326099845274e-03 1.526092812130279202e-03 1.038849320499908840e-03 6.941678490984137416e-04 5.388802233111828497e-04 5.150902369679062924e-04 2.027384249219641474e-04 1.632849255695314767e-04 1.808128273005845407e-04 1.147207549705332058e-04 1.853040277906956804e-03 3.018290841117239739e-04 1.049614900169917354e-02 3.740030025397859579e-04 1.631970453883748785e-04 1.384402740239050304e-04 3.070771547286503360e-03 1.012522997682352432e-02 4.516096072878818257e-03
2.324244893266735196e-02 1.636406519573634089e-02 1.111792102155104156e-02 1.149123022960299272e-02 1.683329430008954908e-02 5.096152290457061085e-01 3.193669805561788391e-03 8.874567020386346997e-03 3.165639489612510730e-03 1.166369851799113448e-03 6.284795039405278007e-04 2.703597517615201340e-02 3.199197566548122088e-04 1.600846926291485416e-04 9.454185933938341309e-05 9.576688888370056313e-05 6.814062401178771209e-05 2.183666287137174620e-03 4.074236996068116186e-03 3.259905126751299026e-04 3.787277692558082306e-04 1.559485343861338866e-04 4.428093648363989367e-03 6.738320661982987424e-03 7.125143111249671382e-03
9.697290346546882239e-03 8.603910011538601008e-03 8.874548681424492685e-03 6.552838172560545779e-03 8.385058465679651879e-03 5.127129725793619017e-03 3.747091934500438540e-03 8.135077159346339182e-02 1.836924359999250050e-02 1.825064548024104985e-03 6.838385603656182976e-02 2.523689436064017761e-03 8.597413844444316052e-04 2.161515692380173298e-04 2.043165686788268886e-04 1.949648545970003154e-04 3.753259526122888854e-04 7.920936089605279526e-05 3.916845376000303337e-03 1.525744872483160691e-04 3.377327745841274959e-02 9.496357309252200646e-03 4.115544330545111524e-04 3.347472772489493587e-03 1.398949015279895430e-03
4.828666324782218168e-03 4.790022482321836667e-03 3.553486996678828242e-03 3.091620633694735793e-03 4.365640256487996265e-03 3.596446282016567755e-03 1.713293722387499926e-03 1.194583022870320151e-03 1.086177703748055076e-03 9.381908912351961992e-04 5.405493459216147894e-04 4.165428959470953742e-04 1.298318728837564648e-02 5.026190474722103466e-04 2.031791109158528105e-04 2.123131852443430295e-04 1.685786009132873755e-04 7.289684875773361217e-05 5.966974873328752087e-04 1.342808955594251286e-01 9.874605255156376337e-04 6.201986604547597356e-03 5.419794084855032203e-03 1.971309885838871468e-04 3.816242018828952792e-03
1.884241188602325855e-03 1.470672302114314810e-03 2.012024856386801595e-03 2.268527563478639833e-03 6.668364293136190210e-03 4.323829811731656758e-02 1.128142654841770426e-02 1.448335778489345110e-02 1.736666598821824670e-01 3.415699327747526159e-02 6.247980730075384679e-04 3.690498709506451376e-04 3.291815743056493741e-04 2.673025506091805670e-02 7.516107049282549782e-04 1.056753409632388025e-03 7.007756544787768251e-03 4.266231012010780060e-03 2.947985127174628114e-04 3.224160005983264451e-03 5.496895717816860545e-03 7.391938763975274343e-04 5.181264814898430514e-04 1.028403041133232020e-02 2.289330655737369449e-02
1.444669149539682057e-03 1.729923542980757109e-03 2.603447114541789301e-03 2.339515981681150776e-03 1.463327963091614649e-03 5.397272810719072221e-04 4.692535436716449094e-04 4.369155743726014693e-04 1.775089570766882853e-03 6.739506131211623306e-04 5.208863667702876704e-03 3.867731249750798505e-04 2.892012742159349829e-03 2.015406438985132013e-04 4.484430242441565166e-04 1.008209885526247960e-04 1.702886325510466372e-04 6.613905385214274108e-05 2.126964511569610916e-02 1.688334888145628238e-02 1.674970549326964251e-04 2.381463066246835604e-03 1.453902792015836134e-03 2.761087857683879824e-03 2.515830455503746850e-03
1.398032866731955095e-03 1.184874330536756426e-03 9.789343128438921654e-04 7.579144928904122357e-04 6.329963153512399490e-04 5.351473041643750334e-04 4.710491918240225636e-04 4.076394679784742822e-04 3.910863610641787344e-04 3.434025134778920718e-04 3.079021680724581666e-04 3.287168751544479353e-04 4.000438780721812804e-02 5.406382567269354695e-04 1.304448642079778647e-02 2.694809501882299008e-03 1.375086451008508291e-04 1.513634979580022596e-04 9.581683117233465901e-05 1.823501787399190929e-04 1.289429406013544756e-03 2.194740123913096076e-03 2.186361568430944459e-04 1.644227557910325202e-04 6.694300589217246425e-03
9.745606395430463087e-03 5.657708276805405861e-03 6.799894519630884232e-03 7.176440120311630699e-02 8.036468203009405897e-02 1.544325070057779581e-01 2.217989269463469405e-03 8.147272384531409339e-02 1.644694136655591721e-03 1.654690073212767556e-03 2.090288607317208544e-02 1.479802231666005287e-03 3.485589986293892027e-04 8.616776438506761537e-04 1.446519828642812359e-04 1.310953699626548491e-04 6.536256539245257117e-05 9.853932383641456419e-03 1.162735813674001034e-03 1.820975965007710202e-04 2.775746994126774550e-04 3.884086172696435738e-04 1.577658832007050940e-03 5.515227068335129806e-04 2.130858172288185631e-04
8.692629752448279359e-03 7.757741402919234724e-03 3.267727902876164676e-03 1.480362432690097117e-03 1.284140508571262598e-03 1.107084092490014278e-03 9.351799869547140938e-04 6.299429790052826382e-04 5.601411303680651956e-04 5.027186761759578704e-04 3.956617716476164693e-04 2.952631679827627184e-04 4.206604263599739656e-04 1.461920366897073720e-03 1.745882742927688802e-04 2.059600608428139006e-03 2.557131574377404393e-04 9.992275582533238776e-04 2.466174463331835477e-04 6.064546077757165810e-03 7.926510455976377642e-03 8.875694993722345674e-03 7.629360225935076165e-03 1.452525184871070532e-02 4.425046965034295718e-03
3.921204369126900235e-03 3.821601599224100018e-03 3.255947334401835570e-03 2.392945112804275524e-03 2.219160081473422162e-03 1.782686728268541299e-03 1.413870898667059402e-03 2.029192894545910845e-03 2.168999128021376066e-02 8.123408991889032862e-04 5.388457872799261826e-04 7.544830883919229243e-04 5.834359897811166457e-04 3.124046138583602607e-04 2.461073583957354731e-04 5.081897185478845974e-03 8.334536021320374313e-04 3.229318863733315458e-04 5.458501598465192946e-05 7.737450015244052215e-05 1.934314145598913046e-03 1.696618405121618975e-02 1.875770293289226150e-04 6.391824987281294855e-03 1.620961490909168107e-03
6.693468378029467265e-03 5.392591653375976117e-03 6.607355527974593384e-03 5.599826885532056125e-03 2.433246821938686837e-03 3.740793632172769931e-03 1.388083969158522991e-03 6.506080819575947929e-04 1.680809704097412007e-03 1.632006609134994696e-03 1.137702848457014049e-03 1.320016676164153342e-03 4.280703395787186644e-02 1.436327818862929767e-03 8.174014462549254734e-02 1.965983867701505405e-03 5.121729326489582543e-04 8.564990072818350064e-04 2.040049080980644441e-04 2.958995959961637379e-04 2.141722544250250753e-03 1.914622245708064727e-03 2.278012704260056788e-03 1.191322456139432516e-03 2.454258042770521460e-03
4.357982572459204867e-03 2.502464352400267100e-01 4.477712481215838890e-03 2.996563012533944199e-03 2.341949355484656322e-03 9.318277885110824721e-04 9.398349639217596458e-04 7.115343419528284610e-04 1.288329670832900464e-03 2.187951050777306797e-02 4.500621987168376779e-04 2.444546561918384351e-03 4.257987742179270918e-04 2.022731468339125074e-04 8.228504365260361545e-05 2.748849556146164426e-04 1.707661237322289011e-04 2.153970724340582843e-02 1.354450050664390099e-03 3.938172388791991098e-04 2.583990304976012202e-04 8.424208332368950374e-04 5.997044281657985549e-04 1.830427238685063823e-02 4.726509229526060750e-03
5.132126992536915379e-03 3.111276705660595554e-03 2.469713004486926138e-03 1.882765003190159728e-03 1.362685323626646513e-03 8.499795692765600838e-04 5.857177330864299153e-04 6.134037965937157904e-04 7.415031597541742094e-04 3.748012435516867038e-04 3.563306775069485723e-04 3.183677930647929371e-04 3.186794124041847386e-04 1.026729646004141770e-03 4.772329726490281195e-04 5.649321956035947140e-04 1.744039218078609495e-04 2.781102126980433470e-04 8.245360570860671640e-05 3.016990115574816962e-04 7.671209929764386372e-04 1.700344738247829305e-03 5.928757197218829586e-03 2.124917612036018259e-03 2.624356989093011919e-04
4.109714967441471106e-03 5.099894392751838645e-03 3.668291515922621204e-03 3.377433694638040228e-03 3.581869171148280122e-03 2.042173784921508424e-03 2.574056798534894372e-03 1.496441545135845583e-03 1.242916125461785435e-03 9.873719360515720994e-04 2.115972188043398813e-03 1.060854625504045572e-02 1.904509196166017521e-02 1.275376332607579819e-04 9.389589777722206565e-05 5.748233154596576046e-05 3.795783246769909982e-05 5.112626400321994518e-05 1.185800917496541046e-04 1.756741397681370451e-04 2.259053048864525777e-04 1.931788383805044945e-02 2.231534864403375508e-04 7.734192120523176702e-04 2.045361282295740050e-03
7.430457493719716706e-03 6.341867137511190966e-03 4.120945086452824056e-03 6.241433748597176659e-03 2.698075624588187199e-02 6.040488507550722044e-03 7.561186317802152772e-03 1.692564898105620389e-03 1.764021515414635616e-02 9.810501102944504601e-04 5.629313112927326066e-04 3.478309880026017511e-04 2.128995439941816601e-04 2.280303256084007804e-04 8.511563929463280306e-05 9.543730929827564822e-04 1.012932820401650611e-04 1.379697048550717524e-03 9.284081799992259521e-04 8.133748337612147546e-05 3.015531873939213212e-03 7.897974434556068310e-04 4.780508446400302293e-03 1.480501868758705986e-03 1.035127405857050840e-02
3.081910879111229764e-03 2.401536277856331381e-03 1.749572841742776195e-03 1.304777190228875641e-03 1.035516475622040014e-03 8.626010031697815524e-04 6.579627205698942256e-04 5.533461555636993165e-04 4.822774885646289970e-04 6.647607996626685514e-03 2.250290002175897325e-03 4.832439775471990121e-04 1.673914929101620597e-02 1.404579241767118299e-04 1.241539215054902705e-04 4.442198561591714280e-04 1.923218767096160819e-04 1.471372162894202772e-03 2.510492859534468359e-04 1.293431018737532280e-02 2.655891033934866920e-04 1.206618573490712831e-03 1.608736552070550579e-02 5.253514780681499408e-03 2.884402894701386388e-02
1.470992849801246042e-03 8.127385301877986358e-04 9.461104641176275830e-04 9.439426249167860933e-04 1.392670535409952200e-03 1.615657798063880766e-03 1.816372665748573201e-01 1.608873283778110633e-03 8.306273120643005220e-04 4.092793734321206441e-04 3.180511558773559122e-04 4.358938279452671642e-04 3.343077341183539391e-04 1.523276479970069714e-04 1.169447505764008744e-04 4.149623038002843564e-04 5.218436568457649784e-03 6.765191555943996882e-05 9.574340561871165457e-05 2.110410224378399605e-03 9.081769965274916158e-04 1.459185506368582130e-02 9.100985294856844474e-03 2.243573736704107015e-03 5.609732079749230743e-04
2.183631196227422272e-02 1.455814852305711143e-02 3.497765407674393277e-03 2.919410791769866571e-03 2.550075250873738188e-03 1.978766498115766895e-02 2.011519464630824941e-03 2.374090142572718096e-03 1.694569619152032315e-03 9.640874304991627671e-04 5.842357829524765130e-04 1.970949310566921190e-03 2.994873909812155845e-04 2.803460627556779352e-04 2.243584094987402511e-04 2.779290085750518030e-03 1.108531644036112664e-04 1.081653173277159416e-02 1.033863399602534755e-03 6.350527995463131539e-04 6.537596925816560741e-05 2.034664770568362854e-03 7.359728255475472001e-04 8.080401731668292870e-04 9.718158660399544907e-04
6.331268060873480874e-03 5.098315210425243167e-03 5.227426786542668964e-03 3.959506419889017442e-03 2.162822736039765603e-02 1.234804522087131450e-02 8.035223797922808053e-02 1.453999075144962825e-03 1.192969492026348154e-03 8.396549279667828505e-04 8.526777356101030315e-04 2.162949070856372800e-03 1.831188924105778260e-04 1.086223734566408742e-04 7.917896940300668605e-05 1.129023202473153039e-04 1.576359194012950232e-04 4.633679991515196421e-05 3.255685313701002482e-04 9.218137774070525939e-03 4.749166281754940212e-04 1.227549747295191961e-03 2.877075068679769108e-03 4.640677054352980620e-03 2.025828089570974686e-03
7.035906702225222173e-03 1.271784711000102826e-02 2.253581704619880485e-02 1.939280210877020627e+00 5.015850712540331074e-03 3.600952819217009913e-03 2.067992910159595528e-03 1.783018273073198098e-03 1.296329730118571649e-03 1.595875805651044647e-03 1.105515156928284573e-02 6.085616673135163350e-03 2.182926334009074106e-04 2.067719714855741585e-04 8.908016779127789567e-05 9.822123080063325097e-05 1.720276671816261334e-04 3.220190045012560789e-05 5.969251672245606637e-05 3.197050512904378420e-05 3.666569179490117595e-04 2.149947684666407913e-03 4.472447998496893729e-02 6.959439685153692235e-04 1.859243403656939912e-03
2.073921212969683653e-02 4.082670866539307025e-02 4.845286992127403880e-02 3.834666329360597592e-02 1.702225927539123898e-02 5.656725925451110311e-03 4.942672170945037156e-03 1.535146138089448220e-01 2.864836981566044102e-03 2.919774461993853570e-02 1.250080160319497246e-03 1.056013101805588659e-03 8.050595227223604098e-04 1.299486554624269396e-04 8.673148346970000464e-05 6.830241707729247302e-05 1.689110903135195442e-04 8.800342775698731870e-03 1.029170047347736754e-02 1.526887147107118146e-03 1.214612647090831422e-02 1.224800890770304587e-03 2.127915969776620903e-04 1.113678738357305525e-03 1.474129509807688837e-02
1.125047760985175849e+01 1.679485410024728953e+00 4.464056511709601875e-03 3.951811121332889434e-03 2.627910147367034602e-03 2.200789300133291354e-03 1.843985578376879618e-03 1.696629976747168018e-03 1.089187727221059120e-03 7.422027962409106280e-04 1.446521304536300132e-03 7.299189962292604089e-04 2.770265482859456032e-03 4.656108125057836105e-04 1.513296380250062686e-04 1.486449161652259542e-04 3.771607471491961964e-03 9.807526757298352504e-04 9.627896250969799567e-04 1.265746298483899374e-03 2.366173282552690778e-04 2.491369713952465079e-03 1.658620332352248386e-02 9.058333713384042821e-03 1.004005308151846923e-02
6.080094679458479361e-03 5.068930423843214135e-03 1.165356550917700379e-02 5.603607248875568624e-03 1.764244717233343996e-03 2.013184704176546394e-03 1.265566083022147187e-03 2.154545820593431645e-03 7.899183359515636821e-04 1.171287293303929500e-01 2.223515189807023253e-04 1.802717955286389719e-04 1.120180140377806193e-04 1.439925515834337261e-04 9.837750410002987702e-05 4.461620959139124071e-05 1.069238081638228645e-03 5.573786515958997702e-05 5.782784276707794279e-04 1.274197749755925230e-03 1.877395587708831598e-04 6.178858416650963477e-03 1.288001438753416672e-04 9.949780944099036878e-03 1.225396355464805111e-02
5.540440864892610950e-02 2.395563035090217952e-01 4.301907644808577125e+00 1.719617999914145601e-02 6.546991810189565879e-03 4.766299512922638273e-03 1.065622624552607645e-02 2.112550652284750086e-01 2.501876340836411711e-03 9.849627670630010413e-04 1.130403296264701884e-03 6.752775569334458191e-04 2.987987309960379195e-04 4.325570994386953140e-04 4.319959909147383522e-04 1.611929022490180355e-04 7.529727040194915920e-03 2.989269747572746456e-03 1.040782519497607597e-02 5.522715211328581460e-03 4.576894157874602360e-04 3.690195667992751563e-04 3.847516490726193231e-03 2.704561751168891269e-03 6.704378679968816916e-04
6.912700276237319832e-04 6.702931113252518338e-04 5.489245326141241419e-04 5.276976156310272080e-04 5.443128338796972016e-04 5.646168277457195043e-04 5.439354048728264023e-04 8.304386794691705643e-04 4.053905652778319146e-04 8.966697790593640416e-02 1.458335968464471001e-03 2.943189912646787488e-04 1.582541219062339952e-02 1.971499560804954054e-04 2.478968013151113675e-03 6.724917138969719970e-05 5.529670874420983278e-05 5.073865513742620813e-04 3.074335957917558515e-04 1.395654558310923234e-04 4.739633303745742141e-03 5.787657814998694271e-03 5.698060184028382394e-03 1.643524469606218869e-03 6.820110344539074242e-03
5.147032721487735177e-03 2.665522629474884140e-03 1.603287294366135315e-03 2.197831304012592794e-03 7.448734141366408421e-03 1.880076047751788040e-03 7.107658077534146409e-04 1.613600315517014832e-03 8.362407518387198271e-03 8.363209793920133028e-02 4.330978977361429286e-04 2.074215458173896826e-02 5.820914471723723400e-04 1.173587986417382831e-04 1.660835067428591022e-04 8.335964254784363977e-05 8.456510847209556181e-04 3.486502967999829239e-05 5.435767738283903778e-05 1.703363225433921857e-04 1.969716519108548835e-04 9.720885556295144787e-04 2.906055764348283287e-03 3.657710187870993716e-03 1.103423312388993657e-03
1.065290923097725632e-03 9.092155363213914876e-04 9.561637355543932187e-04 8.384943977706121963e-04 7.312042052350533998e-04 4.945298210200944206e-04 4.965179521585619867e-04 7.505301278447331845e-04 5.503291642800946367e-04 3.361743299513172013e-04 3.475007411567440944e-04 1.209709031000498638e-04 8.839383826254378909e-05 1.284750931593507228e-04 7.833509201494709537e-05 1.836854092730040241e-04 3.778063967546115400e-04 3.444741731067684550e-03 8.707227110964005021e-05 2.853214252395836186e-04 7.873492749005365707e-03 2.163462827143320961e-03 1.390517965494903092e-02 7.663818245509806948e-02 2.169317732352143806e-03
