2.492980135855341409e-03 2.265903805671217342e-03 2.139280245569174285e-03 1.935248181727232094e-03 1.604593089756130341e-03 1.425926648781264058e-03 1.257277832898925831e-03 9.985427076381683809e-04 7.788868878540942909e-04 5.705346695791681895e-04 4.072069526748679931e-04 2.952217918798559298e-04 1.972867619876562896e-04 1.269865314038189183e-04 7.534116765162796828e-05 4.712495551620675085e-05 3.195587067921608419e-05 3.170390148827110149e-05 2.671800572654353475e-05 1.370823578154338305e-05 9.027878397494545990e-06 7.547159350116048235e-06 4.256480507085193245e-06 3.299720760943050763e-06 3.138407277698628459e-06
2.604504165547838999e-03 2.399124274624394280e-03 2.126950968475808945e-03 1.839475586335267369e-03 1.546643941025237440e-03 1.303477229268388497e-03 1.106228706749229568e-03 9.354996307084933625e-04 7.922864496812854910e-04 6.461885279203433054e-04 4.875908933048587264e-04 3.575554954437794959e-04 2.179194854757174728e-04 1.155531404291101362e-04 6.559935626557840578e-05 3.698639851931694690e-05 2.141422233295304167e-05 1.552493517667395608e-05 9.062889254895447087e-06 6.963638823404811899e-06 7.361821699288533743e-06 5.736498980760353685e-06 6.325515717723297514e-06 6.688470706225958569e-06 5.182947543022577822e-06
3.943857589586565598e-03 3.231779344060670741e-03 2.723269449799441567e-03 2.301725662840142274e-03 1.957928758997919041e-03 1.612236382344692763e-03 1.330429102009984387e-03 1.087212342229107627e-03 8.524300373778902207e-04 6.867088046687344887e-04 4.969251754349488523e-04 3.360810766414126273e-04 2.125378169758867911e-04 1.247004984444374397e-04 7.284232237461034203e-05 3.971585377692969697e-05 2.590833602209984422e-05 1.615626307424604814e-05 1.020394627191828924e-05 8.295357050308779158e-06 6.524595258339320257e-06 4.321443645690426366e-06 4.404421566919130074e-06 3.736487625054581569e-06 4.461845754031527364e-06
2.412652346868934122e-03 2.041571065897379404e-03 1.730550391037781336e-03 1.472127528704208392e-03 1.223406030128517752e-03 1.060653022474363242e-03 9.494324279184497518e-04 8.980285643977204421e-04 7.687791931270679738e-04 6.074687341536620221e-04 4.680918779566878339e-04 3.244550950337488516e-04 2.076211475240596286e-04 1.371825674769906799e-04 7.865692340410913137e-05 3.601111307237019727e-05 1.903882152326709064e-05 1.453286645057958936e-05 9.502736684248152879e-06 6.428371152374732994e-06 4.445933383702584757e-06 4.058979610032751331e-06 4.034388576313282685e-06 3.763140697477462467e-06 2.748921589627652176e-06
2.434611005498313330e-03 2.193965267224230568e-03 1.905243140315473257e-03 1.699056018838181669e-03 1.535208955842270930e-03 1.371708071966137171e-03 1.202619861333895741e-03 9.635253581526174961e-04 7.833597367457516107e-04 6.287455650179691507e-04 4.896142111387024199e-04 3.355665076407102080e-04 1.926891883477954606e-04 9.759142608741455899e-05 5.657604173422748516e-05 3.525377939315742405e-05 2.296225231839393256e-05 2.080902212207374496e-05 1.664892827773992726e-05 1.153179529227934526e-05 8.283265089984174202e-06 5.864799964771551752e-06 4.019173866481761270e-06 3.769536014229496864e-06 3.536599432240860808e-06
2.985489874069326491e-03 2.918829313426724199e-03 2.991417343962726912e-03 2.403500156529065571e-03 2.046161929262467656e-03 1.652942453345594481e-03 1.295388856888004528e-03 1.001281407039749912e-03 7.556266680191239772e-04 5.659113247040728706e-04 4.153514491640304608e-04 2.886718151924276684e-04 1.692972192294889212e-04 9.207090489054115098e-05 5.527321022169725905e-05 4.011685851710077380e-05 2.979350613350235870e-05 1.897999558275819765e-05 1.230852939679164916e-05 8.713527666116546516e-06 8.424884025746000950e-06 8.469025328203843680e-06 6.414009271707241364e-06 3.658633551722385963e-06 3.170296059479445798e-06
2.026663218661597671e-03 2.146328897067755013e-03 2.129009963661012382e-03 1.934406976276221166e-03 1.744461912940095151e-03 1.479227211714457440e-03 1.235922157465835485e-03 9.929056168063467563e-04 7.977442697386422001e-04 6.822593077014648408e-04 4.961914838091150510e-04 2.969929982592819776e-04 1.590938280509571646e-04 9.392535406379768248e-05 5.822939304723526264e-05 3.520805208614023659e-05 2.245810688978686827e-05 1.464767933322368769e-05 1.109589259022677904e-05 8.279844098815234901e-06 7.165348230515835939e-06 7.510147612600385231e-06 5.279526386352851712e-06 4.132219325462367883e-06 3.514729721468067145e-06
2.911936062149324267e-03 2.607525589752652823e-03 2.242323293362268564e-03 1.895221983824342841e-03 1.588949373688654113e-03 1.343488338650274594e-03 1.148287341926718715e-03 9.388792535783130723e-04 7.502810701410842333e-04 5.832676128802008518e-04 4.627221350908958730e-04 3.472352745589150371e-04 2.277928759205592464e-04 1.392089860785286040e-04 6.775429116763683759e-05 3.298312227766530077e-05 1.792903720485688527e-05 1.211236779433492035e-05 9.501089743060142019e-06 7.718563759298798947e-06 6.170975568220291428e-06 4.569401947596720526e-06 3.154950665371118534e-06 2.573095964289381768e-06 2.495586337717247352e-06
2.146089330633666609e-03 1.860509366232576808e-03 1.664777456310128669e-03 1.496340573919758589e-03 1.381418041567868430e-03 1.269009554863601442e-03 1.051935526111911134e-03 8.729998618929641794e-04 6.930180358062781876e-04 5.530514244960437181e-04 4.630314643605118268e-04 3.707503860942666239e-04 2.690363427194035332e-04 1.855897944824714846e-04 1.137668562767520265e-04 6.531311481870337617e-05 2.801843238517266445e-05 1.519661621115730074e-05 1.112826310234481104e-05 8.717331855422800300e-06 6.706732462186668175e-06 7.147536921842550619e-06 8.392108828043543344e-06 6.337968415928933849e-06 4.790235924748793831e-06
2.331383117881330805e-03 2.227081567376098473e-03 2.001770276315479984e-03 1.792903417986307663e-03 1.546105709749405173e-03 1.293287333780203082e-03 1.113316903291967528e-03 9.059415345112424014e-04 7.240298447865640020e-04 5.896905880360327635e-04 4.369497719642318574e-04 2.920594470758378341e-04 1.890716128779270039e-04 1.085071530717320168e-04 6.086002413682921005e-05 3.407865530100713698e-05 2.009202052165101542e-05 1.288972416097971641e-05 7.951516946812727557e-06 6.175417211293795131e-06 4.114858895375102456e-06 3.337483189707676254e-06 2.891401304659308035e-06 2.479972974127026970e-06 1.644157434449236453e-06
2.284950820887926212e-03 2.060618172664170893e-03 1.875310201702561378e-03 1.700255044749271038e-03 1.535806270084218465e-03 1.324402382612071280e-03 1.076431777634489226e-03 8.782699074494006598e-04 7.168763204425514799e-04 5.333396240029911759e-04 4.174332490976210425e-04 3.078630114774459094e-04 2.024582839386412133e-04 1.348771961230781351e-04 8.210288011636864046e-05 5.598465128194352790e-05 3.304231366481946627e-05 1.971794355729652258e-05 1.176669402313709351e-05 8.568456778775887173e-06 5.351519300779790867e-06 4.870987047658670348e-06 6.570210944053117540e-06 5.322085474752406529e-06 3.830368029524827289e-06
2.435971747315282456e-03 2.109660641232794474e-03 1.796013136352592795e-03 1.498138287127505569e-03 1.334446598266738867e-03 1.196917986215986730e-03 1.034447119339590914e-03 8.850358959162263513e-04 7.252443945461405474e-04 5.996725095258303691e-04 4.550792599197629566e-04 3.313336537848727095e-04 2.435014790944021968e-04 1.555692251188199485e-04 8.635248547394174358e-05 4.859918908349334244e-05 2.841048507512126240e-05 2.066392230641905841e-05 1.237989386599457330e-05 9.307492837078011304e-06 5.284641175039597254e-06 4.153209220983048109e-06 4.027747271239093312e-06 3.904155678007687863e-06 2.536708230882057541e-06
1.841674970394996088e-03 1.534524504036503074e-03 1.582576482305709945e-03 1.386689561289906891e-03 1.236438983485307376e-03 1.015769807399603906e-03 7.736017778630630871e-04 6.517031357054460169e-04 5.585810561725508203e-04 4.548190218516100095e-04 3.553043135595769291e-04 2.532289656861049019e-04 1.816710958501500581e-04 1.156132128862807126e-04 7.870743805320462149e-05 5.053849685391131533e-05 3.005287724354295024e-05 1.837893933426595826e-05 1.087396043785614696e-05 6.406956604259546507e-06 4.689824224370938776e-06 3.520962350812464949e-06 4.032773953178028980e-06 2.929587125960793353e-06 2.084998313530872040e-06
1.428232582118903193e-03 1.324153522339324793e-03 1.205282929284057919e-03 1.032880937984937894e-03 9.039463766478163242e-04 7.975546613341055486e-04 7.110897528595228057e-04 7.211595084827318028e-04 6.355855870953121788e-04 6.020646424536037992e-04 4.400348373514208493e-04 2.852249435615000837e-04 1.858291227640237857e-04 1.089715298182399370e-04 6.714431084757956222e-05 4.572520009781684932e-05 3.087941579259198034e-05 2.199899881760507633e-05 1.822146217188315556e-05 1.527361623754352844e-05 1.043127783284793718e-05 7.301616666333559669e-06 3.970199822856153062e-06 3.811533336295378669e-06 4.405533478242994377e-06
1.680610892095987709e-03 1.435668394106384867e-03 1.224986132867269227e-03 1.089035020496392911e-03 8.975027279618731819e-04 7.387970754161428616e-04 6.244269961051605693e-04 5.243216530179259849e-04 4.462200048164272526e-04 3.809267845279226249e-04 3.178359163502218125e-04 2.430146982627578100e-04 1.890315183087228589e-04 1.401901530708118829e-04 1.027955498928232191e-04 6.826734288835734456e-05 4.678415362705263939e-05 3.480331991287526240e-05 2.227652549924133529e-05 1.436044011305918971e-05 1.251701803844761982e-05 1.287583051791131945e-05 9.032299249766623299e-06 6.367815798538736001e-06 4.857474846690961299e-06
2.095344557663768315e-03 1.746977300186036437e-03 1.275551630926572474e-03 1.023721278365347489e-03 8.309219212258084006e-04 7.218143816276858171e-04 6.162027234488692178e-04 5.347179120569516475e-04 4.621758659257716242e-04 3.708418982444724099e-04 2.971176979127892548e-04 2.409515893569295962e-04 1.935028562492528616e-04 1.454079104942294486e-04 1.057652578221874424e-04 5.845848349028478380e-05 3.151069815087945565e-05 1.902260252722624435e-05 1.190294763167610221e-05 8.026119988709402153e-06 4.630946948526172254e-06 3.580292220982647574e-06 2.900263790874576912e-06 2.582667927901128788e-06 2.875871631368946346e-06
