1.844230745785765480e-03 1.236237247801003298e-03 1.049599233606424370e-03 8.595240283950955932e-04 8.310673464450267500e-04 7.887322208618653598e-04 8.826081127386988055e-04 4.978229201058218065e-04 5.798856091142817271e-04 1.020487703671931748e-03 8.104057670324312131e-04 3.405354536674036025e-04 2.412188779800748123e-04 1.734612536143918826e-04 2.664156060522909699e-04 1.403028565444685715e-04 4.948449134679572346e-04 2.947671151043358717e-04 4.907498496651328075e-04 1.994737043392186824e-04 4.873731974680429861e-04 1.008803974596287744e-03 2.704334760100771031e-04 1.967079165799802485e-04 2.948575544878287392e-04
1.113724440912985947e-02 1.046556218744463564e-02 4.334980608321115265e-03 2.394135831228224199e-03 2.428916065768743030e-03 2.037282155624875035e-03 1.164111321663427456e-03 1.499479288919409190e-03 1.272136754262019696e-03 8.272738365549550882e-04 8.359994539437256298e-04 9.679542063495272372e-04 6.880196726619529400e-04 8.749553992398443778e-04 1.229026524145903580e-03 2.648174565696198319e-03 7.360099233986819875e-04 9.587490243377264467e-04 4.396767463395776063e-04 9.768887722800471789e-04 1.337734761594852433e-03 8.281291903694506032e-04 1.102027739612536795e-03 8.546704278048118403e-04 5.016509094535074806e-04
3.207046840019657508e-02 1.856467457908548765e-02 1.233108137617971826e-02 6.474292898663325593e-03 7.672776767048206277e-03 4.249420469175515559e-03 3.282370576312421562e-03 1.553079436879830884e-03 1.896649278441493204e-03 1.558516227335375809e-03 7.732602914138567672e-03 2.806459394276715740e-03 1.819732867730402409e-03 2.632156171253166891e-04 9.306924285185038835e-04 6.045099918933952545e-04 7.571131139077749359e-04 4.910392680518612784e-04 1.675444079266462426e-03 1.491978528578646922e-03 1.456578999737825767e-03 9.626035402185303090e-04 4.322117577290228636e-04 7.685707871073896779e-04 9.088586294719282676e-04
6.955050346822340759e-03 3.456093597599550499e-03 3.003745920096539696e-03 3.111630943834427059e-03 1.402101563572115406e-03 1.028920429289254977e-03 8.795312592673278952e-04 9.129848953518039135e-04 5.443960780111252798e-04 5.233833108238358399e-04 1.114708570635886261e-03 7.568766111958823931e-04 1.335128078912962849e-03 5.827317731241323830e-04 9.100575900480019180e-04 8.327207556728394170e-04 2.088729361153128777e-03 3.291431425885139156e-04 9.193812933482720367e-04 9.702108315809891779e-04 2.282838046438671572e-04 5.207188679823943848e-04 7.117676483230268598e-04 4.310341984529320459e-04 7.312751561647848602e-04
1.388542843962457460e-02 1.281636080905679612e-02 4.453788040626043519e-03 1.601588627232522358e-03 1.491729148040489171e-03 2.604821016613710627e-03 1.564182627641183283e-03 1.522104007856608411e-03 1.366163545439936372e-03 7.320725337586020919e-03 9.394856862670982649e-04 3.620973859402695154e-04 2.541551006016579128e-04 6.961993360061769767e-04 6.515236329244236896e-04 4.912902873385902253e-04 2.565871531824694043e-03 2.797602454573128866e-04 7.639177180331143280e-04 2.569437987400705948e-04 2.237016423041094000e-04 3.249194320243044168e-04 3.355597224530985152e-04 6.038602325448095892e-04 7.868042827994970335e-04
3.040793716604179610e-03 2.394938919232526570e-03 1.104592083391506101e-03 8.560712109285339945e-04 7.883876235230183587e-04 7.552001601604037447e-04 7.158718981711259923e-04 8.633790153701398958e-04 3.973659792272469030e-03 7.760329416753618866e-04 8.194041885741477557e-04 6.612994078971427781e-04 1.157308393132680177e-03 8.297523370344741210e-04 7.619056303039857666e-04 6.214461554705279439e-04 3.965946000850657902e-04 2.108840213625125682e-03 6.484718371943543882e-04 8.437898926895241432e-04 2.253404521795183101e-04 7.762974832346538007e-04 1.469930499620127106e-03 2.371114362752849689e-04 6.381830843931185363e-04
3.653949931551875654e-03 2.401624024073907137e-03 2.276700954278574121e-03 2.221121013595948965e-03 2.195994815344173411e-03 1.387207182586602198e-03 7.681041479047111872e-04 6.047144776415976173e-04 5.971468976355364354e-04 5.133380384055782073e-04 7.866688550097423929e-04 4.754755558483973093e-04 3.952295467584415615e-04 5.452025631568328552e-04 2.229200998139302468e-04 1.660343138066493565e-04 3.471505543881330111e-04 4.071749891826002311e-03 1.179559293982787929e-03 2.881241247857066240e-04 2.232230927310968496e-04 3.916549851092563901e-04 4.171764870765711387e-04 3.320385186410649853e-04 8.987194264712902204e-05
2.158579059518075244e-02 1.050260245621634399e-02 4.462595640079099722e-03 2.363667483964294706e-03 1.620414840674788172e-03 1.211764547921732665e-03 1.298066442123041366e-03 1.130682764954413005e-03 9.952394917352750878e-04 5.459260198718979273e-04 3.670476819638046661e-04 3.300757612286457513e-04 3.071344166963982294e-04 2.388699154134609414e-04 1.079604580946097746e-04 7.576565555650026916e-05 6.913113002339520748e-05 9.432683696083724273e-05 1.150519611059080526e-03 3.255917679612908258e-04 5.560219814063332972e-05 1.704190613902359082e-04 6.555292662540123999e-04 7.220241018331627087e-04 7.544915230168637967e-04
9.761238582511140224e-03 6.773365161852214732e-03 7.053142126967306552e-03 4.605569560874079281e-03 4.330873199988709461e-03 4.523101772404171730e-03 3.426050185906605577e-03 3.761959498566758674e-03 2.195560441625428547e-03 8.258817315488978369e-04 7.020770525963857499e-04 7.944527416871195605e-04 5.755432815562696799e-03 6.574682700111736042e-04 1.401427347489367966e-04 1.062241652744356352e-04 4.035341803456448198e-04 1.890537197738736486e-04 4.269935189567116113e-04 3.245359053287666883e-04 2.766992213864551088e-04 2.938805320094632829e-04 2.866392405111905443e-04 6.891129372269808907e-04 3.701698416909680075e-04
9.374566475082883599e-03 4.774425012836951664e-03 2.977493282486544032e-03 1.739985524656641365e-03 1.566782057543412597e-03 1.599312605157205899e-03 1.580546892661330218e-03 4.793197035560295069e-03 2.077671264572719754e-03 9.446588302711124083e-04 9.966155195837687625e-04 2.524492835361848413e-03 6.876562486958397776e-04 5.586340440715284548e-04 3.836231939260748339e-04 2.201072469801305866e-04 4.777163535786214509e-04 1.045814291962216067e-03 5.751222082375244057e-04 1.480016074238217367e-03 3.961670220543354122e-04 6.083819677437445842e-04 3.607932858454282053e-04 4.883600562544682805e-04 7.159476579671000557e-04
5.957710164355822097e-03 3.463153902728989281e-03 2.873329736061539397e-03 2.466865171217223068e-03 3.240330013937075485e-03 1.996938693326111552e-03 1.092539625611442652e-03 1.178088744804416587e-03 9.146978549745312910e-04 9.459545629803698319e-04 8.541128982187946687e-04 4.738159000302977837e-04 2.234912766516282336e-04 1.238502828907054156e-03 7.862127699816900614e-04 4.296596063522338180e-04 5.004392935466301295e-04 1.913721732443151712e-04 1.228617517121615810e-04 5.520863407065643332e-04 7.938041426287880710e-04 2.379363717015154506e-03 2.490910258117673328e-04 4.162566101070858311e-04 4.881116286351887203e-04
8.057334790286120596e-03 5.486760915384815071e-03 2.306339465765767666e-03 1.606778697069728874e-03 1.334172410853025435e-03 1.470683131120221641e-03 2.129010780804642487e-03 3.237917038121774713e-03 2.317260721507562703e-03 2.271802956670313997e-03 2.927499687185136125e-03 6.448441870356061813e-04 2.834191388062237086e-04 3.912010799823485274e-04 1.000670392908246654e-04 9.608141110299039868e-05 1.033822496170848625e-04 4.195959955061016899e-04 1.643030822782899506e-03 1.268698646034985018e-03 4.324436018978289071e-04 1.718594436737811868e-03 4.453926629421774120e-04 8.803740113620801789e-04 9.125224933578514547e-04
1.912756653100436193e-03 1.463386835209954046e-03 1.131116786182300403e-03 1.388025142332881138e-03 1.671034470225095901e-03 2.441202454536201601e-03 3.465853168185379762e-03 2.061761686035944695e-03 1.658624053876139046e-03 3.088308782825920085e-03 1.475720062257794649e-03 6.383012555868375825e-04 3.181402785533999776e-04 1.946612992589788157e-04 2.158000501790425217e-04 3.427283839936163526e-04 2.068466425026000918e-04 2.800142340189752384e-04 1.033865014948097389e-04 3.265016324995908799e-04 2.166164900226269009e-04 7.047506953132097593e-04 1.517499224568512068e-04 1.416416472406334739e-03 3.654689849904077374e-04
4.745364841026406683e-03 4.942920769277765573e-03 5.499524370760466158e-03 2.767438671500557952e-03 2.668607596647980078e-03 1.812146962590022170e-03 1.008598929362202303e-03 7.521891643837585626e-04 8.280847843660508242e-04 2.679923577298434605e-03 5.609201367192411967e-04 3.207686513323225789e-04 2.013546193718081516e-04 2.469649678724888226e-04 2.489023677051026501e-04 1.768235227921281078e-04 6.090077259429346225e-05 6.957623270605081222e-05 1.537678206944430618e-04 1.245636657852651149e-04 7.266514804072499297e-04 3.017415687762269190e-04 7.812546672620994132e-04 6.917585239302158351e-04 9.335665927014637948e-04
3.333721712876137888e-03 2.358305077159231905e-03 3.860334157076524518e-03 3.489214660755324184e-03 1.838797425430862501e-03 1.412189097130605317e-03 1.308017538260352166e-03 1.506171324678460492e-03 3.373608085681209252e-03 4.718624679572938976e-03 7.802674979973119691e-04 5.924856647676465457e-04 2.911957879163325539e-04 4.279152774155439991e-04 1.213728496978277180e-03 4.897426211390570059e-04 1.512517689456931115e-03 5.524138065263246465e-04 8.807735034816525064e-05 3.150187409049157324e-04 4.082826601164665260e-04 9.838253879641974640e-04 7.540295543341560790e-04 5.293066865887218614e-04 5.912441190060458958e-04
4.687056164046854434e-03 2.799156557080957012e-03 8.888619730038597663e-03 8.000942149064022013e-03 3.872996968908123082e-03 1.094317657525876140e-02 5.216620497026839762e-03 1.714724910888118341e-03 1.658171447426638441e-03 1.064133251895598656e-03 4.301477457049356534e-04 8.725359798326594741e-04 5.462224920772909857e-04 1.843652841972015532e-04 7.994424477128063162e-04 3.527997232891480787e-04 1.662972619707021405e-04 1.726218915835591892e-03 1.650090162635068280e-03 2.163069832410335642e-03 8.026859438245320146e-04 1.351176413382963216e-03 1.104472751438104238e-03 1.195705725563134128e-03 6.520580565419104328e-04
1.520375551441895210e-03 1.522945258843144559e-03 1.786074609447437737e-03 1.962012149120265572e-03 2.183838392737860474e-03 3.203770532566947021e-03 1.279690016448839680e-03 1.384605365585692702e-03 1.362828994724944731e-03 9.053132005703865091e-04 8.750492104019860122e-04 5.284210144089813337e-04 5.033975475852292677e-04 3.549231911014645580e-04 2.880221418598219322e-04 1.647676934341441067e-03 1.540823096555192853e-03 4.439729830574189943e-04 3.381935229771547251e-04 1.440144774243124935e-04 3.142671483029825432e-04 7.892871169956945524e-04 1.487590355578976425e-03 1.143564868016806345e-03 4.370098762880559283e-04
8.108220563418068677e-04 9.968019940815994392e-04 1.427851151771329609e-03 5.629657113433480641e-04 5.843383510635144149e-04 4.413362527717048438e-04 3.930669214422571520e-04 3.795524095377750718e-04 1.270204288360736802e-03 2.295606798525574605e-03 3.341001248269607690e-04 6.102805008838285998e-04 4.631732948032705457e-04 2.105282264166019666e-04 1.473953123380272213e-04 6.774757392224330229e-04 7.177540203832117466e-04 7.873947184735270548e-04 1.669549889722306887e-04 2.876179805569310018e-04 6.824615848124550646e-04 9.529281311091931852e-04 1.352401269150546505e-03 8.956576506146125393e-04 6.495280688086635390e-04
1.812597326507276504e-03 1.500004186398686294e-03 2.038083925121802944e-03 1.050756062164241982e-03 7.607843064226262313e-04 7.755829950682715168e-04 1.203332447837276694e-03 1.219016255975497809e-03 7.333636306510167655e-04 5.611421755591364984e-04 1.689581130409880273e-03 9.143410795504153471e-04 1.379285832136620520e-03 2.466926003311695572e-04 7.929383989633241592e-04 1.773839911370280603e-03 1.085614982940086141e-04 3.386175014139966273e-04 6.345343051617636631e-04 2.545114426275395421e-03 5.428899818706781457e-04 1.264582420497480141e-03 3.498678270206638280e-04 9.541756154934879141e-04 2.408779673008081283e-04
2.322659256146253435e-03 2.089886169137251514e-03 1.420052924390845760e-03 1.312051327973274249e-03 1.456947130146316570e-03 1.526576842758937047e-03 1.623711902961308710e-03 1.463058663701790512e-03 9.918220605335773422e-04 5.574689440191637124e-04 7.862563997927971091e-04 4.470580576591973100e-04 4.454318542581079754e-04 1.340959110195993247e-03 5.360290776805389087e-04 4.885047121041158650e-04 9.091711263146794869e-04 1.730238088330017282e-04 2.826745619442459214e-04 1.913704587195953820e-04 6.064996517337789593e-04 1.594865248618200027e-03 6.163464728290859269e-04 4.516937843453576245e-04 3.137445458169148553e-04
1.940428596424057395e-03 3.950616860647486114e-03 2.624763563008124072e-03 1.447739584275911694e-03 1.559449638127583405e-03 3.666836430961980652e-03 3.906193471001478349e-03 8.491722990245125641e-03 3.275678459431068026e-03 1.475530688244633881e-03 7.551650362062947144e-04 4.926723987380456082e-04 2.943500933554467174e-04 1.958263027493409422e-04 1.801918275224487415e-04 2.115440783088071933e-03 1.796548112861562948e-04 1.059337079822883585e-04 1.175350305461311953e-04 7.936575130893467472e-04 4.565877996304107660e-04 2.343842878593215820e-04 1.628302331273482478e-03 7.072653062747147898e-04 1.747385577524251899e-03
9.495477274802731349e-03 8.152499972948005699e-03 3.578685569708908807e-03 2.012199356931932033e-03 1.520506834609462081e-03 1.348233607784065377e-03 1.137628023667710707e-03 1.109156255268169480e-02 3.718009953287971549e-03 3.476917774544229043e-03 8.291299358100292713e-03 4.070943582197360244e-03 2.584619213712658812e-04 1.500086421665463698e-04 1.676651363963196689e-04 2.615745186568967681e-04 3.262282198871948994e-04 1.248812304960025463e-04 7.111909700472834927e-04 1.060573797627628427e-03 1.373962512450786939e-03 3.529372071031837226e-04 4.565085762959536129e-04 6.568317676960354042e-04 4.072815815515966526e-04
5.661280746454347423e-03 3.709453105418080657e-03 2.926156750329515169e-03 3.509640304533893831e-03 3.732198125862055526e-03 3.145406492834302778e-03 3.095852483980198432e-03 1.699053560235213537e-03 1.564002461864539119e-03 7.667355319971682660e-04 4.742837677865125215e-04 3.645918913218743193e-04 2.236575246808824983e-04 1.320103548231668113e-04 7.813712958666391010e-05 2.057914887311887745e-04 2.121878181057085505e-04 1.991111932233514883e-04 4.509249560630815214e-04 1.216360185300794337e-03 7.537859580268019668e-04 2.307816282709257069e-04 6.243165646961665403e-04 8.349147389600128323e-04 6.517918300997208210e-04
1.679069111181519117e-03 1.742674543956898667e-03 1.908981856531834090e-03 1.526284266925928990e-03 1.736275100834954767e-03 1.701637243369735590e-03 1.173336094630746465e-03 1.113979510742845553e-03 1.671573240135254112e-03 9.565755470243609030e-04 1.138923407832343002e-03 3.124709070285754792e-04 3.279811653663889607e-03 5.811019911020675948e-04 2.709039377850321561e-04 2.040278777899855720e-04 6.468591912417952488e-04 1.888673287589149273e-04 3.070341194390558423e-04 6.358787536351581714e-04 5.446658261618334473e-04 3.448630093530625357e-04 7.407134827579466224e-04 1.666335738430816836e-04 4.300869933038514313e-04
8.373250159328020446e-04 7.756341283062871250e-04 5.995728014945847159e-04 6.173135290867420594e-04 1.968688779197037310e-03 1.102530510832730720e-03 6.096002916495643804e-04 6.742124021089377153e-04 3.576646296761548552e-04 3.271448472764812584e-04 4.149838171718788914e-04 6.449358382512569449e-04 3.432272255546521978e-04 2.135100089806870780e-04 1.963494368606642478e-04 1.005218353010825294e-04 1.387401400761775891e-04 7.519380935485407496e-05 6.675712608382278299e-05 1.726344068645626717e-04 6.036277522717184690e-04 5.771558944328815865e-04 5.079529434408219845e-04 9.031041932510556255e-04 6.932357567829785681e-04
3.236401228200410686e-03 2.884043292028382575e-03 2.107537541623846072e-03 1.663896081221629243e-03 1.534775598351173238e-03 1.082056782223326337e-03 8.503879047792882494e-04 1.503624749672023090e-03 9.630628422449161608e-04 2.117676283695554655e-03 6.924716548750508389e-04 3.250364194604904943e-04 3.042743292843372045e-04 2.858239075775658258e-04 1.107682935589869491e-03 5.165265618943871463e-04 5.613223434779665859e-05 9.720326954967120950e-05 1.416941431908003244e-04 4.787766944082991302e-04 1.184793353722327861e-03 3.889242582591717710e-04 2.117866136826116667e-04 9.603443842814225664e-04 7.460636332099436149e-04
1.332550711305333698e-03 1.380027332110394340e-03 1.193435695695051332e-03 2.724337705000319260e-03 9.224584601061820190e-04 9.005093003431013758e-04 1.744449934581023594e-03 6.736075627683889462e-03 6.298645793146532678e-04 1.841520665084220038e-03 3.692177693378604253e-04 2.932709696038724952e-04 3.194653641478688191e-04 4.372351418359334712e-04 1.992876581334515227e-04 1.087897584929145995e-04 1.508471591503511696e-04 1.265290439244152467e-04 5.184995221688501753e-05 3.116910867181142512e-04 4.021939409004097392e-04 4.437089144438073661e-04 6.584264553446106914e-04 6.343295119653261354e-04 8.751652940053016722e-04
1.137125728921430058e-03 1.834837551980689208e-03 1.221387485217704551e-03 1.687322329571182408e-03 1.851736100640799390e-03 1.272255462831096062e-03 9.974609842944570648e-04 2.066764339692777827e-03 5.275369335760138030e-04 2.564634352189561033e-04 2.816673804939526823e-04 2.716363673423929535e-04 2.104204737259371481e-04 5.458891651975210585e-04 1.932411303556204514e-04 4.441814904278355847e-04 1.502711388888699942e-04 9.617073998073752622e-04 1.774367421286828341e-03 3.520084280232628374e-04 1.385111231419865869e-04 8.165963954188967897e-04 3.829896133246832790e-04 4.948448980431432477e-04 6.852804545426519154e-04
3.481698053166756238e-03 2.323627130058652634e-03 1.985343762499745292e-03 1.825261160292883248e-03 1.292645655021295919e-03 1.382918394808022771e-03 1.332558070061130905e-03 1.876387324839480595e-03 8.255327909701932294e-04 5.890091547349061334e-04 4.626087779624974143e-04 3.575058354196590559e-04 2.273927514695038728e-04 2.433849623628691358e-04 1.541558777825860688e-04 2.941442145286281328e-04 1.115415825826705630e-04 5.512114875409346445e-05 2.284289184137667248e-04 2.425436202975872328e-04 1.710362845832666271e-04 1.862143719498767717e-04 8.048898184136795298e-04 9.083164284462190907e-04 4.444125809610202714e-04
2.120753744872734634e-03 2.131623220294575575e-03 1.720545352707595309e-03 1.504161641441785924e-03 3.743289288768346379e-03 1.558946845647223977e-03 9.865238624229121650e-04 1.111128599549246476e-03 9.667205421689328100e-04 2.186755464689909677e-03 3.686918088159836168e-03 6.962537599794188905e-04 1.366879827200143116e-03 1.740802785692696620e-04 1.515874296629356665e-04 6.601186177913252696e-05 1.395904900986979905e-04 4.368130916084428709e-04 8.409946365931967411e-04 1.020608540536140259e-04 2.171264932517487931e-04 3.762259243885032398e-04 3.314793572598223408e-04 5.548915935140309556e-04 4.079680271802086939e-04
2.202705304152383515e-03 4.349652708855073456e-03 2.511076940930489446e-03 3.420589032514162291e-03 4.644179154027906764e-03 1.845897663269899279e-03 1.022579136146079676e-03 8.153568647430714652e-04 8.263219388587819290e-04 2.064829368971527173e-03 2.124782365104244120e-03 5.358775634997750862e-04 4.108676124049367474e-03 8.260926123264326730e-04 5.503250389565044181e-04 5.102477467764516801e-04 2.494332462434959395e-03 2.795569877305144899e-04 2.390599571228423429e-04 8.418015354613592660e-04 1.966833346017717325e-04 6.181272363941267122e-04 3.154453893252468183e-04 7.465348699868007854e-04 7.296792618816456055e-04
2.683135249315289628e-02 1.970131372615731638e-02 1.108745544146527706e-02 9.981137333475375087e-03 4.513871681851998503e-03 3.923667860152361270e-03 5.871838534491612312e-03 5.463236540310795891e-03 8.779198650704591765e-04 8.083634503327802746e-04 2.133670076564266049e-03 3.143899551831134519e-03 4.493178745097847586e-04 9.190222803212235066e-04 7.967138063196967752e-04 3.626381032906239501e-03 3.092422173574430055e-03 4.844105674159038732e-04 4.996228356061541490e-03 3.414128256150359493e-04 9.049012453714169258e-04 8.749135655015701082e-04 6.726357948913020725e-04 1.251274977038537017e-03 7.628761253530897844e-04
6.823861266334464541e-03 5.137069766378929252e-03 5.231953693629906241e-03 4.358629759641306604e-03 2.466742750744562937e-03 4.925963679203573808e-03 2.952170664580348707e-03 1.787951783214151600e-03 1.257311071082719894e-03 9.239922895240605411e-04 6.231481829324842826e-04 5.829816444259716722e-04 8.379194220776633052e-04 2.383297391564505579e-03 1.036720904818202657e-03 2.395214645763729926e-03 3.561104096628651310e-04 1.696757590174110609e-04 3.537091569061581622e-04 3.326624676560945210e-04 9.456124154242621276e-04 3.979345428634674105e-04 9.762041886573762269e-04 9.132478033930326077e-04 9.818667630534386528e-04
9.879596074682962109e-04 1.211949968497264950e-03 1.789155801658940358e-03 4.428697139181557441e-03 2.434681634315386412e-03 7.352225230166774955e-04 5.532881299362422999e-04 6.713105190050936170e-04 1.946760024756171142e-03 5.399764741210467608e-03 4.030790511209308633e-03 1.068737530512483495e-03 5.781043300292676608e-04 2.000589559571331157e-04 5.170057027178482810e-04 3.043037674015183248e-04 1.856573638006482965e-03 8.406698163922280689e-05 1.234590179464446487e-04 2.424486344565125891e-04 1.192137686744630822e-04 8.463290515493035026e-04 8.748164186111661786e-04 1.515889853458485389e-03 1.213087979725358629e-03
2.142218360547856314e-03 1.839247919147363707e-03 1.367615267338086107e-03 2.663692822988234909e-03 3.907587463175838521e-03 3.027418778076493896e-03 3.739534617449968412e-03 2.273449682406154457e-03 1.971403282868469144e-03 2.635752226898815161e-03 1.788230227292184017e-03 2.437176214511730526e-03 8.360066337455280931e-04 1.124765188613092385e-03 2.257640669453654723e-04 2.985146382045981810e-03 1.272552869478804204e-03 4.770267898445256362e-04 8.453793926690458772e-04 2.022804010947013107e-04 3.519103106535469670e-03 1.225956413821572112e-03 9.095453444805076974e-04 1.680687740519496841e-04 3.366351554369657667e-04
1.478763974657775837e-03 1.824842207529674565e-03 1.851416590180039864e-03 3.556355867485412690e-03 2.657486657130516371e-03 1.124648580120662022e-03 1.677114397044719317e-03 4.067929050818409886e-03 7.401250399589229603e-03 4.719545617240234088e-03 8.352707023374232901e-04 3.771307856432306368e-04 2.573834812985054165e-04 8.444752698350083088e-04 2.354896163195972401e-04 7.617633138646475333e-04 7.842073226613992080e-05 7.263186636702456526e-05 4.874965141790469649e-04 1.866479296779210084e-04 1.834345410589453200e-04 7.410266398639223616e-04 2.293194272983592843e-04 6.977085733566537216e-04 8.065941242422476707e-04
1.232062116661029709e-02 1.002053029619128822e-02 1.497228036247362851e-02 1.835647179126525044e-02 1.529997667250577661e-02 1.005651789531895879e-02 5.659491129436412978e-03 7.296452950762591198e-03 2.364763857299705379e-03 2.457561961841157969e-03 2.304948233389687590e-03 3.600529478989776978e-03 2.063631461670284266e-03 5.473177463619852004e-04 5.313946577566934330e-04 3.726030137103673650e-04 1.425108086476749606e-04 1.390652231835847158e-04 1.767371781239859645e-04 4.443434968617763158e-04 1.997425430521979333e-03 3.615949484306992326e-04 4.007116871523461383e-04 5.008721371776713198e-04 4.119563933746359227e-04
1.395748943953490674e-02 1.016890861749640551e-02 9.057970520891018076e-03 2.433810392986189564e-02 6.609092606977810466e-03 2.146416495956367503e-03 1.593224756907696315e-03 1.680501166765240115e-03 2.729977307366859580e-03 7.049447615078841944e-04 4.442028244298720134e-04 3.385809147025004842e-04 3.734135306094653393e-04 1.449060007844083843e-04 8.365864061414613937e-05 6.035529459740148709e-05 2.297381181846318960e-04 1.302765050398581033e-04 6.322868846043780541e-04 4.866632939413951761e-04 2.380747840225066233e-04 4.412204529589617685e-04 4.309109309649557934e-04 5.848938541490037628e-04 5.030975112293962570e-04
3.630192204907543158e-03 5.788306952211414759e-03 5.021180411684194635e-03 7.409428620415809894e-03 7.803040281903822137e-03 8.436127455455364257e-03 6.320098584539847637e-03 2.920317332484405424e-03 6.491313465072335968e-03 6.252464057040866066e-03 2.865771905725451700e-03 8.270237178113915705e-04 2.932052412921375790e-04 2.076334996379821740e-04 3.980657263316555918e-04 4.169440231064088062e-04 5.475209676256396780e-04 1.612698773267985533e-03 2.385976086247092523e-03 5.890054130808006607e-04 3.593202679821809291e-04 8.691774328865362444e-04 1.523320757110569867e-03 1.260088351122210871e-03 6.623192467912578660e-04
3.958076299502246397e-03 3.420157063666309262e-03 2.617774807707410299e-03 3.091016250801781502e-03 7.221040986718375160e-03 1.141146155305414710e-02 2.280617839309854317e-02 4.030826483073794014e-03 2.752669532445731725e-03 1.616783048961702857e-03 2.231641361564006519e-03 5.065737412874128176e-04 2.625168925956772401e-03 3.395719917826341572e-03 6.548298390777845769e-04 3.367314970084559281e-04 1.921944271258549993e-04 1.556842708700366959e-03 6.697895507329963780e-04 3.374936310088641001e-04 9.097143506462742214e-04 5.651774729916040404e-04 1.151454382069452571e-03 4.362583125556095641e-04 1.663350794607801938e-03
4.182215539884752767e-03 3.117081681407613339e-03 2.286145708523673603e-03 1.088477105414122981e-03 8.393862271126154061e-04 7.516983784039213412e-04 8.493412832174519712e-04 1.155272517649876679e-03 1.444061203224638245e-03 1.733584296436449642e-03 4.019793712120236714e-03 1.767752310988919768e-03 5.204218302770687466e-04 1.397124482744343003e-03 7.407070289646107203e-04 2.265085487385049001e-03 1.314649490566588636e-04 2.076591062300057067e-04 3.631391734783516456e-03 5.004997605891234281e-04 1.033583158990199289e-03 1.818892992595377974e-04 1.294326198737494609e-04 5.769844277625864239e-04 1.590187491307925183e-03
1.403621143064793598e-03 3.881768167104483747e-03 4.172475874686527343e-03 1.773663845036673641e-03 1.285862705104149576e-03 8.940599941647505225e-04 7.827164153821269477e-04 6.989691511393843421e-04 4.614864024813389830e-03 3.089918404599477277e-03 5.690996151100169952e-03 2.970437729318276270e-04 6.841144183152314019e-04 5.514171656189428318e-04 1.955114204058746284e-04 8.705880386909924877e-05 6.363412368198610421e-04 3.590611487645444487e-04 1.359072487584526371e-03 2.627426351871647468e-04 3.294546048613772489e-03 4.194604172852290746e-04 8.017284813905732697e-04 3.052644670229372735e-04 9.235234746344571583e-04
8.760328823466547940e-03 5.651632075360931221e-03 3.742803726331813113e-03 2.530622526089448213e-03 1.568523680851499147e-03 1.100398521081389020e-03 1.008039046682840823e-03 9.498081544560728340e-04 1.489367005743731133e-03 3.174653590196727364e-03 4.801446367768272879e-04 1.176306617765450566e-03 3.510583198515665232e-04 2.667263733060523103e-04 8.452779264323999700e-05 5.258900205505715473e-05 1.036861343440008453e-04 1.430137094414858851e-04 1.678143700912774512e-05 1.035240150777572870e-04 2.018345133071267495e-04 2.178237250474345226e-03 1.178944963222594913e-03 3.564901268688917997e-03 7.041060566369412551e-04
6.191233886873686448e-03 5.474375683960315542e-03 3.996943250553152208e-03 3.222059168818095995e-03 2.643185159313327440e-03 3.101739521412729024e-03 1.974434477257201379e-03 6.399846155512488787e-04 1.375642826979820831e-03 6.361142680681832265e-04 5.911220896210932305e-04 7.640871464543724919e-04 2.933981415133354994e-04 2.299319136861024222e-04 1.342468849342596344e-04 2.066043412919693655e-04 4.619063547570333118e-04 9.954089378405863125e-05 2.632911344802627246e-04 2.163541905542662772e-04 6.808839487845897050e-04 1.842683457054925173e-04 1.642921500699892883e-03 3.582957448095908039e-04 6.659868118955336895e-04
4.584008149544398225e-03 3.574141234024941650e-03 3.594017245670873533e-03 2.663661610473927379e-03 3.257195589794438170e-03 2.446282975162518587e-03 1.676890244164165340e-03 1.526098185263647343e-03 1.038852983999490661e-03 6.941703023520026227e-04 5.388821254698079053e-04 5.150920501085152993e-04 2.027391407391268530e-04 1.632855019515532587e-04 1.808134641262393858e-04 1.147211598281475716e-04 4.658067561477023189e-04 2.173284797138519517e-04 8.500327314386681198e-04 2.107497664531147725e-04 1.485939046707148651e-04 1.326465991575537207e-04 6.756801537665739184e-04 9.153755636527834746e-04 1.319397378262311812e-03
1.824334577635269850e-02 1.435809049076746183e-02 8.998491274195115353e-03 9.284909282595598876e-03 8.931430922492929886e-03 7.318761623477860502e-03 2.902378373336318620e-03 6.644560230025515005e-03 2.283992571304214320e-03 1.166373965717566524e-03 6.284817221475631722e-04 2.361934007043047998e-03 3.199208842390939599e-04 1.600852571760799886e-04 9.454219291695230070e-05 9.576722758909990267e-05 6.814086424057483804e-05 7.190561220520088346e-04 3.475910238840946393e-04 3.259916618761445799e-04 2.803092445488404496e-04 1.559490855603647629e-04 1.165064728623177578e-03 9.062311288864268854e-04 1.035393911712402960e-03
9.697324437888040286e-03 8.603940225803722100e-03 8.874580018810184281e-03 6.552861292079836114e-03 5.955603694141733094e-03 5.127147801988841090e-03 3.747105126835878746e-03 8.824453938062238462e-03 3.864390506639759758e-03 1.658147387182504597e-03 7.804910594499202443e-03 1.887227801848605745e-03 7.736610369591445440e-04 2.161523319763199147e-04 2.043172898298991507e-04 1.949655409826029403e-04 1.542845197376314882e-04 7.920964097513315250e-05 1.297870340185571349e-03 1.525750246467614472e-04 2.773449910751124570e-03 1.416151907456051750e-03 2.791579917520677144e-04 4.199944178507691536e-04 5.737065386871864365e-04
4.828683357817841609e-03 4.049985747730349729e-03 3.254356563192870293e-03 3.091631526336138368e-03 3.794554728075563276e-03 2.916144492075044194e-03 1.713299766134061082e-03 1.194587229233365138e-03 1.086181540290210006e-03 8.802051771283270947e-04 5.405512528453308360e-04 4.165443656169536793e-04 1.391442320622822025e-03 5.026208199495088525e-04 2.031798259681753664e-04 2.123139364673249079e-04 1.685791960817027951e-04 7.289710621946387864e-05 5.966995910038511240e-04 4.649797507831992388e-03 3.402712156760559622e-04 1.084387953973493324e-03 6.989084962764017389e-04 1.820153669230151628e-04 9.422674723669788614e-04
1.884247813146987163e-03 1.470677511085772757e-03 2.012031933469924250e-03 2.268535522575092049e-03 5.628351524676293918e-03 5.021736019762090136e-03 6.211463307956350925e-03 5.604190559290277499e-03 7.764990149605186139e-03 4.082132138879725029e-03 6.248002755235422491e-04 3.690511657752096005e-04 3.291827368512529944e-04 2.644053594794598932e-03 5.868594266796765217e-04 7.417193928703531705e-04 2.071948880017547654e-03 9.215964042629012616e-04 2.514760855206182996e-04 7.666818470879625596e-04 9.882748970574512480e-04 3.590058493746894203e-04 3.552822889903511309e-04 1.436804229518132007e-03 2.407766226628344983e-03
1.444674234383889208e-03 1.729929633077018601e-03 2.603456293094181823e-03 2.339524254511682506e-03 1.463333121446539712e-03 5.397291879522663491e-04 4.692551992805129549e-04 4.369171163575226750e-04 7.932071343527051597e-04 6.739529894185287843e-04 8.937561728765381708e-04 3.867744882503590820e-04 7.060829668936438380e-04 2.015413534447560071e-04 2.776963032641789251e-04 1.008213440153082945e-04 1.702892333146080938e-04 6.613928684644573711e-05 1.748456068604907357e-03 1.684696192473744041e-03 1.463577797170495065e-04 4.621250975834292093e-04 3.388366824552888068e-04 1.071676999533006849e-03 7.578432539939784253e-04
1.398037825139797829e-03 1.184878513589477040e-03 9.789377857503326740e-04 7.579171710180425967e-04 6.329985450886565709e-04 5.351491955667704147e-04 4.710508527784742312e-04 4.076409046487926920e-04 3.910877420868947869e-04 3.434037232171277239e-04 3.079032549864256334e-04 3.287180329319395978e-04 7.110182950518542828e-03 5.406401625877689868e-04 2.306177362679862671e-03 8.761995913274304125e-04 1.375091293216788141e-04 1.513640324579430677e-04 9.581716949312531250e-05 1.823508216558764625e-04 4.940674539627524240e-04 6.618365643613300861e-04 2.086921687235315250e-04 1.382331599978660873e-04 1.002043870810101966e-03
6.320791959371354143e-03 5.657728135279591238e-03 4.664051913132638734e-03 3.990209471242471898e-03 5.606932760848021106e-03 4.392573567535159804e-03 2.217997093455519996e-03 2.471389875043522935e-03 1.644699939261332240e-03 9.709825387570397487e-04 4.011497352812649908e-03 1.423918591827111335e-03 3.485602296212923952e-04 3.453369057122770026e-04 1.446524940188460644e-04 1.310958316687078234e-04 6.536279602550380233e-05 1.698993156407211389e-03 1.122968004705215614e-03 1.820982393105877075e-04 2.287462940908824738e-04 3.814473107403742774e-04 4.497744472130834671e-04 2.556120272418687051e-04 2.091902778536652006e-04
5.809562929113965338e-03 5.364670282414172979e-03 5.312053933240520193e-03 4.468889893883190752e-03 2.509623565606087028e-03 1.625412537756412657e-03 1.746441550241216141e-03 1.572959077629218667e-03 2.161285549354037723e-03 2.357656511043400814e-03 1.589149957459796546e-03 7.940506834721182319e-04 5.093233642207015610e-04 4.049272887259355424e-04 5.453420443100307803e-04 2.368248326437962588e-04 5.961196497218209300e-04 1.284159592480778843e-04 1.298977555808219153e-04 8.446190048388543185e-05 6.704799343557366368e-04 4.592870660268779845e-04 5.907991699472124776e-04 1.153389824581066729e-03 2.193161741113239900e-04
5.850223891524106157e-03 5.265516801727493888e-03 2.535622717903027786e-03 1.480367644185910355e-03 1.284145037378555537e-03 1.107088003055175466e-03 9.351832799304058081e-04 6.299452005614915957e-04 5.601431050617051381e-04 5.027204483861750974e-04 3.956631681743890566e-04 2.952642092718927268e-04 3.605568371832567958e-04 4.156126285835291855e-04 1.745888898878683528e-04 4.471561252398482630e-04 1.418106451348273133e-04 2.048180685261840792e-04 2.466183159651827179e-04 6.010778263200257420e-04 1.811468813596082755e-03 1.103531201321380183e-03 1.253473886193315302e-03 1.541630452957119942e-03 1.117579338528809857e-03
3.921218072803817414e-03 3.821615110077778051e-03 3.255958826015773345e-03 2.392953539586315480e-03 2.219167927343633061e-03 1.782692999728174377e-03 1.413875879708102138e-03 1.612650564903369502e-03 2.471832431732495870e-03 8.123437591165129064e-04 5.388476874827627340e-04 7.371459598725771780e-04 5.834380462953566880e-04 3.124057130967863470e-04 1.773287885233708187e-04 8.851293248429233009e-04 5.908260335171859048e-04 1.219275758955188000e-04 5.458520854687605727e-05 7.737477292600722280e-05 4.390840442457876565e-04 1.896210497990745165e-03 1.875776915292318235e-04 9.144655229270260560e-04 3.096767774917136913e-04
6.693491889749995233e-03 5.392610583133073017e-03 6.607378843365855139e-03 5.599846752595400400e-03 2.433255412093581101e-03 3.740806886423390584e-03 1.388088876549163977e-03 6.506103776110474992e-04 1.407805576440525125e-03 9.892769675308211736e-04 1.027277005531689090e-03 1.039215267479466544e-03 3.120150595540057727e-03 1.420820445935469262e-03 3.061658756235019572e-03 1.232919426597287081e-03 4.523598324183702871e-04 3.557224775232297733e-04 2.040056275700873371e-04 2.496901259890346920e-04 7.827551904348436715e-04 7.444893259604584744e-04 7.477815487804446862e-04 5.704318415916188097e-04 6.669818602581401978e-04
4.357997971444700462e-03 5.804251504736085247e-03 4.257681984027771732e-03 2.996573558419516562e-03 2.341957632085306818e-03 9.318310703178886000e-04 9.398382836123594236e-04 7.115368424123190731e-04 1.288334188175847220e-03 2.256772337578865674e-03 4.500637868572657631e-04 5.074720104210560766e-04 3.836365487898719148e-04 2.022738578170328670e-04 8.228533404170631268e-05 2.748859237637376988e-04 1.707667260928613033e-04 2.866177288932870819e-03 1.089442549525356787e-03 3.809813633642643131e-04 2.583999415757471437e-04 4.652997423284487293e-04 3.035675556242375668e-04 1.974812861820374882e-03 7.821199330026721479e-04
5.132145121274035368e-03 3.111287750652712205e-03 2.469721726278663321e-03 1.882771648142730556e-03 1.362690124006702861e-03 8.499825619146916377e-04 5.857197976117303057e-04 6.134059610987487900e-04 7.415057814925729617e-04 3.748025641653358474e-04 3.563319350829902469e-04 3.183689155677057146e-04 3.186805354162820618e-04 8.580717818913211840e-04 3.517979389439024394e-04 4.201656555655434869e-04 1.744045372196105048e-04 2.176085971900558642e-04 8.245389623828610509e-05 2.840703239260968112e-04 3.946261570524819940e-04 4.790792711846326231e-04 8.536099101291935460e-04 8.710184563948934365e-04 1.881946819411999417e-04
4.109729477971718094e-03 5.099912358454248770e-03 3.668304410860021188e-03 3.377445629691945908e-03 3.581881815591094961e-03 2.042180996392255372e-03 2.493997251552703982e-03 1.496446822372527082e-03 1.242920505062285186e-03 9.873754163308341453e-04 7.326235217667211464e-04 3.563699776397222588e-03 2.920874031895341356e-03 1.275380829360020713e-04 9.389622922162385653e-05 5.748253431209370446e-05 3.795796640261865136e-05 5.112644458194259481e-05 1.185805104914010565e-04 1.609441319741723362e-04 2.259061025333896310e-04 6.495664371381936657e-04 1.832077325873859191e-04 4.957347523001564768e-04 9.462412565923814661e-04
5.942052009286767286e-03 4.472492098771338118e-03 3.877310359199341843e-03 3.503172450484266353e-03 4.734592970257370248e-03 3.070493758151918509e-03 2.644121918532730924e-03 1.692570859060407024e-03 1.457519062504954339e-03 9.521559394131387435e-04 5.629332972150317190e-04 3.478322152743633985e-04 2.129002941918878083e-04 2.280311305577958155e-04 8.511593978906543034e-05 4.096000636691248041e-04 1.012936398968594253e-04 7.290868338561846138e-04 4.670471649538345568e-04 8.133777064002847314e-05 7.695374823682879332e-04 4.044674257858254770e-04 1.163328478633665402e-03 5.519380106609883411e-04 1.374119987361695477e-03
3.081921862532869399e-03 2.401544811485521388e-03 1.749578978538520509e-03 1.304781787273681009e-03 1.035520125463995156e-03 8.626040503726046301e-04 6.579650424426609781e-04 5.533481071962984433e-04 4.822791881768619593e-04 7.302508175539134533e-04 5.304284645662887560e-04 4.832456810667172769e-04 2.527050224044179779e-03 1.404584194475166936e-04 1.241543593607750419e-04 4.118755869051742230e-04 1.923225559628142579e-04 7.851923999432812787e-04 2.510501717439315799e-04 2.314976924511254718e-03 1.789110907570398451e-04 3.988154573788812518e-04 1.955668421545196135e-03 7.657802497086227877e-04 1.561909160224862455e-03
1.470998037489850471e-03 8.127413876045726411e-04 9.461138064694647222e-04 9.439459483455069034e-04 1.392675435908050660e-03 1.615663490284817124e-03 2.334745632588557974e-03 1.608878953505453848e-03 7.677747121211381384e-04 4.092808165170533363e-04 3.180522801800508555e-04 4.358953643157108997e-04 3.088017502934754474e-04 1.523281851877654816e-04 1.169451635906680430e-04 2.407920167633247586e-04 8.291751538233017816e-04 6.765215458690406391e-05 9.574374334168397730e-05 9.575587045560812922e-04 4.520519036302547418e-04 1.505224152193054485e-03 1.276600483763838364e-03 7.148902808681049589e-04 2.287024490703476194e-04
5.649690978506772751e-03 4.680930531294498660e-03 3.497777734286674524e-03 2.919421092382902712e-03 2.550084249543007123e-03 2.509813855974294110e-03 2.011526560526174547e-03 2.274414569624324915e-03 1.377490914921219826e-03 9.640908289343573740e-04 5.842378448157593785e-04 6.471286412664581898e-04 2.994884468866520219e-04 2.803470504770219944e-04 2.243591993564976299e-04 1.269477620498545966e-03 1.108535553471520036e-04 1.305963742019350306e-03 5.855522308549272227e-04 5.095086350459600332e-04 6.537619892558404566e-05 6.124442420472593716e-04 5.175221553148393007e-04 3.197938674355514134e-04 4.900277224175818942e-04
6.331290156677181480e-03 5.098333314171097155e-03 5.227445245395531855e-03 3.959520413148970124e-03 4.117710384614047328e-03 3.348026424125685133e-03 1.576421869422401202e-03 1.454004213929113633e-03 1.192973702651806264e-03 8.396578917036401270e-04 8.075034812168105369e-04 5.287654065761979985e-04 1.831195375831068070e-04 1.086227565555160206e-04 7.917924931249940563e-05 1.129027173710998308e-04 1.576364760051725408e-04 4.633696336069839520e-05 2.102642550065303418e-04 2.659751680643486580e-03 4.090745304324338639e-04 7.011053114464767255e-04 7.139430987950822274e-04 1.111035036730221312e-03 5.754434055780359176e-04
6.247334028386630940e-03 6.541895260066939166e-03 6.326955493308719820e-03 5.051576064381708628e-03 4.020143017597632012e-03 3.422058604208653119e-03 1.938152758452696325e-03 1.783024561397554119e-03 1.296334300685722529e-03 1.237259852218227730e-03 1.776385411416360732e-03 1.771915515240427572e-03 2.182934030636363599e-04 2.067727005656322034e-04 8.908048232978381387e-05 9.822157681752636746e-05 1.720282733281504101e-04 3.220201388565598598e-05 5.969272791687206645e-05 3.197061779833792604e-05 2.554619341132050394e-04 1.108854760403956861e-03 3.388298563448625522e-03 3.973540712744137705e-04 5.107557901266006469e-04
1.203490373564699255e-02 1.235717582190335243e-02 1.180619372591742294e-02 7.151429079472546545e-03 6.500563312442173697e-03 5.271222672741588886e-03 4.442412896703342405e-03 6.037482146008577022e-03 2.562453525528292884e-03 2.834462654634622818e-03 1.143312365325465036e-03 6.305909844980800557e-04 3.297817896399799962e-04 1.299491138841046736e-04 8.673178939881405047e-05 6.830265783172913697e-05 1.689116858696318099e-04 1.913454617506253359e-03 1.749086303659754199e-03 8.802516727078986891e-04 1.344709996398665104e-03 5.093616143259135486e-04 1.803062479627425203e-04 3.775071472972868513e-04 2.150382048814115238e-03
5.431470811151133116e-03 5.106182761929040602e-03 4.366374497625185105e-03 1.855681350159905712e-03 1.042925143517500937e-03 7.404636202713018927e-04 5.026992417227022988e-04 4.340338575726203482e-04 4.807803132919897778e-04 5.122480464098853534e-04 3.904212810828931344e-04 3.877047866293595779e-04 2.525974591325220076e-04 1.926688663001497584e-04 2.785122910695890779e-04 1.909767646622403990e-03 3.374609682088377952e-04 1.650655987594095320e-04 4.624257923389882351e-05 3.851859338286914227e-04 3.456333325621712988e-04 7.266249771121814909e-05 4.737688767675993944e-04 1.627176933618993022e-04 2.934080225106010156e-04
4.323321539183080757e-03 3.715973943697446161e-03 2.501261361741847697e-03 1.712735816547648893e-03 1.042323119067568469e-03 1.288097794194487935e-03 1.511173763696078585e-03 2.278476389375181602e-03 1.937070904654613311e-03 7.154727798483256559e-04 4.457695559413532766e-04 2.338899932206319702e-03 4.231198634543327855e-03 7.193018350957156590e-04 3.175140630339178438e-04 7.549871410827075149e-04 2.047444545230787645e-04 1.437960846779968906e-03 2.460177114523675180e-04 1.115128086096064692e-03 3.123736181941248638e-04 3.108520851085580300e-04 3.551877418422801232e-04 8.028090619190405642e-04 1.410497489042289009e-03
5.872207053222955504e-03 5.972724378957620928e-03 4.464072235430929445e-03 3.951825057812623568e-03 2.627919394196111345e-03 2.200797077499383209e-03 1.843992084040089151e-03 1.696635969491865417e-03 1.089191568103285756e-03 7.422054140684720145e-04 1.446526399799747190e-03 7.017870324838560402e-04 9.268571019191188757e-04 4.405772282374633732e-04 1.513301717967470243e-04 1.486454418301321704e-04 1.190098466346041538e-03 5.470244541858512678e-04 4.951340314479233057e-04 6.242498400991402163e-04 2.002875470804980115e-04 6.035036520158210257e-04 1.341614928611176540e-03 9.133193239366614591e-04 1.124623471116306716e-03
2.384223886734173920e-03 2.443534997932884142e-03 6.637447224162466679e-03 7.146144308406703061e-03 3.126331866909435719e-03 1.626811634443461885e-03 1.436762875065529218e-03 2.405696187381862333e-03 1.666736804889650848e-03 6.736432287991029558e-04 1.528784419912919369e-03 2.693616468883251475e-03 3.643003281305923235e-04 1.607414768729602532e-04 1.251111971220111667e-04 3.403652681631675215e-03 3.551294980443503706e-04 9.164546427367196459e-05 1.765543550184928384e-04 6.022754065448677465e-04 2.753122296261250224e-04 4.362582224808534250e-04 9.043289391967272587e-04 4.292120922951995284e-04 8.049312341908498132e-04
2.088070873856180155e-03 1.967115034928880284e-03 1.153992607528751650e-03 1.847829354732129139e-03 1.304842909361026869e-03 1.062105456952326926e-03 2.486711315046918197e-03 1.685402777324676539e-03 6.397262997971093048e-04 3.432639555627459106e-04 2.550783107818848728e-04 2.140682109028687480e-04 2.837753900117283702e-04 2.017946897748804287e-04 7.507769764967773282e-05 9.185217145028756172e-05 5.090258959462297628e-05 1.281193333089518068e-04 1.075796924510336733e-03 2.272619056145884519e-04 2.612423036220961779e-04 1.545789471000428108e-04 1.735515777326544740e-04 1.505386208293385682e-04 1.691416857804598026e-04
5.380008759958858355e-03 4.601663079174923322e-03 3.366755912248869248e-03 2.895092474764136576e-03 1.764250941429150324e-03 2.013191794495035412e-03 1.265570529277574609e-03 1.136352323290760677e-03 7.899211188440313650e-04 8.851564086149908087e-04 2.223523043924125495e-04 1.802724310610013582e-04 1.120184091210366470e-04 1.439930594006698231e-04 9.837785165931812494e-05 4.461636695502852547e-05 1.530445733442572641e-04 5.573806210835352890e-05 2.605046287639074202e-04 4.418378753201776055e-04 1.730822804531291926e-04 2.044497277445110010e-03 1.172524843858104552e-04 1.445703378916778602e-03 1.933081714485636359e-03
2.997524505740313192e-02 2.417835980592532644e-02 2.054496413518518833e-02 1.445564572832704064e-02 6.547014804548232161e-03 4.766316260664264955e-03 5.892202511332206641e-03 8.817516975931824139e-03 2.501885122013779855e-03 9.849662347487090665e-04 1.091179066783431496e-03 6.752799410090909449e-04 2.987997842958617454e-04 4.114896252582806065e-04 3.814612294891097754e-04 1.611934713232442270e-04 2.100223775777276640e-03 1.390502511380144668e-03 1.286603396938659988e-03 1.448139047776953381e-03 4.330870583460315337e-04 2.345290199889342312e-04 4.420022685960800978e-04 5.985342855849129897e-04 2.643965943486262173e-04
1.724027811567370796e-02 1.264710304097817033e-02 1.097619280518246677e-02 1.081114233555820724e-02 7.358485539144320013e-03 5.594806609666248820e-03 2.869560939509035406e-03 3.487547319229164933e-03 2.401320313181988346e-03 4.350821938202662637e-03 4.943820652607952733e-03 1.110591291211418877e-03 9.970589714331202450e-04 3.007398326285845233e-04 4.581035078593909495e-04 4.139527254629908788e-04 4.046869595066392568e-04 1.900552419051036235e-04 3.092161951759351624e-04 3.393118423890591337e-04 1.359582026791553806e-03 1.885520586679590013e-03 1.516377536886724274e-03 9.171378077462746499e-04 4.689384773816790701e-04
5.129490522537300326e-03 4.774881009083084896e-03 5.349791374200851303e-03 4.071326304019681937e-03 2.361735030640577972e-03 1.014497951222009635e-03 6.086252500459448950e-04 5.438030380971025507e-04 6.236680799730906152e-04 1.785923886946906135e-03 1.172878671285476019e-03 5.662274766180511090e-04 1.334805243664742786e-03 4.238512420260042639e-04 3.981265838082572199e-04 3.184546952509144813e-04 8.361863559882241892e-05 3.930127782000026313e-04 6.278040273229726961e-04 2.312585709445109082e-04 2.099251677211849427e-04 2.645051445472389813e-04 5.960984281482751721e-04 1.134037680788294944e-03 1.452114167748955631e-04
6.912724565440648596e-04 6.702954754852222729e-04 5.489264724531036938e-04 5.276994713953182510e-04 5.443147352844141451e-04 5.646188184298876842e-04 5.439373306756453740e-04 8.304416006921664858e-04 4.053919908855692432e-04 9.787856109426760348e-03 1.458341105324895874e-03 2.943200298444252584e-04 1.419678014134197240e-03 1.971506513600156964e-04 4.819061471876072531e-04 6.724940868113619345e-05 5.529690381496998950e-05 2.404319549453078498e-04 2.661284245549154991e-04 1.395659477852069215e-04 8.573485950546351963e-04 8.233443162465710818e-04 8.718189122380243846e-04 7.644898697563552942e-04 8.775291072449328171e-04
3.230274426301625069e-03 2.647585466466217258e-03 1.492650985311357991e-03 8.695205437643831669e-04 6.764009454566711392e-04 5.157711644108943418e-04 5.076961454727877592e-04 4.185422363444733893e-04 3.092238384296636046e-04 2.798760815059672604e-04 2.917106087147290291e-03 4.204152077014181770e-04 1.950877749272378683e-04 2.400265236710241148e-04 2.288269305403453722e-03 5.782324067933943554e-04 1.020160868649632005e-04 5.619613045171129099e-05 1.540644357558900921e-04 8.019245578124338861e-05 1.029664715043868964e-03 1.091471771336081486e-03 4.845486658847009587e-04 4.228259357054717552e-04 9.429570946614905785e-04
8.387316222641131788e-03 6.413290653777557575e-03 7.136017064656945304e-03 7.261994751228182006e-03 6.617258087948343047e-03 2.280763161853774194e-03 2.237211494094356375e-03 2.013510875199105935e-03 1.238086427193836950e-03 1.016131853846477659e-03 1.338875611439510572e-03 4.202223791238406982e-03 4.680732722722352507e-04 6.487626189842863461e-04 1.370171838322260457e-04 1.118281753115422884e-04 2.236519746547742371e-04 3.494174599656456283e-04 5.620351934449699036e-04 2.772843768606441609e-03 3.105968248531642390e-04 1.696696997325415808e-04 1.002986745052730647e-03 1.485652020410764725e-03 5.367023559442534678e-04
5.515110706253168078e-03 4.479410314504692764e-03 1.992155805414557758e-03 1.797991715153668792e-03 2.132300558330085024e-03 3.690695048307978191e-03 2.018072097919415726e-03 1.765049270410268701e-03 1.063643774390938927e-03 1.922942092267463602e-03 6.067291280263760814e-03 1.611332636300316081e-03 1.412117120821151754e-03 2.941971564997218755e-04 4.019179052811574452e-04 1.107427564606226891e-04 6.436941660229382293e-04 2.540601801675867587e-04 4.952595812692391449e-05 6.797450796136858878e-05 1.404672995542364513e-03 4.675971603296866902e-04 4.736965933095853396e-04 2.115378183076292089e-04 4.395303852236373196e-04
5.147051091209162328e-03 2.665532104691388342e-03 1.603292950817286535e-03 2.197839138137186628e-03 7.448760337726119223e-03 1.880082662571612526e-03 7.107683118858642169e-04 1.613605979241105031e-03 5.350421973760112644e-03 3.130545367203376415e-03 4.330994249942943632e-04 3.500493967851206218e-03 5.820935016307946267e-04 1.173592127701544266e-04 1.660840937154689967e-04 8.335993637061963170e-05 1.727427357962612751e-04 3.486515268662446492e-05 5.435786863541840371e-05 1.399984056725351255e-04 1.167821649958731596e-04 4.454429418494283048e-04 9.107033330388781709e-04 7.587743583141119252e-04 4.053762314008339221e-04
1.637839655090027238e-03 1.311921517940688349e-03 9.790119981049061337e-04 1.525170848757296605e-03 8.652411336706767328e-04 8.704214526044915575e-04 6.464958038772348212e-04 1.108863340973367459e-03 1.095880007835249624e-03 3.216302341172670720e-03 1.678679761530787410e-03 1.390025917798794891e-03 2.759243338817656422e-03 7.613844309580272262e-04 3.622127526151288496e-04 1.125261644927537602e-03 8.690596026479282122e-05 2.539939837695423834e-04 1.541384507628191678e-04 1.008106351816039341e-04 5.457677318112650776e-04 1.736063301253645873e-03 8.845570272045305202e-04 1.292571837753317410e-03 9.020822421797889323e-04
2.757131633066819791e-03 2.585798205231859548e-03 2.238698231921219545e-03 4.571625424613692465e-03 7.731798236794810118e-03 3.973482363368983743e-03 2.178173439135342934e-03 1.233659904974024986e-03 1.018731027696505613e-03 1.057330168202772012e-03 9.111362772171355305e-04 2.973779600730848058e-03 3.632603952839445240e-03 2.000490882424991860e-04 9.014808526364120444e-05 8.865654935072448284e-05 4.232141348784437991e-04 1.306714416987807183e-03 2.685557679653549569e-04 5.016203714422749803e-04 1.627282844203527257e-03 2.012964115364052411e-03 7.079279844291278554e-04 7.324907785694966629e-04 5.254701164747231992e-04
1.065294689391988424e-03 9.092187397449141362e-04 9.561670930868580547e-04 8.384973473667133069e-04 7.312067961870536564e-04 4.945315699424965034e-04 4.965197012300186664e-04 7.505327643462910564e-04 5.503310927311552605e-04 3.361755192000413306e-04 3.475019650026353146e-04 1.209713295555671391e-04 8.839415050031462469e-05 1.284755468528008546e-04 7.833536822053810053e-05 1.836860578233926020e-04 2.234974820221716533e-04 1.184248846410331305e-03 8.707257834185680911e-05 1.766270529614378897e-04 1.097282822221920312e-03 6.703608485420447334e-04 1.723633634551003128e-03 1.740598486103980954e-03 7.668020300291598446e-04
8.172889694046472225e-03 7.060716708867533983e-03 4.437213832889970282e-03 3.309562023437251539e-03 2.703193766745681705e-03 1.867892707555224166e-03 1.408283989461366981e-03 8.167976539004635815e-04 1.177946377666580545e-03 5.766532372384810265e-04 6.428162084209699829e-04 4.634852958280259467e-04 4.129806520630572154e-04 3.951272886689754962e-04 1.592158507846729498e-03 1.441387713523186961e-04 5.413296225495657253e-04 1.119508956185804081e-04 1.852153266737125055e-03 3.810835013180534185e-03 1.391027591121635882e-04 4.199057804599426978e-04 9.624335414065562574e-04 6.285219580018944424e-04 2.529642299522747773e-04
5.393812489149845193e-03 5.589775600584251554e-03 4.104792154661431568e-03 2.664518451024157526e-03 1.272314327852482876e-03 1.096931960707695462e-03 7.867423570266040243e-04 5.515696965660146301e-04 4.447436034921563612e-04 3.866925960779211296e-04 7.506165166715828615e-04 5.041589506093552232e-04 5.629275760712711563e-04 3.968696887877678136e-04 1.836713702184389102e-04 1.129452987766118872e-04 5.384987997712326589e-05 4.849861076021593685e-05 5.685996040272408040e-04 1.277884512894019158e-04 3.473391276030480851e-04 4.187902815077066245e-04 6.012921196226793993e-04 6.666511337094250264e-04 9.210180114267924652e-04
6.992273480222747223e-03 5.267392878854700033e-03 4.135617780836301285e-03 1.231652213528849037e-02 8.165611454051747292e-03 8.269994004077695776e-03 3.879887895768308753e-03 1.932581585146994716e-03 1.377283533365460501e-03 1.025126667706848915e-03 6.547511924691418270e-04 4.608557250977510797e-04 6.264152481049510383e-04 7.475489299647553824e-04 1.413276180261425076e-04 2.721028457921026737e-04 7.354289722181467479e-05 1.767047541271963933e-04 1.545262095348147284e-04 8.065327672855243917e-04 2.981282502451260965e-04 3.535087171074036139e-04 6.394769508796559806e-04 1.950658795445917167e-04 1.193460843169908379e-03
5.116634084759772230e-03 3.412101344097643457e-03 2.962225394315526165e-03 2.065303754168540222e-03 1.997264198610829503e-03 2.144838080705205145e-03 1.974045897019837108e-03 1.776577266482700593e-03 2.054036396564312174e-03 1.559570824818785461e-03 3.237483255091112497e-03 2.880807800560689666e-04 5.868060449035204015e-04 1.544062998041889872e-04 8.585001561188681011e-05 7.598914636421994547e-05 1.276568913802558205e-03 9.544776077781893381e-04 2.154162467807730751e-04 2.254178477682221868e-04 1.225358240328080041e-04 2.998641402272879527e-04 3.753354557060198729e-04 4.525088150881228762e-04 4.894229406978030644e-04
1.448472373321908237e-03 2.165930857285614398e-03 2.236127091455457870e-03 1.636732451491991697e-03 1.249490556220921337e-03 9.620150724534862283e-04 5.768356751114381504e-04 6.616993333375203144e-04 5.823150675823192141e-04 6.902166048441858107e-04 1.133424063280778033e-03 2.447897060453031130e-03 3.814242908404224912e-04 1.804364985804336849e-04 2.355264697098380356e-04 1.479391271404060940e-04 6.300992923205824122e-04 1.289652627464026881e-04 2.189646937552486826e-04 1.422491498477862840e-03 5.483903194989199958e-04 1.237028239511331383e-03 6.795505512413854482e-04 1.301323654580507482e-03 2.783149226262011792e-04
8.387058567962511410e-03 5.556726512351970425e-03 2.857458720251455919e-03 2.328304039523225628e-03 1.706020357516126879e-03 2.226537184578655966e-03 1.200773845822214816e-03 9.332176575768592495e-04 1.013020564312365175e-03 3.218665235013597886e-03 1.330939483895196432e-03 8.320729638877249514e-04 5.699249169595365944e-04 2.122984681612990132e-04 5.467383512501828658e-04 8.299270847363477376e-05 3.988245339451274669e-04 1.711596546481048689e-04 1.386692045529855084e-04 4.442184769601087999e-04 7.878692533073008769e-04 1.250911786802701717e-03 7.122173772578122442e-04 8.247519569356849675e-04 1.881466433370549123e-03
5.632426530321480579e-03 4.069580061925247641e-03 3.649333531668712792e-03 2.904842426338064172e-03 2.842319389451715070e-03 1.457283711272319227e-03 1.195690933508850636e-03 7.635517751794196860e-04 5.269508208550053750e-04 3.916151225843498944e-04 5.124303168652004446e-04 1.359425397547525107e-03 8.628916534102711641e-04 1.207394014145900414e-04 9.314953443269908954e-05 1.000810422534023213e-04 6.028556004307305670e-05 4.480070326768208390e-05 4.029501698076874656e-05 1.107976894064351678e-04 2.044033244937337995e-03 1.649668013385801766e-03 8.303138266531535396e-04 5.077811554791797789e-04 9.776145651490873809e-04
3.190542793720462390e-03 2.646260240043956605e-03 2.175344883477316974e-03 1.707385320742990610e-03 2.072444736895348236e-03 2.853915302399703206e-03 1.297897047891991267e-03 1.136671699177398175e-03 1.760940257725550654e-03 6.350390175315375309e-04 4.229278626886362642e-04 3.606282219984191495e-04 2.428391983868354801e-04 1.681889221593754953e-04 4.470756076925225622e-04 1.012909578574381291e-04 2.361954636004793737e-04 2.834457355440155686e-04 1.159049638486723882e-03 1.777629476441380568e-04 4.862327544121186748e-04 3.157618516985354973e-04 7.792539781032589100e-04 9.029853223221526127e-04 1.153320311203947591e-03
4.075172513706567905e-03 4.123050772492745618e-03 3.923523065527034261e-03 2.924565915280845536e-03 2.082579247290739302e-03 1.921097966467576190e-03 1.604653375322141794e-03 8.527269820465272626e-04 7.957175366566672774e-04 6.838970728570660171e-04 5.522547096791337795e-04 2.838086481529428391e-03 2.182833229304876319e-04 2.440338825781578817e-04 1.841190863904752350e-04 5.476952731930484312e-05 4.297428351375447782e-05 3.186672662766700149e-05 7.773168074212436439e-05 4.624874073102766444e-05 2.582183640843599371e-04 2.075623317192538475e-04 5.743038627565880344e-04 7.159184414295568198e-04 8.774573395786332232e-04
9.823084394767124961e-04 8.348567529447485733e-04 8.321279173708812961e-04 7.464659291045986798e-04 7.266747281944081630e-04 6.445423681841133071e-04 5.784881516674956689e-04 4.737921936543065728e-04 8.201689687142101103e-04 2.244534175176960463e-03 1.209481629838648174e-02 1.999514934655406435e-03 2.132997536081465868e-03 5.765810652342010173e-04 3.152822606263886427e-04 8.824624193270821535e-04 1.523066254254896383e-04 2.315781503889660078e-04 4.377153945499376222e-05 6.274762316089207027e-05 9.847368466217422747e-04 5.207846930267922506e-04 1.186043499238559470e-03 7.793172394064327947e-04 7.118109406732818934e-04
