1.089934548424228045e-05 3.637207310499805905e-06 2.499530955371713751e-06 2.038316137120988512e-06 1.446893330131340311e-06 1.318190021751054847e-06 2.628419811394857620e-06 1.021225742831636700e-06 6.619598628460236631e-07 9.857492202779760685e-07 2.207665969589152665e-06
3.745453677658735791e-06 2.618468491629722568e-06 2.476953505240364621e-06 2.029339765457372731e-06 2.252712399544662329e-06 5.609770303966602248e-06 1.581681554869814995e-06 1.115119371939473455e-06 3.623881944017850246e-06 4.289633172815244360e-07 1.369961775351595065e-06
2.042442186634357517e-05 4.883033134728612451e-06 2.641545695469090539e-06 2.799697944238526400e-06 3.560333216958027541e-06 1.353878653377447233e-06 9.236305456578520406e-07 1.126282323884974366e-06 4.244729643800335546e-07 1.254317942585884931e-06 6.667899514460398693e-06
1.262235214658557368e-05 1.001742995939161462e-05 1.116157942791717661e-05 5.505338680818639727e-06 7.335480478606373124e-06 1.747299966799467883e-06 2.529070782681185331e-06 9.541371150757638773e-07 7.358198710416192707e-07 1.135454333595992937e-06 2.118895830668866411e-06
8.745518956146271686e-06 1.648432635334448837e-05 1.644027317895444844e-05 2.402119789156538830e-06 1.753504775210983501e-06 1.244051277497449797e-06 7.994091738390640090e-07 5.895200144028882554e-07 6.649171413669065150e-07 3.064609846364622261e-07 4.717830961126954713e-07
1.254446824681981453e-05 1.244188688585023982e-05 2.325293733155573637e-05 3.944580478009716330e-06 1.569586688796752824e-06 1.028186650380015847e-06 9.592630419527809292e-07 5.964060924360235403e-07 3.224279780956467817e-07 1.207574432798249239e-06 1.614209409512745333e-07
1.409175537826257263e-05 1.065131239462258600e-05 5.711531019810088171e-06 4.744362524473025395e-06 2.342650812308422812e-06 1.220651890651617776e-06 8.106930998161584711e-07 5.447063270828276749e-07 4.256673313295981806e-07 1.170963190254718453e-06 3.055971685659584700e-06
1.219443953423927000e-05 5.167250503014121921e-06 2.041416940348535095e-06 1.372896634855032840e-06 9.679722831125514365e-07 8.792164515843022242e-07 6.935144874010439932e-07 5.460116919130140577e-07 4.682244197243782708e-07 6.737013432721727613e-07 3.632153788631101702e-07
5.231853260803293126e-06 4.649880543254867537e-06 2.860178023957384566e-06 2.240198160389361834e-06 3.530701929355353231e-06 1.398738737247426862e-06 2.065101091302386709e-06 5.732695132996335949e-07 3.520588048684074993e-07 2.145712850056061646e-07 7.240996687838691103e-08
6.810752196045271260e-06 5.034827923059987108e-06 1.069346955677712846e-05 2.307074192300537756e-06 4.012758483428539588e-06 1.543800583579498058e-06 7.174594978782797234e-07 5.377055426932052429e-07 3.258152830295094934e-07 1.671052097173853997e-07 3.103200361188182484e-07
1.402669422237676820e-05 1.951532328989203437e-05 1.252046405460167807e-05 4.751065571591509226e-06 7.979488879218870351e-06 2.885070114073628685e-06 6.510850968603978970e-07 2.738044260797189208e-07 2.331854120433557178e-07 2.047268558423059021e-07 1.658969065344232054e-07
4.598404872607345262e-06 7.476894766262261950e-06 1.744817967133266851e-05 8.790631887577725920e-06 1.531614113841811127e-06 1.326957235900648168e-06 1.324247317114117756e-06 1.802334340245969620e-06 2.435781179773372268e-07 1.545859650113932920e-07 4.119268899615973837e-07
1.231586231354361228e-05 7.574480776331815631e-06 4.996880856017467066e-06 3.286934179051564220e-06 1.052614951013802839e-05 1.623424238005968483e-05 8.482434063191757767e-07 3.085748635255324084e-07 1.632412692646458843e-07 9.117294145058505814e-07 1.482221212960139424e-06
8.284982741154501616e-06 5.811006773788577337e-06 2.862975667892528658e-06 2.710169551290173676e-06 2.371611612869805074e-06 1.720054176229702902e-06 3.832106395493499739e-06 2.263563741909190229e-06 2.809926512514464005e-07 1.188555920057511333e-07 4.116615200223563524e-07
9.292913614499961241e-06 5.608854683099517724e-06 4.243003401257726528e-06 1.193110318716534148e-05 1.579658131312353548e-05 1.927969742424915496e-06 2.551162308098852864e-06 6.730151604193105246e-07 3.199858921990320658e-07 2.378419580814436470e-07 7.893839349616673904e-07
1.077514739968189971e-05 7.027726133911414545e-06 6.001596837655390600e-06 4.444000063181302373e-06 1.423361115480934167e-06 2.029290519271154105e-06 2.367055945277078800e-06 2.909859000321474213e-06 1.700562154276933829e-06 1.808331571550832700e-06 8.568902807615583251e-07
5.068147046569076123e-06 3.718737017140799737e-06 2.688460361203355101e-06 3.663567453210557092e-06 2.106248447041632445e-06 1.196300451174321002e-06 1.113411141172033317e-06 1.428197315286642770e-06 1.429777318453803137e-06 1.635206445289020146e-07 3.337351530967224118e-06
6.811451799144276906e-06 4.755100985540341887e-06 6.257173181252273527e-06 4.596000740166781904e-06 2.368395082225642172e-06 1.388257991785994572e-06 1.109036815598129269e-06 6.494725659462746016e-07 3.806901231317059197e-07 1.290857252607010747e-07 4.023263364483085722e-07
1.762051297190139366e-05 7.460594459810301893e-06 5.123558730934407321e-06 2.703826538708456256e-05 1.719336116117121927e-06 8.282356716972951809e-07 5.110263751620255674e-07 8.551343254151397153e-07 2.081791221300099688e-07 8.846806195778660733e-07 1.469075875255975675e-07
6.721635431888239020e-06 1.033061639073698916e-05 3.110840812737660409e-06 1.674347859623811678e-06 1.173025300214857649e-06 1.616810936102175246e-06 3.676594608497157103e-06 5.450014768005930198e-07 4.350516004125653452e-07 1.297126503884984195e-06 3.233235854141073080e-07
9.669746405148434501e-06 9.605195499293549261e-06 5.596949103079115070e-06 2.581263278197178841e-06 4.166426609962098880e-06 1.854222869333318709e-06 1.750837611048715819e-06 7.914513259207298945e-07 4.328304144359062478e-07 4.806114452783408641e-07 4.180925194231862624e-08
4.750628566434906905e-06 3.232905216237537968e-06 2.529276558935309830e-06 1.954148746214521750e-06 3.172939993766311829e-06 1.195418207515261048e-06 6.925242685764314182e-07 5.615708657047652204e-07 2.885415186595175502e-06 9.764201644264789353e-07 1.324661746884491747e-07
7.767702660123032476e-06 5.113461996556969940e-06 4.382081912752636600e-06 2.469439664884394208e-06 3.156756622385007795e-06 7.098769911329953558e-06 6.630854580896224702e-07 3.992888111391743413e-07 2.615480824677750438e-07 2.615872487374755069e-07 2.573175605420623547e-06
3.125631454827094795e-06 1.385115675317576079e-05 2.005964029304674576e-06 1.303831974624220993e-06 1.362421518780795600e-06 1.057557486567309198e-06 9.927425277526559431e-07 1.549443889037319645e-06 4.814934778194318680e-07 2.550619572634979349e-07 7.959474076237478569e-07
5.519775460040181119e-06 4.674129331681961103e-06 5.217875663988356972e-06 1.235828450512662203e-05 1.749346091807859936e-06 1.220812193981033241e-06 8.463488183457850066e-07 1.225765155218456889e-06 4.524321352554563467e-07 1.319490105510603771e-06 5.063311025623160393e-07
1.584421030615349653e-05 8.033398789676947651e-06 7.866315085728037474e-06 4.557355566031844782e-06 2.185852345568431461e-06 1.590407992989632248e-06 2.196658656974126032e-06 4.102794984001628461e-07 2.633116359293668212e-07 4.194644671892923587e-07 5.332001074241431335e-08
1.280457898226463635e-05 7.851486390450546240e-06 5.293886142112832584e-06 1.282706513151978369e-05 1.625264073580774428e-06 9.500374804542109556e-07 5.803018601138591736e-07 4.455959818446461134e-07 1.804544858479106959e-06 2.845248305346459858e-07 8.002792868775890726e-08
8.657072177468038072e-06 6.304029715831828304e-06 5.739130389002719659e-06 2.976097630636694609e-06 1.655056895490192854e-06 1.901060548161774115e-06 7.926390891566743739e-07 7.209824753345842804e-07 3.123375016095813329e-07 2.652259550530825400e-07 1.950860605631215687e-07
1.500510863439608140e-05 1.526542590116218418e-05 8.232268435317663505e-06 5.120396736896702268e-06 1.683052844575654887e-06 4.098870430191677984e-06 1.047028321045861775e-06 8.036743398156120610e-07 1.449886745906710832e-06 2.556625192723196433e-06 2.156464677914463546e-07
8.070259810338056093e-06 5.695514329488123625e-06 1.009599161597853413e-05 6.370583568349734126e-06 4.255725191933730347e-06 2.344796539868226371e-06 3.612025370263161085e-06 5.746568937919322804e-07 1.643990210835892730e-07 7.137059231381562192e-08 2.417106640311470278e-07
1.405000214340244906e-05 5.721421882214541104e-06 6.778330390435350676e-06 7.993270205670194070e-06 4.236755744045162322e-06 3.580862064654417146e-06 1.426387674186443539e-05 1.088330727643760282e-06 1.603419636253308535e-07 3.787241385476835575e-08 5.682206900158285611e-08
3.412274412416033722e-05 1.609331949476703442e-05 5.009959450806601067e-06 4.121984121307197656e-06 2.066664750775319621e-06 1.361917853807916651e-06 8.387749853104990018e-07 4.298569367096889522e-07 1.825808143563537322e-06 3.057556870518031367e-07 1.316117229174389594e-07
1.205637083833335466e-05 6.713553027645777438e-06 3.852984913644050829e-06 2.660657704323494680e-06 1.740374317854042359e-06 1.291113191314954703e-06 7.783774328948357954e-07 1.512991569693777977e-06 3.539069981300101208e-07 1.301036758049930317e-07 2.081575532323397047e-07
1.007476397860282156e-05 8.520147754706242701e-06 5.698671752433880964e-06 5.785511669426746001e-06 1.123543936515819145e-05 1.914341857208848402e-06 1.501433445641200151e-06 2.528342956843419475e-06 3.096880077250358365e-07 6.813526232772478155e-08 5.254876416212959751e-08
7.050549019972074203e-06 5.083114675375472405e-06 2.545914520745888528e-06 2.551104173173323075e-06 1.449678849406433198e-06 3.646714043749386960e-06 1.260128450436572729e-06 5.263137206534186332e-07 8.351205297269313942e-07 5.073177056730101926e-07 2.470116540165133879e-07
4.801732313599866957e-06 1.923859438887610427e-06 1.293913951959366995e-06 1.390729794936958366e-06 9.939516166119844432e-07 1.088187473833660115e-05 2.566799454106667349e-06 5.859043135590316343e-07 2.729403989534882287e-07 1.108171735119532360e-07 3.785054111452338926e-08
6.054793170395390355e-06 4.852159516177555044e-06 5.543911020634256720e-06 2.227019228783887550e-05 1.902030654655461394e-05 1.812987820346513255e-06 8.841957275207196462e-07 4.341195168790956491e-07 2.461165936833118667e-07 2.703361438824096046e-07 1.399705678544274543e-06
2.792731385971394949e-06 2.516070842396448094e-06 1.768325183429722316e-06 2.059268044810228136e-06 1.498377319376246652e-06 1.514508740673000720e-06 1.920658338781857945e-06 4.820828429820036494e-07 3.159874596497724270e-07 1.867610049401761119e-06 1.172151170148702146e-07
1.054402914287869019e-05 1.012939625831174596e-05 2.384184894899517250e-05 9.402984405114050108e-06 2.462935748632711415e-06 1.283389952789959276e-06 6.656172135993229286e-07 3.298098293391673727e-07 2.562201994165797317e-07 1.039313643167438495e-06 1.780277657748115621e-07
5.493255258025686804e-06 4.409661668882715663e-06 2.491532344510612851e-06 2.231724095805917975e-06 1.630789384668333079e-06 2.405935310743665378e-06 7.555716079220534260e-07 5.149616856582445214e-07 5.689435451484831348e-07 1.488368809368011728e-06 1.103725311995388976e-07
9.284507016172184688e-06 1.135981406301779525e-05 1.165124174547937709e-05 7.037419058106068058e-06 3.977815817981097451e-06 7.817240360179928606e-06 5.085690268325806273e-06 1.932801844816383922e-07 4.330018029381352961e-08 3.812048278183526754e-08 3.574040206349972891e-07
1.120560704423922206e-05 5.833456146255816743e-06 3.201900503202271067e-06 6.447032474587209106e-06 1.109390422279179630e-06 1.080652519809751968e-06 2.969844601746197735e-06 5.126998956895081337e-07 2.679898156655366799e-07 2.008818947912964830e-07 1.331526599067006563e-07
1.851702050963217254e-05 7.628741266456920798e-06 3.719588037991797703e-06 3.110145616619466077e-06 2.264183660509786652e-06 9.344810021989209454e-07 7.330948052480692902e-07 9.782109849418206376e-07 4.111482683348758946e-07 8.356462582890299822e-08 6.212139959396656366e-08
1.020341336660027446e-05 5.998084142804637760e-06 4.455534992092701652e-06 3.018495781536583334e-06 1.345933381751572511e-06 1.048980014862782001e-06 9.021261818819272197e-07 1.983744214024677710e-06 2.795299749165715735e-07 7.749279787594257477e-08 2.877725941845843959e-08
1.130542472752766322e-05 4.017619601320011305e-06 2.232325427610673287e-06 3.353595121844829758e-06 1.353248436597199271e-06 4.625782657009697591e-06 3.730038656685891185e-06 6.095628087889175224e-07 1.985361525232667203e-07 7.154027403974637786e-08 4.751056321082213841e-07
6.652514152917268844e-06 4.426998889868036634e-06 4.436227575498883511e-06 2.931757513830589464e-06 5.424077791093939225e-06 1.169021642515948199e-06 8.446595017380247675e-07 4.910504323643927519e-07 2.653641173606365004e-07 3.349699641738715280e-07 3.455194710496824393e-08
6.424937560200323267e-06 6.205570420368422263e-06 1.568616353111823119e-05 4.865745954466460513e-06 2.732100484789950254e-06 6.674949949432103759e-06 2.919428432942091816e-06 3.674217608297291452e-07 1.395314677267054391e-07 1.048792923416049427e-07 1.669069571394946894e-08
5.193045124423612907e-06 4.067692134219422703e-06 3.089867855923289439e-06 1.960610104327003142e-06 2.305102836599150746e-06 3.520985645276385325e-06 7.048702390769340486e-07 1.514579345470456505e-06 8.059469878813557443e-07 1.278090165599550138e-07 6.782260985166256035e-08
3.978613268714677874e-06 4.023681515550534231e-06 2.929754679780902457e-06 1.651868993709901576e-06 1.798421657538320893e-06 1.363961359184858481e-06 2.178570297957335614e-06 9.983013720468186209e-07 2.781007243614599427e-07 9.157594632713820771e-08 5.453335052730816048e-08
5.752641099898591734e-06 1.593046856810098464e-05 5.667058488373650478e-06 4.567086226102014613e-06 3.395755853195299546e-06 4.860491908021579185e-06 1.104999961659024005e-06 6.977446015028329703e-07 1.787634772326643406e-07 7.391748659353193632e-08 4.387194612275191549e-08
