1.541272272345421400e-05 8.431212109989814370e-06 4.044067407149311572e-06 3.247689345920756200e-06 2.135202229838513749e-06 1.851852155617001653e-06 1.979090049087753501e-06 9.685117271535319211e-07 3.576697392292056915e-07 4.361157152103140829e-07 1.395283692266615197e-06
1.526524379701446089e-05 9.598345372153233254e-06 6.012995543652363914e-06 4.652410515169669007e-06 3.448554676396653480e-06 3.692776967753823344e-06 2.554148625754396686e-06 5.321645726583691533e-07 3.641165574533236806e-07 1.054665497297221033e-06 7.748337309157760650e-07
7.024490492111360337e-06 7.298854029524755239e-06 3.437873684310068675e-06 4.188849794901013958e-06 4.387561379968263600e-06 3.968096298072381593e-06 1.956805637221057454e-06 6.611471740504216810e-07 4.726593903816599263e-07 5.937888863723290625e-07 8.860612791956954368e-07
6.859934514822483187e-06 7.721453663970055846e-06 5.196754515993616462e-06 8.316772435300978544e-06 2.011518749627308224e-06 1.652815947765201744e-06 1.230660439301465472e-06 7.212564181854891685e-07 5.619256376571230836e-07 1.002973636121264037e-06 6.293862944690734025e-07
1.248087582882443347e-05 2.090671612982707224e-05 7.146230003641403806e-06 3.562374152345922560e-06 1.864301137905284971e-06 1.576909508386761880e-06 7.700949734633153980e-07 4.576543370307321896e-07 3.067750840063985988e-07 6.211245523686592196e-07 9.838907061006361940e-08
4.926967103789746626e-06 3.988118775403152117e-06 3.080937929456739498e-06 2.576568738523260027e-06 2.519345369971419630e-06 1.468763050034187127e-06 1.329843347719607184e-06 6.316737087290922337e-07 2.947029617442114121e-07 4.257030615929180272e-07 3.073217549203407222e-07
1.174211616508225015e-05 3.981985740284206337e-06 4.184059516000816107e-06 2.628181168030794698e-06 2.927082862562768884e-06 1.472183531380981168e-06 8.814585495738633763e-07 7.627980421448210536e-07 7.597623320711487136e-07 2.766267401456825623e-07 1.493385268484301352e-06
6.879594983292629839e-06 7.224185096524864333e-06 3.922725154209486625e-06 1.826257971399065274e-06 1.510399860784256047e-06 1.307110204980365788e-06 9.845710339610102528e-07 1.176459713300381129e-06 6.117736095656192675e-07 6.077340797518714191e-07 2.112399344182629242e-06
8.411896712192239867e-06 5.275021847992103908e-06 4.960209936252426834e-06 3.511329900891703974e-06 7.685297677153311131e-06 1.664353083730245379e-06 1.524955643998099727e-06 6.439595938622619212e-07 4.980468842615931711e-07 3.524418652489460408e-07 3.419592388337196157e-07
1.390948033752403865e-05 6.130598693567871675e-06 3.953063117689112376e-06 4.110122360077367617e-06 1.902449748446701067e-06 1.321410967174513602e-06 7.686646220235359087e-07 7.093085854752373036e-07 1.990397959261527712e-06 8.897578478691969604e-07 7.023491657639652478e-07
1.906252865620549972e-06 1.673329183322916928e-06 1.739959728715424452e-06 2.140481113508215613e-06 2.535033557971487864e-06 2.055161311532281624e-06 1.060889605724478254e-06 1.094636879806907218e-06 8.831834927655927537e-07 1.593400784315035322e-07 1.150527336009999532e-06
9.689134703809309813e-06 4.304291953339043097e-06 3.570831012212065735e-06 3.243734203116378140e-06 2.325337989328347716e-06 1.943405390804442611e-06 1.122387073264448825e-06 5.963662900650012301e-07 5.344901174103760987e-07 6.223171074180020419e-07 2.785686244947640913e-07
4.209164936135277241e-06 3.314156643044623308e-06 3.099067242254209487e-06 3.425205653635926831e-06 3.146512157295357231e-06 2.408900942737656595e-06 1.231096595433465923e-06 6.906442134259717892e-07 4.591798082390141735e-07 2.212313226412730083e-07 3.065293686589428256e-08
4.285806874622326138e-05 3.325857466501326733e-05 4.553354410800150417e-06 2.494031599014777472e-06 2.086876752183795383e-06 1.480892695140645113e-06 1.067309258089857544e-06 1.074513781411293744e-06 5.054348968814526795e-07 6.160922337263542378e-08 4.062734252912825943e-07
3.084858389630902277e-05 1.790810561044289185e-05 5.239080519118837567e-06 9.650808751663953632e-06 2.835144472392959480e-06 1.265244159682525773e-06 1.902341241593435493e-06 4.907960983179538886e-07 2.090773329582829163e-07 2.983066139058112879e-07 7.780927783199897444e-07
4.319139507090747346e-05 1.474047314985145155e-05 2.480054447897130852e-05 5.631819725621476010e-06 2.683345517798199003e-06 1.949053154872773649e-06 1.505463692677964993e-06 8.229430671682374101e-07 5.194266387596192730e-07 1.469255383139699870e-07 1.239815109015969046e-07
6.529247470903190098e-06 6.207892979526970051e-06 4.130833785063844643e-06 3.347946546863949283e-06 2.864697438722686916e-06 1.137767281322356237e-05 9.680847772042152376e-07 5.473099567790840117e-07 5.170733938215411037e-07 3.548485921793996251e-07 6.845761813782362329e-08
4.289986934191662721e-05 8.534030296204838555e-06 4.748703858922438544e-06 2.491795359587661941e-06 5.258682223522929912e-06 1.746965231434280718e-06 9.653752559659627512e-07 7.479062870193503710e-07 5.305313579744636269e-07 3.512179596399111560e-07 6.690174773144767024e-07
5.791415261463849988e-06 3.974490111029171856e-06 2.833289414229504821e-06 2.018715273537086723e-06 1.927316541224567838e-06 1.727119708382090709e-06 1.296232355610522423e-06 1.151982335776667296e-06 7.044222973414208475e-07 1.141890308282008180e-07 5.000582042432888420e-08
1.039181443785169241e-05 7.177469152090985112e-06 5.749528459238824085e-06 2.041152103010423883e-05 2.368305757676494163e-06 3.524195462501142300e-06 1.627113511963756675e-06 1.312304277942850236e-06 5.383613450309465273e-07 2.879231590840746088e-07 1.028197352803726917e-07
5.753645346533670798e-06 3.070081857155029673e-06 7.820531032762365905e-06 1.542995457431808526e-06 1.217147292502422450e-06 1.070636223252033351e-06 9.710073923084614738e-07 6.090218913801169545e-07 5.092237354554526113e-06 1.473591697648692364e-06 4.152716721568672353e-07
5.640615298561262722e-06 3.632258208117941668e-06 3.239017858991975545e-06 2.710228991859546730e-06 2.231187097097331723e-06 2.266319191905627362e-06 1.322734069458090747e-06 6.843308753645064792e-07 6.382041865676241228e-07 1.467311425127642104e-07 3.454237246512287229e-07
1.000291482336859196e-05 8.203289241924942321e-06 3.275704645203615337e-06 2.499262272744911568e-06 2.465818467992123694e-06 2.643367220681466871e-06 9.020066865902697431e-07 9.563606607769819269e-07 4.112291184006255014e-07 1.507258236181007359e-07 5.562723273070526874e-07
3.707931761454245154e-06 4.591039005625419163e-06 7.259009866858989114e-06 6.916242785962105379e-06 2.354054169259252772e-06 1.590679399455996154e-06 8.736068509005992652e-07 4.509704328827148451e-07 5.559445892926888576e-07 1.541654435399293963e-07 1.272501947895508710e-06
2.207476013535140082e-05 1.024983696106512691e-05 3.804724926313654362e-06 2.819923438166947645e-06 1.688215954761195316e-06 1.330496641077208959e-06 3.040912549769218643e-06 9.606048820921956057e-07 4.002324089261068390e-07 6.581916482101136054e-07 7.435052288154099973e-07
5.433835038450702642e-06 2.435250920797427787e-06 2.340328761946388534e-06 2.676312455098069130e-06 8.993823472494574695e-06 5.321794789443957991e-06 1.044550145720758647e-05 5.904480893853886085e-07 8.201483519556011263e-07 1.466541661909279802e-07 1.212843443213531761e-07
8.400225518712851156e-06 1.078948868907295213e-05 8.331051055847587503e-06 7.946034742425941375e-06 6.935035013912328542e-06 3.860021253227585269e-06 2.393545585464955140e-06 2.047686737960759359e-06 4.892423032126654571e-07 1.526396759286348387e-07 4.636200501236331815e-07
1.072563474377218127e-05 9.192521060772778892e-06 7.772946928110641691e-06 6.403824650606522864e-06 4.030543928547883668e-06 1.786353299688339056e-06 1.063953305225248950e-06 5.813974530941246605e-07 2.226620681804882892e-07 9.612625941846381271e-08 3.678729762572494584e-08
1.007249976978345383e-05 8.496667384084470104e-06 3.534310183692310068e-06 2.421975838926840474e-06 1.717126005064381742e-06 1.463470121755974765e-06 1.493569226261833499e-06 5.265759741918785338e-07 2.358680071760497402e-07 1.234732254166632943e-07 9.151037537986323105e-07
1.181909509508350871e-05 1.217559881093136997e-05 9.205180015494893829e-06 4.075619587870053185e-06 2.636363187204179672e-06 1.861015839675468771e-06 1.700174437876163851e-06 3.783839001810127836e-07 2.646798019695068484e-07 4.686275426355693312e-07 1.103580432673094803e-06
7.561160890188585034e-06 3.992623170451181931e-06 2.839035636220973467e-06 2.432272347837482808e-06 2.365083472499378221e-06 2.004287139495957333e-06 9.636908614597542061e-07 6.014835577333413749e-07 4.452333925890695857e-07 1.391282101885323230e-07 9.400974556812666805e-07
1.790871576732216419e-05 4.262903894958191860e-06 2.953423943525088531e-06 3.205770086355425599e-06 3.391750792383281226e-06 1.465266076263312630e-06 1.563462280197871037e-06 6.345976158335835022e-07 8.084170034208383834e-07 1.587796285396437082e-07 2.381134062824555504e-07
1.202636090738854537e-05 1.592374741859896279e-05 7.054254941748559733e-06 2.819028760706016956e-06 1.795397302675835257e-06 1.383399751795113225e-06 1.022824438264077028e-06 2.128525035675531967e-06 2.840450211803207646e-07 8.047015254958786297e-07 5.082179818346879340e-07
1.960291451230903413e-06 1.402823727119434323e-06 1.429594177154795049e-06 1.441144878140703620e-06 1.730118476414641541e-06 2.300209145874620437e-06 1.443555742094743815e-06 6.056707064906260634e-07 1.002874934688687851e-06 8.245322142077774696e-07 5.881931076805120097e-07
6.806912597522752161e-07 8.339590994490833676e-07 7.014694321505329467e-07 1.592068109756771221e-06 1.954299097500851088e-06 1.484692327876664237e-06 8.049040997319913220e-07 3.151200741808906765e-06 1.879084902047800832e-06 1.084761074484999854e-06 4.227825925530330096e-07
8.006602701184564329e-06 4.798724006400214967e-06 4.497030887925815710e-06 1.802166844692278211e-06 1.176394347378107680e-06 1.005937152797271521e-06 1.216589458901769285e-06 5.450760268945359760e-07 1.197120990412786531e-06 4.813564766164874588e-07 1.843199028849491999e-07
2.163963770904016692e-06 2.342175069815386823e-06 2.362990362021143267e-06 4.616247168635816763e-06 1.420943789505732824e-06 1.284700538359519748e-06 1.007871500985601899e-06 2.175105887113117871e-06 1.385783134562322249e-06 5.260421512927617296e-07 9.277565488073892266e-07
1.280426329954379379e-05 6.945741555060413268e-06 6.983940542252396398e-06 4.642477376485727769e-06 2.096182967657760560e-06 1.335711107439914111e-06 9.908556159832628924e-07 5.137274400283570348e-07 7.390509417217144914e-07 6.364617928403548982e-07 5.246236770112066093e-07
1.121477894448413823e-05 6.736942778701582771e-06 2.515036906913819695e-06 1.700110322747081364e-06 1.366300113608760076e-06 1.123721331603127604e-06 1.758971994525963482e-06 6.642097045843559351e-07 5.830473925745166522e-07 1.555368662858636029e-07 1.652441929264516321e-07
3.918592814485141968e-06 3.167233027558447963e-06 3.173204888988907057e-06 3.479626306399900379e-06 2.889442925832135319e-06 1.750210583131523409e-06 1.409527664000617480e-06 1.013128402643384198e-06 1.308934129913786454e-06 1.280964164434844131e-07 1.119184994808659579e-07
3.671911528060448341e-06 3.517326297194640308e-06 2.685385516614286214e-06 1.679919481587559909e-06 1.241473368015610659e-06 1.007233957919356122e-06 1.394710796279411131e-06 1.236352091081946300e-06 3.531574228268217214e-07 4.234535711897897294e-07 1.158332463091865287e-06
5.033173823496113082e-06 3.169451246626016073e-06 2.800354527801242150e-06 2.340628357926851335e-06 1.731486602527680520e-06 1.585612806401093165e-06 1.315785991437340760e-06 7.135451891320268653e-07 5.975687870354738098e-07 1.683844361719622211e-07 5.627018522500900487e-07
1.149336744204515553e-05 8.428609694895244244e-06 6.494987739661155972e-06 3.215321433415634070e-06 2.603190404283695304e-06 1.540112567919714766e-06 1.189693110948479979e-06 5.142865035444604453e-07 4.858315166825548689e-07 1.659426392194194551e-06 5.155489316932518070e-07
4.092920164738283345e-06 3.554958526260779803e-06 2.589379951012330626e-06 1.943841766186545475e-06 1.900686008817109106e-06 1.310567236391727692e-06 1.329125851328835106e-06 4.424149762683125095e-07 3.632225503060315529e-07 2.874616955905596448e-07 9.604422454847249609e-07
3.318690284773431288e-06 3.032134741818810947e-06 1.646380233346805147e-06 1.400932693690805039e-06 1.075140240402459183e-06 2.947405143621404186e-06 1.175317217339491316e-06 6.125367212650882465e-07 9.754308434352237205e-07 5.122170391577081339e-07 3.183772348803415596e-07
4.575741801867597629e-06 3.249509418601581902e-06 2.880424488703636922e-06 2.163896465424104667e-06 2.141032112358638766e-06 2.055607763791524079e-06 1.215432079342623606e-06 1.428648524586845619e-06 1.030529890606414315e-06 5.424443972304620949e-07 7.798755710338883261e-08
1.805487755314094705e-05 1.103253363434521047e-05 6.623613949098874074e-05 6.053204066044665793e-06 2.310625726727417382e-06 1.184868772497020604e-06 7.408301549141171889e-07 1.164472686700254049e-06 3.583164119489084577e-07 1.273047026851705650e-06 5.665549728877033774e-07
2.979845467472487039e-05 1.603143539320010677e-05 1.060474658468180803e-05 6.072668459709105004e-06 1.194104689242869010e-06 8.393576279523768347e-07 1.740752480475035893e-06 3.908878872686224143e-06 8.881394193545840530e-07 3.011877089146842078e-07 1.087682050089618926e-06
6.986668067213037100e-06 3.584822042029039768e-06 3.008243680161676889e-06 2.912711821315821821e-06 3.001898110633072140e-06 1.971327423861971783e-06 9.975994957465648413e-07 5.715776556139260959e-07 3.063675441643372505e-07 1.001044072695322911e-07 3.348710622847382461e-07
1.239715149329118005e-05 3.413778413597042370e-06 2.541114960518286928e-06 2.597240360881774180e-06 3.488520566736526906e-06 2.012713113883109183e-06 1.049902269261134722e-06 8.197680087382585261e-07 3.003169342961009343e-07 9.062984109567555159e-08 2.030955355629452849e-07
3.065869200051755222e-06 3.256088105680709972e-06 7.345693596853235653e-06 8.413331441284005493e-06 1.948656536064980094e-06 1.568701310647291989e-06 1.330701397253680766e-06 4.680482422879318976e-07 2.255489701902328009e-07 3.398987541720741604e-07 1.344448604230781449e-06
5.895128953782578817e-06 4.323219457313326935e-06 2.740074665141403395e-06 5.286334781965844103e-06 3.334014545739118307e-06 2.747720618856268579e-06 2.306125689724483952e-06 8.549258259773562079e-07 8.638714840895576428e-07 1.918373041649769150e-07 1.047871523887885867e-06
1.414125785570660562e-05 4.932418398520032090e-06 5.743379279794128799e-06 2.862999259939960839e-06 2.091287117781915971e-06 1.919330520053444128e-06 1.394397043606724736e-06 3.891486871379598185e-07 2.724974232449764940e-07 6.229579835678405415e-08 2.039163601487678309e-07
2.367283371031606807e-05 8.336931528741292510e-06 9.790936667157552214e-06 3.719586637857089822e-06 3.443512665345839563e-06 2.326508890323857478e-06 1.197960173753735928e-06 1.396823023172488616e-06 1.726528091160971676e-07 1.447557295578706417e-07 1.296577350521900412e-07
9.117766542453239860e-06 5.468868860731816530e-06 2.779878293892967739e-06 1.883706742609020671e-06 1.014564833610859842e-06 1.508064255872438055e-06 1.107758851064670253e-06 2.168627210469565527e-06 9.398414611708461579e-07 3.095319068064152541e-07 2.129482931057473381e-07
1.209973017963895153e-05 2.759337914842019114e-05 4.454107434528540851e-06 4.017848085053533048e-06 2.295170685040543153e-06 3.953504765599860850e-06 7.837734359123692600e-07 4.300157002183469365e-07 1.239775528887935671e-06 7.821738515598197602e-07 8.211896612377753281e-07
2.872410539066862266e-05 4.567036249102228569e-06 2.923476178785291686e-06 2.183818595032154180e-06 1.529575786355044424e-06 1.349035664864147787e-06 9.989926822186662292e-07 8.216664623259153045e-07 2.849628668777554136e-07 1.150329937032233721e-06 2.355597853070285990e-07
4.095447679335172261e-06 2.527540886732790038e-06 4.916107867980860856e-06 2.606387080585949312e-05 1.483957445041006140e-06 1.373780104832526996e-06 2.216510026400761385e-06 4.877376601675310803e-07 2.405607383222679868e-07 7.832650338388607272e-08 2.060604879260226871e-07
4.616970402372946918e-06 5.163249084355369001e-06 4.936257148219265122e-06 3.165947476107556561e-06 1.994329794259436860e-06 1.383220521425166234e-06 1.464024811367537110e-06 7.857846436869220616e-07 9.600993256994284707e-07 4.130998711296124209e-07 1.243427838503344674e-07
8.728897995541645393e-06 4.097988492288420389e-06 3.175159903854594864e-06 2.179026298328960613e-06 1.697747820669232154e-06 1.323427119512545901e-06 1.480336405248171828e-06 5.406578186676257024e-07 5.169661316571647389e-07 1.888352402611129530e-06 2.619427408834842838e-07
8.334188411501444529e-06 8.638163379130686995e-06 3.100167794668107234e-06 2.046617013054480110e-06 1.932350809984192236e-06 4.999751789059828793e-06 1.756821663780743701e-06 1.154218268766137581e-06 1.691581615142511592e-07 1.527290755991767848e-07 3.476162371472289310e-07
9.063902650545308619e-06 6.366926846093032333e-06 3.431845099096409844e-06 2.634305451188020454e-06 1.850195854233991667e-06 2.063471551219902090e-06 9.973714641313112894e-07 5.095949601635518897e-07 3.152098107706688248e-07 2.235583470000120807e-07 1.178925197784680897e-07
2.318819665133967461e-05 5.342360568749187074e-06 3.493829267381880867e-06 3.464889832645426849e-06 2.590445356252827053e-06 1.149038580388929691e-06 9.582758741112640679e-07 1.183126382552876972e-06 2.997528992216748238e-07 6.618830069036974333e-08 8.105206932555959707e-09
3.448638933893573162e-06 2.733004298312150330e-06 2.268415242913546400e-06 1.760068504286650756e-06 1.556343192427151526e-06 1.304462444559832127e-06 1.043668225578655105e-06 6.466172726892913314e-07 3.613680446535933442e-07 2.100689582801674828e-07 1.616761005466518138e-07
9.992046603566270293e-06 1.293759047461694193e-05 5.507063417093351430e-06 5.790157325810064352e-06 2.444733670967720346e-06 2.066457311028042167e-06 5.249543514098604558e-07 7.457027529221539079e-07 7.063953533703193140e-07 5.188917824784226996e-07 1.598267049965440073e-07
4.329770926508231014e-06 3.571902757366219139e-06 2.060924808930155075e-06 4.723987287999581195e-06 6.110623277905485039e-06 2.115601744597296815e-06 2.853406193296236207e-06 5.490997288610624924e-07 2.523135873273225973e-07 1.108821907469548672e-07 3.827659188227953060e-07
5.174529077555641425e-06 5.936110963841656691e-06 5.423543484313306916e-06 3.851080686491278995e-06 3.093647843453376849e-06 1.415164040825391485e-06 1.274586257631209225e-06 1.075913710868867884e-06 6.664494077862148782e-07 6.778780518603628668e-08 1.483707204967724248e-07
5.808674774164037399e-06 5.100241326426203349e-06 4.140132159572993912e-06 1.909113662052833121e-06 2.459415803751998767e-06 2.115038328216069835e-06 1.096377026189225558e-06 8.815053298006215836e-07 7.450944198456166545e-07 1.195477906209048297e-06 1.934573014505912628e-07
1.475055418716208717e-05 2.477542142631636215e-05 7.158647647874171138e-06 4.574133591489743810e-06 4.964684530245210617e-06 1.182644172370987567e-06 7.320681368791606735e-07 7.527180337579482601e-07 2.341156064014591569e-07 1.015172891416418188e-06 2.463928703221614175e-07
4.965906171863560052e-06 4.277412854672745067e-06 5.145676669147321572e-06 3.312360756947664047e-06 2.951788858885662180e-06 2.285344222983033051e-06 3.975068681282955232e-06 6.114761960272831813e-07 2.325345360577368313e-07 1.890289148775592972e-07 3.661311422287307888e-07
5.807725957764835524e-06 4.151769377452975415e-06 2.917995457852162355e-06 2.354681345445396679e-06 2.121383928987849067e-06 1.236154341047237107e-06 1.743252917688388219e-06 1.752190896755292651e-06 3.525077543763019870e-07 1.657732512992660531e-07 2.489577399998555095e-07
5.488491509922471881e-06 3.054346314599918496e-06 2.236200389350079890e-06 1.369983352759995838e-06 8.592581176115743892e-07 3.855170843196860791e-06 2.567667254128945103e-06 1.100795893947488025e-06 2.525484277216506634e-07 2.090944402700171504e-06 1.526478138395014625e-07
2.927175694464432646e-06 3.040257988791297327e-06 1.122696041537993273e-05 8.197414578533464537e-06 1.983236877922559408e-05 4.282347766583685650e-06 1.426557494306929587e-06 4.980889056976087455e-07 1.231024155083269273e-07 2.268819020475017614e-07 1.209645252404638721e-06
1.080902682163053637e-05 4.007428182037973236e-06 2.641161173399169664e-06 3.709200121646102660e-06 2.287107240780643448e-06 1.145146695020702897e-06 1.064559676002621131e-06 4.275214437647531191e-07 2.961230417513664527e-07 1.383530479477189132e-07 7.329821308608847817e-07
3.051688142950799051e-06 3.531686291980375343e-06 3.063441011607090512e-06 1.667041339372466874e-06 4.462285643441742235e-06 9.451904940815239572e-07 7.581964650234032965e-07 1.529694616302488062e-06 2.829362159923985700e-07 2.648221031393777001e-07 6.563240371485213211e-07
1.025997725838812945e-05 3.187873295280325354e-06 2.742720736052318533e-06 2.992128190163118738e-06 1.580271087505736242e-06 1.461234287923166653e-06 1.689391426830474830e-06 6.027429773797923239e-07 3.637701659067855603e-07 3.837839506256943390e-07 3.689871030907723358e-07
2.338873302099184353e-05 1.133393082819975455e-05 5.187451962530347561e-06 3.880462314760417724e-06 2.685087694260082701e-06 3.069818737490072849e-06 8.652679052355816097e-07 3.573403515728396985e-07 1.076021356083223864e-07 6.289940976063024864e-07 1.518074799028127931e-06
6.118143800828441829e-06 8.447199745484039113e-06 5.573514568033111779e-06 5.804185728342822348e-06 3.030060980559330501e-06 1.829075259119137856e-06 1.316281815890674412e-06 4.228148758690054727e-07 1.410021690541990825e-07 3.670650368590812596e-08 4.035688750677057807e-07
1.163222307461114935e-05 4.818876761096203903e-06 2.491404709079325923e-06 1.912749407585776743e-06 1.170247520429383872e-05 9.288185122038319445e-07 1.152846353279268360e-06 1.072361144559126418e-06 2.656735271299892283e-07 1.578846772615254792e-07 9.104365410798028825e-07
4.980904143271131356e-06 3.916457275905655912e-06 6.482029261564500973e-06 2.130534297912739388e-06 1.323215551416451657e-06 1.727213939244417724e-06 2.751484681710170269e-06 5.125255337732605529e-07 1.665145125516787086e-07 2.787503856745410386e-07 1.279636252135989286e-07
5.764469397997298588e-06 1.196854751278150588e-05 1.077767721404899396e-05 2.133183813568248621e-05 3.120328080335601031e-06 2.658124729965419603e-06 3.596335858709881834e-06 3.625652329476797435e-07 1.388869531188332496e-07 6.016177099132141568e-08 1.649921503171185484e-08
7.236809732374170077e-06 4.066754866377370263e-06 3.565320151306920613e-06 3.036387207284749316e-06 2.715891694197773994e-06 2.938010545150803311e-06 2.699138461407170634e-06 5.537401265940231085e-07 2.928765445724303942e-07 3.916764557962181989e-08 2.117427689617825365e-07
3.557946056813104248e-06 3.882857715246145814e-06 3.960765281738121449e-06 4.031755430656392497e-06 2.385775392097651656e-06 1.529097791202736735e-06 6.023412133808712618e-07 1.593295163495753544e-06 8.163182765391627684e-07 5.516646609365682153e-07 1.456246908373193863e-06
1.574760261404305740e-05 1.218666922412835164e-05 8.762339813055222579e-06 3.042787092074923966e-06 1.859124660162056041e-06 1.088249059911847692e-06 7.649382790610885686e-07 8.993840747129201617e-07 5.347724192640416139e-07 6.677062315404103301e-07 1.371363676830658172e-07
1.997878272011455362e-05 9.599535592769252977e-06 5.958085736772630951e-06 4.577547873423586908e-06 3.007119322674087003e-06 1.678604486084042268e-06 9.487801304567101577e-07 1.126403605045307768e-06 1.619724536625928752e-06 3.483627789847173019e-07 6.994107191813924779e-07
5.945019642694277052e-06 1.122641077904272267e-05 6.507273512220045597e-06 4.704897133526470919e-06 2.446268048900581431e-06 4.971624161969333333e-06 8.600107755807732639e-07 5.661565202176067986e-07 1.988895937309521993e-07 1.127210305457148117e-06 2.096542740582450234e-07
4.555037540373869146e-06 3.786124450937667186e-06 1.843116689443009517e-06 3.004361558155218024e-06 1.524267652916395134e-06 1.724915771763744332e-06 1.051122400885238503e-06 5.539354655591819385e-07 4.655322251687222247e-07 9.494743564002084729e-08 1.588323202904422493e-07
5.552429876530084167e-06 4.498643008169862036e-06 7.236187559125344504e-06 4.049124539419349162e-06 2.065461592796181296e-06 3.002460030263505289e-06 1.051945975488196390e-06 1.157723572120167618e-06 1.893246607223427561e-07 1.864460847024085974e-07 1.323868182449096847e-07
6.590013256802981542e-06 5.965064331712067737e-06 8.609441507443413283e-06 2.403921236113698006e-06 3.976560523507940478e-06 1.299380987480677181e-06 1.150989870921156764e-06 9.267403987930674856e-07 1.216542502173010222e-06 3.233252753385798048e-07 7.131246517488373237e-07
5.268911700584424942e-06 2.863358602572775057e-06 3.430438543773915330e-06 1.825963549388293015e-06 1.381547619273959332e-06 1.115259141535775077e-06 8.268352385658650142e-07 4.905474745041530084e-07 3.288046365726978370e-07 1.500900848681998006e-07 1.676674634219905443e-07
1.027172514161331441e-05 9.104916716630055218e-06 7.631355788357678752e-06 4.212606352203121335e-06 1.962991177199391303e-06 1.323393507489831911e-06 1.064829595590429874e-06 1.576629832654546063e-06 4.496950877710413622e-07 8.672218768785372873e-08 8.795561955830790949e-07
7.055171227614939714e-06 2.111619320459069522e-05 2.436637297216707214e-06 1.844487597289060462e-06 1.434600936655986151e-06 1.027062192020270078e-06 1.017801712965402504e-06 9.977065845313839503e-07 9.845460791584015428e-07 6.274382898231978630e-08 1.221581620503853510e-08
1.465563939793907620e-05 7.564206860535582572e-06 1.270887819909339957e-05 6.062327883905128389e-06 2.145793328011459722e-06 1.368601505307617769e-06 1.652284256774509671e-06 3.212264753164266240e-07 1.591361926212661203e-07 4.721873951172364622e-08 7.990576555989214857e-08
1.230430514324253836e-05 8.101666329123863338e-06 7.296850521282661617e-06 4.663405992363332910e-06 2.902228346873689972e-06 2.381017039492094618e-06 1.830511088230246505e-06 3.525064255110697959e-07 2.073739054584820871e-07 1.897790610940814891e-07 3.038818852285965643e-07
5.292209935435826465e-06 5.280798116293645842e-06 2.683825858384555527e-06 2.600542908553868629e-06 1.138379754984901762e-06 7.981659953879223858e-07 6.434101023179854477e-07 1.139112076521228501e-06 4.792962317712767524e-07 7.273279256404312144e-07 3.399626444939935759e-07
1.943136709815198214e-06 1.644288477929441520e-06 2.472001102801006640e-06 3.212854255031031426e-06 2.869671919491305069e-06 1.490208179089162566e-06 4.421625701463913273e-06 1.212120631694378542e-06 3.767555427123167197e-07 8.066373215246865108e-07 1.312028509906327710e-07
3.521187649458389497e-05 1.112362954882702490e-05 4.846263764791146490e-06 1.796840072084441970e-06 1.716013336846938135e-06 7.256198086895235181e-07 1.936495879994852468e-06 8.231413876295348973e-07 7.056834189939572319e-07 1.757186171593629761e-07 6.079801947143121862e-07
7.382395725219819755e-06 4.161692424397473542e-06 3.131658527818757746e-06 1.456682233236808381e-06 1.531021944831206367e-06 1.846647400076274497e-06 1.809907915379577320e-06 6.581005993707964539e-07 7.472917236135502940e-07 1.265627956782159099e-07 7.454648874738608287e-07
4.972371455747466269e-06 5.316326948911303431e-06 3.502013582725438853e-06 2.668330014662090255e-06 2.540054149509802926e-06 3.835518791132160048e-06 8.647997920732057237e-07 7.570511872494548928e-07 1.591686183076125503e-06 2.743559603143449768e-07 6.602802318941042866e-08
2.653908443778570599e-06 2.691582387362456775e-06 1.902863173088241301e-06 1.736023479873877669e-06 1.622732190816866110e-06 4.856398592321967994e-06 1.042436599581010240e-06 6.707482315498403563e-07 2.896422958990789448e-07 5.377495681879023768e-07 1.209829114602272656e-07
1.786221320827384692e-05 5.239994845667631850e-06 6.032584565021489517e-06 2.628409278175857265e-06 2.403689008221385508e-06 1.794859302780420717e-06 3.424082558345929957e-06 7.663130223267887933e-07 1.969286610390386803e-07 1.002505472284533277e-06 3.949986146282615737e-07
7.645914196677337698e-06 4.222955750071632569e-06 2.682036066579731872e-06 1.821731008340463303e-06 1.340435532892633862e-06 2.373300836600721131e-06 1.229976196318793262e-06 1.141693714601304322e-06 3.277307549333240244e-07 2.193322532810244747e-07 3.012970855048214509e-08
1.041228094623154106e-05 9.717919969429852779e-06 7.488431781369204870e-06 3.773277649802737854e-06 7.266052417793736215e-06 4.092485322724029475e-06 1.392948463497743637e-06 5.091129493936037047e-07 1.420335443865983839e-07 2.195954012945193122e-07 2.253701938862083512e-07
8.308843479492625714e-06 4.071960045143178161e-06 2.739579676839778494e-06 1.023909577903511373e-05 1.861047232063598909e-06 1.902791721624497437e-06 7.391577772687485750e-06 6.799107434806232762e-07 1.369650847507884543e-07 1.432306926250768721e-06 2.781350391493719024e-08
4.070513052138680203e-06 6.773657061493678787e-06 3.286134178884756268e-06 1.423708341446493829e-06 1.027781948337561775e-06 8.210462236668595306e-07 6.524951250965714942e-07 4.377919521696363387e-07 2.979718348040798499e-07 9.507797383994397179e-07 1.461362628194190411e-07
1.068833833284969723e-05 1.100575732258892477e-05 1.232454213259653509e-05 7.142245316963943449e-06 4.682181970378154751e-06 1.668503149409605525e-06 1.469336323881382677e-06 4.959436027397521706e-07 6.470228254391363005e-07 8.095605320246167117e-07 8.488096692665904702e-08
2.366088303243236646e-06 1.036329981681886203e-05 3.578098330294986181e-06 2.515244849529095348e-06 1.734923635548877751e-06 2.527904357233499032e-06 1.910985229571960790e-06 1.266541782558070427e-06 4.747790466872065128e-07 1.290217421327817510e-07 1.517564462858596778e-06
6.974461389028532630e-06 5.816130108124104352e-06 3.253952369610712881e-06 2.358111545013325711e-06 1.226895321499227377e-06 1.772952360848754742e-06 1.774148474035804676e-06 8.960526576201240273e-07 2.517667809183386085e-06 1.633275126495933475e-07 1.642073615146181975e-07
1.254834558668378066e-05 6.178509725209152581e-06 2.719394666530069498e-06 2.947295780069995070e-06 2.173176564993336619e-06 2.219718769186347574e-06 2.057122599259288741e-06 6.425572770255486579e-07 4.737274487896459370e-07 9.816058179812502741e-07 1.114716548146634337e-07
9.294082055844401537e-06 1.213469559647095599e-05 3.941400573998618317e-06 2.829942798343166749e-06 1.725228911737253207e-06 1.356614994341920976e-06 1.196039332681598327e-06 5.926376048876275129e-07 7.695408385937681007e-07 7.734458646922561115e-07 8.252360913500109590e-07
8.789096860971993487e-06 8.707373117458763685e-06 7.331953840347851562e-06 8.168708954660569132e-06 2.296460560952842640e-06 3.108503187133616683e-06 1.034163486477007117e-06 6.743253367401987456e-07 1.933901536985941943e-07 1.260133533938819555e-06 5.938240890771179983e-08
7.653632886212999932e-06 5.486475566891269661e-06 6.925254701453839727e-06 2.353968015619421166e-06 1.920365939877387295e-06 1.935481702677162446e-06 9.863903354184996873e-07 8.121634807880005862e-07 3.964368538158445996e-07 8.937063604251842331e-08 8.474727535447267678e-07
1.482669175358341078e-05 8.095469567335137129e-06 6.083047311388158167e-06 7.020960510478916129e-06 4.752561324484357076e-06 2.555561577952107383e-06 1.091942135389011671e-06 9.374511464856201301e-07 8.611548518805409880e-08 6.987472760664962673e-07 8.905980809902664478e-07
4.771448420653152670e-06 1.913790840406309524e-05 1.055914284980476108e-05 1.278474174413712954e-06 1.177911490293276842e-06 9.709863069462672858e-07 9.142991193120439285e-07 1.127720314189159838e-06 6.327071477763000642e-07 1.568195070692273447e-06 1.058379290192869770e-06
4.826031337048461828e-06 6.874324679604062217e-06 3.598295685043390790e-06 6.263978371119874722e-06 2.293638588482152068e-06 2.542901722748232840e-06 1.000934473104357242e-06 6.609804326186584242e-07 3.282381463578271406e-07 1.348310953597019365e-07 1.455988480132366310e-06
1.147171433322699552e-05 9.777416236968947038e-06 9.891095959216683205e-06 6.909160909759693929e-06 2.448860093659510380e-06 4.519200648497137708e-06 6.838267774085124078e-07 7.211504650206909650e-07 2.044516705885756175e-07 1.708110641428868884e-07 2.993622663969751888e-07
7.685373499815831473e-06 7.384854712748201410e-06 5.155110575183463019e-06 4.019887654564597162e-06 1.993125351474419532e-06 1.770236762927179160e-06 9.692045275364375927e-07 4.732641348500111200e-07 2.205942374004416643e-07 9.021832431429623870e-08 1.399229149241315081e-07
1.562673763671859519e-05 1.533715805638045563e-05 6.358348342821841330e-06 1.619352453557347371e-06 2.009262586904453302e-06 1.796995746777133179e-06 3.813065803796551166e-06 1.528152161173754661e-06 4.129413184553009685e-07 1.753702333127235710e-07 7.286649809165471419e-08
7.163485853048913118e-06 6.340296624154764486e-06 4.477219575060698016e-06 3.985220865830637951e-06 2.045201351908432090e-06 1.577990055702230969e-06 5.969571422772405825e-07 3.762148742440263842e-07 1.458952653266574622e-06 2.044527803102428706e-07 1.810704137580459112e-08
1.122026485256325737e-05 5.674206875280121715e-06 5.320277275565261886e-06 3.338844215633196193e-06 2.055422386998116035e-06 1.262506531062360958e-06 9.808066588603917216e-07 5.619883762921581312e-07 2.450064502661207930e-07 1.070734473686127372e-06 5.543853749269694889e-08
9.963929371462616720e-06 1.465042035169778932e-05 3.521036449407702599e-06 2.996913315686510643e-06 3.050406073259828155e-06 1.261982905512165120e-06 7.669603943773610461e-07 7.064954672638371056e-07 2.562806688360915088e-07 2.938470903353905633e-07 1.676956716937654515e-07
5.744327406759003243e-06 6.304599096116302558e-06 4.511420129782235964e-06 6.989416540497576604e-06 1.705462945348695898e-06 1.335527318983790183e-06 7.594480213987232987e-07 5.733271523741430338e-07 1.471370584969648193e-06 7.907465149641597009e-08 2.614282887792009765e-07
1.160084960580458581e-05 1.532876369554984276e-05 3.390660392414102015e-06 2.850167520864715780e-06 1.950289348284681096e-06 3.165312614219864572e-06 1.301621482930656441e-06 6.709818233638704640e-07 4.389302096058639174e-07 2.460687717313761779e-07 1.362043752131640769e-07
8.820778548635845615e-06 6.364905145925137181e-06 4.235332034498072182e-06 3.460082237306487820e-06 2.476823754752547406e-06 3.026195277740825656e-06 2.631884525258416024e-06 7.267840401165722652e-07 1.951477286471442501e-07 3.529792778085409108e-07 3.989174454596149375e-08
8.290508454591610199e-06 4.148303175728335605e-06 5.218826799443776048e-06 4.428031126352472685e-06 2.216478525245890067e-06 1.324818799600746800e-06 3.376782181891977849e-06 6.035132715776587777e-07 3.386391667074340948e-07 2.510947935549912631e-07 7.513220048953814793e-07
4.337818097524451567e-06 2.610320557991635182e-06 2.281177963380394945e-06 2.891519378365686531e-06 1.596086897910339833e-06 1.148688896628563102e-06 1.438455473176685588e-06 7.164249228410337499e-07 3.499582590661411790e-07 2.029778865146545614e-07 3.774974715494638903e-07
1.329221056467153976e-05 6.577183771199862504e-06 5.293875543885075049e-06 2.584418046966320395e-06 1.813154717005985788e-06 1.170443757985377846e-06 5.869974951466018892e-06 8.738719858762659899e-07 3.091205729001933851e-07 3.473417468437929067e-07 4.391816719104920129e-08
7.627631528727824549e-06 8.107466340707077020e-06 2.959540594128110637e-06 3.143479942443127758e-06 3.788452170737757388e-06 3.319080521092604924e-06 1.375225060855016273e-06 3.307014766805042289e-07 1.397635376327218273e-07 5.942855558859681855e-08 9.547318746022594260e-07
7.126846040893786873e-06 4.076132554905323173e-06 1.723248154054404135e-06 1.675878167743481704e-06 1.620763669867881853e-06 1.412292988393752148e-06 9.169326479576274045e-07 7.250967157293062694e-07 2.580028160408837973e-07 1.061453314766645599e-07 4.597797043482931617e-07
7.952528130656545257e-06 1.085518635206916055e-05 5.051622683475922679e-06 2.281392502818286759e-06 2.248010322468401042e-06 1.872181684093952994e-06 2.016253567530280200e-06 8.490645972221440854e-07 2.567176291539338523e-07 1.168546032484389155e-06 6.571229525553257706e-07
3.380486978175365103e-06 3.398685444638065147e-06 2.471159545284269178e-06 2.654892335977821636e-06 6.369417003021669124e-06 4.841432328332090586e-06 7.886136832739740094e-07 5.993234834112065217e-07 1.924789463934481241e-06 7.049734645971726387e-07 1.075604885361659942e-07
9.149175941152595817e-06 1.132788134349022389e-05 1.202207451706593839e-05 1.731519776126029203e-06 9.910143356628483131e-07 1.382444677265284639e-06 1.307883517978295349e-06 1.377046247313697862e-06 1.837447028879889618e-07 9.795458083688746896e-08 7.214557790007748143e-07
8.644306964082671088e-06 1.504965234153023151e-05 7.641052653553002906e-06 4.921721942868706832e-06 1.758869203850998537e-06 3.169061944377707966e-06 5.015844652281206562e-06 1.676943513337104043e-06 7.340308046572162724e-07 5.850421602736623196e-07 2.890127053044181725e-07
1.798492200631916535e-05 5.830907789018291391e-06 1.704004503603524992e-06 1.439630100242102848e-06 1.545045088956480302e-06 1.076428274886775783e-06 9.088756656379700959e-07 9.619237776906721639e-07 5.693293237763468394e-07 5.745751606075490652e-07 2.643550825691736556e-07
1.020394970009882600e-05 4.759834004012683305e-06 2.179369176957535001e-06 1.708878924895943648e-06 1.393241640127416328e-06 1.028816145968654189e-06 1.382686316982506794e-06 7.641531720516966331e-07 1.347107905712090402e-06 8.313991726906604289e-08 9.805322565933157793e-08
4.517615897580559898e-06 3.462496483052096274e-06 2.298568134816944778e-06 2.070104216724541324e-06 1.659498748927874051e-06 1.087515137189530109e-06 9.299686405436753485e-07 5.276913249241695056e-07 2.487113627958351780e-07 5.608178398012191697e-07 5.973502826812403853e-08
1.404393929586902642e-05 2.380570601837048565e-05 7.971112883301834310e-06 1.136188648341468510e-05 4.235433368832469119e-06 2.165774607266476545e-06 6.705467753037526125e-07 4.442815042700448585e-07 2.811043044231040129e-07 1.502341989348280155e-07 6.235841839054264815e-08
7.246012671748423561e-06 2.927179397348162960e-06 2.688212305970687905e-06 2.408622191197301328e-06 1.647110235766485873e-06 1.354791699427554696e-06 8.454597123552116995e-07 5.434881770149446881e-07 2.030208630144621161e-07 1.108805929084814431e-07 3.603196930111364959e-08
5.433440734277754064e-06 6.320380446833090875e-06 1.136851749371575333e-05 4.998845369545388462e-06 2.651623562410567749e-06 1.238173675143330858e-06 3.447290847819724978e-06 9.431472675881312493e-07 2.541535513928837386e-07 9.102265875744433445e-08 1.664642519184630883e-07
8.991524432514718965e-06 5.619822771427214281e-06 4.610713421944379102e-06 5.418930776149867817e-06 1.267078646242646256e-05 1.671888234512535954e-06 1.115653980008286628e-06 1.181931192297743866e-06 2.950035740480968359e-07 2.859148583396544322e-07 4.624300518807986107e-07
5.019069467775967130e-06 3.238290462821232645e-06 1.105409203724706552e-05 2.422256830687311731e-06 5.029164728638923743e-06 1.087859819648110681e-06 7.983731097258943416e-07 5.228324353590087960e-07 3.867484876715683878e-07 8.550791321214243491e-08 1.786556938823517990e-08
7.245838271405548111e-06 2.940022295332025797e-06 3.719924812663914548e-06 2.702678959339055841e-06 1.907123769899993531e-06 1.818126075884364063e-06 2.055397837750728197e-06 7.143007767087813343e-07 2.191458158096800248e-07 1.611237732197764404e-06 2.820746759696536738e-07
3.210466006035780517e-06 2.150506479288926635e-06 1.758687082734671628e-06 1.359711311877986425e-06 1.091569504896206784e-06 5.811305059361587763e-06 2.596021327454890757e-06 4.672025974879243811e-07 2.336384682280700741e-07 1.031223023029330209e-07 5.435301698451945299e-08
1.597815466976945274e-05 4.848294642511883678e-06 3.351943006141662431e-06 2.389092295759455909e-06 8.349388224011788692e-06 8.197666173786708418e-07 5.853631720500977245e-07 4.312139642151379390e-07 2.853994205048776559e-07 1.394232559392543632e-07 8.416003237985657477e-08
7.634679297605831535e-06 2.973319127660840714e-06 5.353923531245353699e-06 2.082412406281671982e-06 1.485601181306872795e-06 3.245419328463559219e-06 6.955004767171140614e-07 5.983804582368175038e-07 5.430281117030521058e-07 4.621260372544354561e-07 5.216443583314625846e-08
1.395646491283438410e-05 3.959941798751511545e-06 1.692360397981339492e-05 5.439129419811127470e-06 2.838205368485069704e-06 1.036253843137406210e-06 6.487348129141140374e-07 4.217134975883729232e-07 2.685746957619158371e-07 1.349366141795523123e-07 3.013752185069527067e-08
1.701376648835576828e-05 1.345470803203058681e-05 6.102983466576736905e-06 4.817114158417336431e-06 3.685860514400468135e-06 1.281893111603022510e-06 1.851693147186704286e-06 3.298504987876061336e-07 1.390576662690618219e-07 1.883080221825957079e-07 1.396974270035886377e-07
5.531658727995411743e-06 3.665327278479326560e-06 2.064440550475692021e-06 2.798920455427366432e-06 1.301050816671219204e-06 9.422533929975827629e-07 7.211720982660105702e-07 1.184376460950811627e-06 4.140026159767268581e-07 1.159697639010260693e-07 7.609466823768901974e-07
1.051291109975646341e-05 2.717131757314006654e-06 1.829599270466989722e-06 3.025965186169493878e-06 3.321515098956413500e-06 7.286963684088583388e-06 3.564346846480012100e-06 1.503882535124118042e-06 4.478143407516544481e-07 6.931279699513584529e-08 5.234894559431598902e-08
6.315011724122097536e-06 3.590407865939729280e-06 2.134108127376260478e-06 4.591298280904358542e-06 3.642992690958699051e-06 8.794020924824507679e-07 7.233200118132043386e-07 1.979713744420452927e-06 4.408822043471794977e-07 1.766857814892384724e-07 3.036789444018898409e-08
1.299186948747895396e-05 1.062544896957634411e-05 4.808914029838260852e-06 2.758159957199040910e-06 1.586990987466275999e-06 1.096948396679771936e-06 1.100350024893177036e-06 5.922152801990383126e-07 1.986410950526197900e-07 1.613822247921855000e-07 1.272858387425493028e-07
9.774235530223422176e-06 6.391267208181406253e-06 2.450783142030459670e-06 4.129189799221765240e-06 1.625764172087374850e-06 9.323488209338648509e-07 1.193494406792450485e-06 1.748145343653516506e-06 5.249699347201625994e-07 1.008080397207695518e-06 3.135965223952177237e-08
6.062155752634142821e-06 1.245994008052959765e-05 5.664050484081256785e-06 3.442854448067830858e-06 1.355169954939478527e-05 6.091158912128724703e-06 6.574147457735953651e-07 3.525043384101303617e-07 2.285906325569927994e-07 5.566212067347487489e-08 3.083673321689808605e-07
7.829862884880144975e-06 7.034036885070607591e-05 9.338675557257552443e-06 8.280587887739634007e-06 4.458729793956043705e-06 3.381802384507480024e-06 3.159812597197825465e-06 1.134658570805266359e-06 1.002993939514534298e-06 4.057209778424482290e-07 1.818990260397177403e-07
5.333641204991793446e-06 5.489710158411494467e-06 3.872813881665191343e-06 2.074212877339902460e-06 1.621663621167568882e-06 9.920743203669044074e-07 1.603086936244412832e-06 1.375391713177301892e-06 2.990807529194537119e-07 8.432862096288092702e-08 2.696127025159020838e-08
2.701328290305931149e-06 1.216212880292095951e-06 9.193963970184238073e-07 1.083190332032179139e-06 1.207581065528532376e-06 1.027245591813024982e-06 7.528814538536431716e-07 1.967233669971224536e-06 3.596122547621777682e-07 1.761704235947638984e-07 2.155240358937768701e-07
5.980380106082885556e-06 4.994557921890958951e-06 2.112243404979869504e-06 1.927030658215254758e-06 3.126965603453117879e-06 1.325966626598910472e-06 7.417358791816824823e-07 4.148239845679842997e-07 2.594551832906789617e-07 2.609488726946897324e-07 5.325274904851989666e-08
5.917808128618096203e-06 4.466705526779909691e-06 2.257381534296652445e-06 1.730462126843934535e-06 1.525193006761776606e-06 9.718702324869700157e-07 5.792562077602222003e-07 3.669550849787649998e-07 3.905708587137312148e-07 1.502007029558828621e-07 1.154794558027032735e-06
1.642590731988686860e-05 5.596527165203210702e-06 3.665133217485994862e-06 2.852669967900443695e-06 8.324942877761021105e-06 1.642109248490220110e-06 2.997712763151204207e-06 2.432947525197320514e-06 1.517087466389032446e-07 2.050426839018878663e-07 8.879883163277378841e-07
3.989139766046235396e-06 4.884747594016254208e-06 4.094104505020159427e-06 3.780715762451618348e-06 3.997761916902060013e-06 1.413028518432203651e-05 1.146043353329847491e-06 9.500640204763908605e-07 1.767852354687349139e-07 7.166853521982574528e-07 6.545134445739559854e-07
8.191973082087108084e-06 7.631729137494353257e-06 4.257534854684586335e-06 5.023650373196093360e-06 1.016316866509379926e-05 1.228414750589132060e-06 9.480862638793664296e-07 3.248803568300621152e-07 1.565319010325273356e-07 1.578089127943548091e-07 1.442616685946298249e-06
3.770168192811411217e-05 9.763327022916639739e-06 6.428635440893360118e-06 3.245575576001984832e-06 1.562076526844658098e-06 1.143125497239775086e-06 9.151234894341926971e-07 1.817177511795153444e-06 5.562373565246570258e-07 4.392724908823017796e-08 1.541288542005490796e-06
1.136097471313794208e-05 1.727205107087589130e-05 5.544366536269408533e-06 2.057758097929430569e-06 1.234343914373714785e-06 3.206519477886299652e-06 7.414700887906141305e-07 4.563836270617212684e-07 5.968418412791705160e-07 1.059864715445625721e-07 6.284016224630903258e-07
5.996106405431618673e-06 4.420056935973896878e-06 3.525832742177716996e-06 2.557135306729662139e-06 1.966990739625217406e-06 1.344131036001177699e-06 1.188764630952124297e-06 7.968094226497412065e-07 2.398290277463698727e-07 9.736524094324087747e-08 9.051777027290885179e-07
1.300322881732715049e-05 8.644124050415714198e-06 5.919576835265274598e-06 1.037794573689253564e-05 1.991747029043581698e-06 1.459084768117921119e-06 8.960820492570621999e-07 4.971707120239812362e-07 2.728597372219705111e-07 6.320042639671454488e-08 2.905911207547839619e-07
2.459884217428601397e-06 4.816934494265161518e-06 3.668298502433836681e-06 1.817169754968381977e-06 1.203091121741256583e-06 8.619152611390214459e-07 7.879141121736625657e-07 4.589282308492176361e-07 2.151784070796061584e-07 3.956432167966688783e-07 3.490667495563231674e-08
5.517710292476773863e-06 5.798571266896772848e-06 6.995342356212260191e-06 3.689849909479500174e-06 2.170511228745324493e-06 2.228326973114769391e-06 3.022592669055142754e-06 3.160291074954572002e-07 1.225768873109268559e-07 2.956609592820937416e-08 2.695072648714040545e-07
8.303369838918970661e-06 7.328876294864169292e-06 6.227596136927819408e-06 3.842408613222841298e-06 2.155888113006646192e-06 1.889702276076125059e-06 1.283510984314615889e-06 3.084810088311925549e-07 4.777084788036246713e-07 2.395647485739008411e-08 2.256599421993397793e-07
3.793889885317125589e-06 2.798692849258081821e-06 2.215139470997730701e-06 1.940022968830406058e-06 1.846870620406194007e-06 1.644283580008089608e-06 6.530413889229441811e-07 5.177225530848282350e-07 5.904150585532744915e-07 2.166982010266056097e-07 6.023215597858515724e-08
1.075202315595090795e-05 9.473166574636461692e-06 1.929704130474155360e-05 6.819086877181623562e-06 3.018825742132738406e-05 2.780009948439175724e-06 8.203002681918326596e-07 8.249639138938539673e-07 5.158870819088539068e-07 4.807377300622607066e-08 1.778230576067568699e-07
8.029057788272426656e-06 7.014302979521911867e-06 9.226236018936947894e-06 3.865916993153442383e-06 2.352075935946153961e-06 1.734095023086416943e-06 8.829841108248866514e-07 4.496808936178601340e-07 3.876159934225259175e-07 1.366062311417390159e-07 1.714359058093554396e-07
3.499375293210484934e-05 7.306607579853075810e-06 5.158285107174069182e-06 2.565664298792300365e-06 2.130599214248150466e-06 1.588938249091347514e-06 5.578972633165425756e-07 6.240275072619824395e-07 8.675591499532413541e-07 5.441946403691084253e-07 3.576157478216628013e-07
1.820977200623185156e-05 7.753758915536061242e-06 6.874951287073110206e-06 1.025334321010898390e-05 4.814454996394954562e-06 1.936096092521439614e-06 1.089371078307555982e-06 1.069763776686463245e-06 1.771043116177229822e-07 2.159123652452781448e-07 7.749049504001088175e-08
8.954148450005500369e-06 1.513463020505519700e-05 7.065430785407728958e-06 3.474301314280325796e-06 2.502432448987377341e-06 1.502789929150030955e-06 1.031273659419411574e-06 6.544375151525831000e-07 3.781869981310502274e-07 8.170855860071479213e-08 2.689576098077601619e-07
5.795724384728124544e-06 4.185148708693693768e-06 2.721791953928710918e-06 2.192930663812129426e-06 1.466293019523269879e-06 1.283406206704877873e-06 9.580828750788968973e-07 4.823181136625915009e-07 2.989123644499998259e-07 1.505649500939945340e-07 3.466265497049044742e-08
1.448152683500549746e-05 6.424849404996327531e-06 1.026220909650862268e-05 3.723886055248734996e-06 2.637809200231337711e-06 2.762261406393427089e-06 2.831247079302461373e-06 6.328254187067463824e-07 1.287346165407961039e-07 3.468912169636028078e-08 3.763821624736047945e-09
1.632751428096004332e-05 1.270438590182878136e-05 8.527099812374224890e-06 5.952321239126881539e-06 2.892757378828373065e-06 1.107962736616424153e-06 1.119516622516306376e-06 4.016253160071187093e-07 2.393988887574180022e-07 1.166559417720847261e-07 3.125441703870347685e-07
4.522621046697086957e-06 2.494930264002265938e-06 1.745738855690705701e-06 8.309501434110497706e-06 1.445595516311790936e-06 1.000110117037219396e-06 2.369073872726257895e-06 1.238141793097162237e-06 2.023089642902465236e-07 4.106257094831512098e-07 8.363801602806850933e-07
2.861842071706102868e-05 1.239621161925818317e-05 6.730949712565114255e-06 1.199212642891093700e-06 1.006074961849009398e-06 4.242602985756875576e-06 3.350263583243520766e-06 4.711359105786636956e-07 5.763412177941213455e-07 1.427071994036756161e-07 1.549187053829491286e-07
7.650146368231287736e-06 3.437189481337627074e-06 1.460009939504043842e-06 1.631406750659079815e-06 1.250025609609608908e-06 7.977116252307285251e-07 1.356628315139727370e-06 9.170350827120445477e-07 2.603657837729057349e-06 8.847426616331352487e-08 1.885136447156995049e-07
1.271809817278389339e-05 4.689379297951786483e-06 1.729683332146647904e-06 2.375657517526323746e-06 2.077492249330623808e-06 1.461875251094868792e-06 1.590641963262575696e-06 5.991719151638495201e-07 1.385832055866154563e-06 1.254777265377938632e-07 6.119974404186194639e-08
1.346306090782878835e-05 1.270522848428220715e-05 8.378322883794405096e-06 3.131980765835941726e-06 1.827621413065539962e-06 1.195917852818767479e-06 7.057378478476885942e-07 4.596535897915730009e-07 1.383773321763725972e-07 7.157772256878744638e-08 5.077237040632759278e-08
