1.392323748747199649e-05 5.353187746698264385e-06 3.800714052190785733e-06 2.868191431157339612e-06 2.827722608142716902e-06 2.364936776682282079e-06 1.672172543968804823e-06 5.421966302787995469e-07 8.366095728461876689e-07 1.775368570207402472e-06 1.202742263064390213e-06
7.718173634025514253e-06 6.529844955106457066e-06 5.558864280776151817e-06 4.664403005352098434e-06 3.411558174844722431e-06 2.429617618879233072e-06 1.112567370686179860e-06 5.025702754706326000e-07 1.976775122993393342e-07 6.158782338357568500e-07 2.611233525159237263e-07
1.224564674226712926e-05 6.596191788205666284e-06 4.616122066845897018e-06 3.249000926434542209e-06 2.550876855998186833e-06 2.487129072257471208e-06 1.311339614443613566e-06 9.066226967146380850e-07 3.920217853557352584e-07 1.857623633142876701e-07 3.568615878187444492e-07
9.008294653245207340e-06 1.034444319894535548e-05 3.709511536435863397e-06 3.353309390789520376e-06 3.005005353855890653e-06 2.161996318105087349e-06 1.125371926565529882e-06 6.545897581907806811e-07 5.820753293289035071e-07 2.810021669324348958e-07 1.092959671123713912e-06
6.359787775469664406e-06 4.934539091519489083e-06 4.121176366500905276e-06 3.315222216818755759e-06 2.636737079961847023e-06 1.947338399146736634e-06 1.198097217970528211e-06 9.295293004014535297e-07 6.743509966230677612e-07 3.829952567462292221e-07 4.145534502882285145e-07
4.829108333636213762e-06 6.239601109356964295e-06 3.693293033992368869e-06 3.037994794931573540e-06 4.357880535101515666e-06 2.186298500425807480e-06 1.835052206717828519e-06 9.810785930651647585e-07 2.961429233945595064e-07 5.994497741593553376e-07 5.465135857516903060e-07
4.132296721710842419e-06 3.384900684317092212e-06 3.670074248211174199e-06 3.143371561015085141e-06 2.397626435076556103e-06 3.337436012698368281e-06 1.887893692626228768e-06 1.451391529721339256e-06 4.148710275713399506e-07 4.192807886474017666e-07 5.786664803924916908e-07
1.146777616416124803e-05 9.327476179616515621e-06 4.078267130033254905e-06 2.627391634758349837e-06 2.204366688372966700e-06 1.600886318439080408e-06 1.424032590503705823e-06 6.782114931209259166e-07 7.922834625914352064e-07 1.904063173326755546e-07 2.740911547336953780e-07
5.946778168052374557e-06 5.068769429190072954e-06 4.041534801482871147e-06 3.130083743350233624e-06 2.243997579992899044e-06 1.606769109011844146e-06 1.092260592572709354e-06 6.979760364092031264e-07 4.651857108680007722e-07 1.526305958948766225e-07 6.986980061644484252e-07
9.593514765453461433e-06 7.475137758988276299e-06 9.719771616462458014e-06 7.213949623865434516e-06 6.983766102409186385e-06 1.820270056518173224e-06 9.855492532434863680e-07 7.197925453579076665e-07 4.188741319740873546e-07 6.018387704935846599e-07 4.544709940093023524e-07
7.062319427759242620e-06 1.019310220323233131e-05 1.458931314463547509e-05 4.071832336692369082e-06 3.253610748280842763e-06 2.421833659217785789e-06 1.223880270609869279e-06 1.173594272916456457e-06 2.460593054342788622e-07 1.218247984462772043e-07 1.243475149624659423e-07
1.960679712349109010e-05 2.591185016529028539e-05 9.311760951457605161e-06 1.093310423682625787e-05 2.816450567536274336e-06 1.612677936826554697e-06 8.162099583037446725e-07 9.692191975405243789e-07 3.892748059077225973e-07 4.170001494521385107e-07 6.026043994166300218e-07
1.163693919587026603e-04 5.028776936997855857e-06 4.292729193536087063e-06 8.518275033848979214e-06 4.280317890508416927e-06 2.301018016230970846e-06 1.075176659789723572e-06 6.725454212992188719e-07 4.555027740201841863e-07 4.772725927224160478e-07 3.987978522302047494e-07
6.495614619313665507e-06 3.228467984076778451e-06 3.162682279225190489e-06 3.552613750223590643e-06 2.563193325859083376e-06 1.624230750729090386e-06 1.409723453062490152e-06 8.014476875852640262e-07 1.294023407768105266e-06 2.882718336018642421e-07 6.089675943496041539e-07
1.263363542264407327e-05 6.514578779095234936e-06 4.413842677670321234e-06 3.039265450019957038e-06 2.268218539238699984e-06 2.125408845991353614e-06 1.342520751151612391e-06 8.079141999742562087e-07 3.371610987471946516e-07 4.340515921434759498e-07 2.319696626092988272e-07
