6.428943132554284544e-06 4.277478279773162994e-06 2.963132308233855148e-06 2.018358004757493241e-06 1.570867436363456862e-06 1.513315438615777782e-06 1.413239026570597162e-06 6.627543853267888583e-07 1.385795641816671579e-06 2.232169856502640220e-07 4.348570111328413693e-07
8.378286987170036165e-06 4.710647375841497440e-06 3.180789931325664796e-06 4.275177699974379112e-06 5.223267137796571108e-06 2.808197183200704151e-06 1.008425280824913491e-06 6.041066157089251027e-07 3.382273188193441191e-07 5.420520803455076917e-07 2.655982896360213533e-07
4.369399909429094640e-06 4.215846349996773800e-06 3.432029855134345260e-06 2.853413052648441823e-06 2.331327212214009706e-06 2.049306094776880716e-06 1.347457739372286784e-06 7.559284573594448181e-07 3.016854516582185162e-07 3.170718946354871647e-07 2.581235970938241551e-07
1.993927432113547208e-05 8.312645421249241303e-06 6.727602357293414486e-06 3.042087617552499616e-06 2.563072641506154953e-06 1.288164365449095830e-06 7.383096038338500317e-07 5.395860512863500739e-07 3.254038464173832840e-07 5.629493381630601711e-07 1.324453880810626807e-06
4.142362160045615573e-06 2.556523200160684572e-06 2.804686729328599281e-06 2.255162604205694647e-06 1.390531819891591518e-06 1.434870887984662009e-06 1.520591984937374341e-06 2.070711851100334265e-06 2.911696351251036853e-06 8.904400383096019278e-07 6.947823522519207676e-07
9.811226076766449953e-06 5.809178862766059122e-06 3.946265714586127903e-06 2.713742940736668654e-06 2.105994827298517506e-06 1.478553504763427639e-06 1.272763578582432274e-06 1.320953718884013314e-06 3.085669014076818257e-07 1.226040551505978121e-06 5.332238116757267939e-07
1.485972706217567412e-05 5.844508318852040191e-06 6.096371611840333151e-06 2.474763753350086891e-06 5.878225007873793764e-06 1.220704671622172721e-06 1.174305487917240993e-06 5.282077985422334310e-07 4.726849199195676321e-07 9.216268728057981759e-07 3.051040154978938594e-07
5.184227299968994982e-06 6.375775143126368154e-06 4.778471783164059160e-06 3.097360194004774306e-06 5.054988578664158276e-06 2.101729365673913640e-06 2.383660704413120319e-06 8.862014538350264251e-07 4.100573133853182533e-07 2.424521783250286341e-07 5.502231267873337179e-07
3.359981909028486920e-06 4.326729872419052985e-06 6.008573500391244903e-06 4.939985138872072311e-06 8.663928417712202481e-06 2.166451848001220740e-06 1.394567043754841610e-06 3.602602244070412704e-06 1.094713555822507127e-06 1.477685664528325141e-07 3.785838928941475956e-07
9.148678745771378977e-06 7.752540232369013433e-06 4.465140580277384720e-06 3.827425708299075961e-06 3.278305611721189837e-06 2.163234033969723122e-06 1.799001959478897461e-06 9.371739760801923584e-07 2.731912483276653789e-07 7.480235578219846837e-07 7.640698524787652874e-07
7.199267302518077556e-06 4.401027143395913128e-06 4.294334168861018280e-06 2.871395370467688484e-06 2.439081962240759451e-06 1.707766456252861206e-06 1.034787902491413764e-06 8.721362954152832404e-07 6.233361591413286235e-07 1.545914249941692543e-07 5.072590347801918242e-07
