9.045305792581102161e-06 5.649368065065635052e-06 3.121399175000584833e-06 2.210152984014304427e-06 4.427990108899316806e-06 1.839091260237556270e-06 9.867837732529790166e-07 5.356629043887487551e-07 3.510751671433640675e-07 6.644664319292725210e-06 4.884935829975714269e-07
1.012054988324221132e-05 8.406284707808986761e-06 2.202395195078011474e-05 3.425237288234278296e-06 2.271444687530286219e-06 1.480353916764145859e-06 1.884094206147767057e-06 6.137689590888084451e-07 5.617558549345436442e-07 1.494337086307918807e-06 5.123531869611309009e-07
2.318380511567562300e-06 1.462593316026945899e-06 1.730999792592102198e-06 1.154429915288237163e-06 6.909233398477839324e-07 5.948059323063271666e-07 5.087104151302455865e-07 9.276230118186715920e-07 5.802032292778339347e-07 3.677671418193045834e-06 6.576675542749916882e-07
9.955868736544693781e-06 8.953298683992199031e-06 5.851823542697551627e-06 2.913527264532437650e-06 1.583655974714810616e-06 7.754224075777657137e-07 7.920157488039397775e-07 1.370166482711175629e-06 1.572160248129968996e-05 3.861826251421936715e-07 7.893102801904185933e-08
5.345241254571213630e-06 1.836904770344313095e-05 3.620571409332466841e-06 1.891224224322894240e-06 3.219449724148819875e-06 3.004153024819458030e-06 3.464077947742898450e-06 2.633686832128929813e-06 2.072273880394413010e-06 1.088252870379927684e-06 5.216290206977775214e-07
1.052365264741749280e-05 6.893205212673203342e-06 4.500827263782664022e-06 4.079270409844229877e-06 1.803138042851366238e-06 8.950677794311585345e-07 6.119129351673863470e-07 4.498579073812201058e-07 2.579666292561471314e-07 1.156447362063618655e-06 1.156009455629690561e-06
7.313262070012285134e-06 5.720583080747865240e-06 3.924901147104456452e-06 2.827153021869785901e-06 1.763457671586336123e-06 1.009665534819006705e-05 2.751117190569897854e-06 5.443797414561250402e-07 2.109336708853796859e-07 6.156028335876122590e-07 2.576790362593680334e-06
5.397143604587152814e-06 7.134013386052470166e-06 2.922662694213179107e-06 3.607936441118265447e-06 6.615455150870642888e-06 2.108710624344904432e-06 1.109820795343158769e-06 2.733849226318043968e-06 9.272528005169802999e-07 1.032596426399870517e-06 9.173751431065920389e-07
1.103754300309713183e-05 8.115006916967686346e-06 5.194103360370705103e-06 4.978131386443508106e-06 1.690144576751841950e-06 1.126835630765998603e-06 3.219292153722432758e-06 5.311261869600714004e-07 2.443403176344247804e-07 1.030544139327530192e-07 4.867970394460747450e-08
6.815963673032196872e-06 8.284404805821771249e-06 9.087586613266686276e-06 3.696684053796970941e-06 2.011647309393552600e-06 1.261741424497493630e-06 7.465309389755032447e-07 8.097675556083876637e-07 5.752686349266888357e-07 6.406656905756032656e-06 1.772727857241689550e-07
4.502231417976154269e-05 7.247196186118532281e-06 5.170015628692990680e-06 3.888039136771878641e-06 2.878929139396831559e-06 4.914834343377921222e-06 6.543535761051118998e-07 1.141343724627063345e-06 1.467670831886422477e-07 1.285406069221081900e-07 1.188247790913931655e-06
2.738723808405729733e-06 3.456183996536301040e-06 2.807038280658143422e-05 1.428194054806532670e-06 1.295158783974164960e-06 6.113859903026464433e-07 5.118194245668618328e-07 2.143587723722404905e-06 6.810529770702201164e-07 6.834939576982840044e-07 2.033138220309835184e-07
6.085027840676517969e-06 6.418098872894287800e-06 3.109510565959740144e-06 3.096467689649885943e-06 1.550151939650872227e-06 6.623608310925713905e-07 5.048993453069680035e-07 1.654105323051349580e-06 5.481043770846763883e-07 1.073975756672141763e-06 6.989387522673648477e-07
4.770482525487733780e-06 2.358164419528124967e-06 1.437642003838963914e-06 1.160345935884119235e-06 2.185103170324084451e-06 6.092116453096421305e-07 1.181797247109267171e-06 4.085987686375958689e-07 1.987533042400492405e-07 5.417885241764505441e-07 1.035483112517450963e-06
7.865366370144063246e-06 5.031287089654531659e-06 4.295080498278387493e-06 4.220024464786097455e-06 2.843850400664993774e-06 1.663205618032791042e-06 8.392506903394208349e-07 8.731886553925511631e-07 1.046017817129203667e-07 6.486952633439754431e-06 4.737518434577303369e-07
6.083368758949577746e-06 3.109773007051673968e-06 2.578601956994022886e-06 1.920616164058356821e-06 1.279237669458303614e-06 7.875051504995331523e-07 5.676386225417662934e-07 3.852722258115328760e-07 3.357592593690437275e-07 1.431337522604429809e-07 1.703170590840443077e-07
1.419270468891541618e-05 9.544763837889490131e-06 4.882956447334724306e-06 3.658659632431171436e-06 5.413546371619874484e-06 3.436378235843251971e-06 1.430566663165555762e-06 6.774456324963534772e-07 2.504007255415315642e-07 1.085272627636104727e-06 4.576199809849529111e-07
5.275120890892616742e-06 3.369873105679820887e-06 4.004854218863133481e-06 2.646388109448203823e-06 1.781745012544702789e-06 3.036764339342260397e-06 8.186904399384034882e-07 3.892519606355251518e-07 7.068830721464821331e-07 6.043766510903484424e-07 2.492097530311186638e-07
1.054383392088886787e-05 7.000479210699068053e-06 4.744830321160301896e-06 3.858034993206030962e-06 1.767778904056168620e-06 1.230197346698081355e-06 4.408756134107329608e-06 4.763264535011417247e-07 2.200404677518319798e-07 1.168728993274104293e-07 5.500721636570245282e-06
1.784361479718495465e-05 9.224356108770233911e-06 2.441466311826090779e-05 4.426070671282743707e-06 1.626888067014268330e-06 9.870280760790133776e-07 4.914803929756902608e-07 2.479160571226102455e-07 1.850215625561423250e-07 2.347018892715214080e-08 3.706347394787829541e-07
5.013240691497216846e-06 2.671665690988902949e-06 2.200103314651046747e-06 2.326847668664239444e-06 7.016559539364799045e-06 9.377009883835322003e-07 5.428164589608644365e-07 3.440026790038819920e-07 2.407371633736514349e-07 4.392109201249625347e-07 1.309049379353941567e-06
2.362356568868932591e-05 8.468824330076738728e-06 5.385263782924485683e-06 2.863319614414674689e-06 2.304702103395203381e-06 1.311831542211867024e-06 8.549858794718656319e-07 5.417819130965361092e-07 2.276055450388214496e-07 1.132635443897287408e-07 2.137412314403799296e-06
9.078001543752801735e-06 6.722648658683995117e-06 4.284901881610391200e-06 3.836287594878173806e-06 8.928183151886672284e-06 2.495163413584144417e-06 8.964257738082223277e-07 3.825218365352751684e-07 1.852013565625728795e-07 9.309623089480057604e-07 1.329245118920133684e-07
2.103143693593946856e-05 9.309422196267902772e-06 6.186510387124678659e-06 5.601078364701755269e-06 5.420655288829808587e-06 1.063173235596139081e-06 6.469558521124401881e-07 5.454883559209365831e-07 3.418172860464792667e-07 1.183919056495535470e-07 3.460698509350419069e-08
1.532106364403471182e-05 7.997251651671228421e-06 4.792045049695355888e-06 2.124794711906708059e-06 1.540047639379947840e-06 1.262961963438000527e-06 6.466322803922020621e-07 5.570967577236355141e-07 1.810468170910035699e-06 1.698721748166941136e-06 4.585101611916980045e-07
7.906758031257442277e-06 4.681919169646121379e-06 3.586149413575440994e-06 2.632637536499155884e-06 1.089230946219281064e-06 7.787619527847509390e-07 5.966990136355854219e-07 2.306011704311767127e-06 2.293965070614512719e-07 4.246747166414421805e-07 9.510173415954822586e-08
1.315021317676995405e-05 7.251913379371663141e-06 4.952641177633386249e-06 4.080912121377635660e-06 4.111462949700894037e-06 2.780288544356841252e-06 4.843002946660045701e-06 9.533773861202818268e-07 1.430342428285548572e-07 1.301618344203532918e-06 6.367148903853425703e-08
2.521246555388851924e-05 1.741491303345960777e-05 6.676404642561349744e-06 3.181129722938626804e-06 1.376969948879158946e-06 1.033352701542456816e-06 6.703034203182483622e-07 5.971985430409379323e-07 3.727096720371757072e-06 3.565700536918988659e-07 4.817185772919502618e-07
1.432682602830244642e-05 7.207628359758484432e-06 3.534207161884113097e-06 2.012224495338644198e-06 1.567847026579531643e-06 1.468388530750655100e-06 1.079326567485788964e-06 6.612842325644586286e-07 7.295954750688276394e-07 9.718666789716374228e-07 1.726321467633363053e-07
6.524343179702577810e-06 4.040175442623608043e-06 2.662415750432934503e-06 2.089583180166632393e-06 2.210327990318036236e-06 1.044611680192601886e-06 5.598956789864490874e-07 5.113167415505857478e-07 2.845344114196626663e-07 8.095498484641823377e-08 3.169965704482074094e-08
1.779641281672018160e-06 1.968733001894228413e-06 1.048137214529883767e-06 1.203331443525497344e-06 8.802775441236398406e-07 5.108765762663204992e-07 8.905612743335357576e-07 5.542650652575441177e-07 2.889388476602890673e-07 1.094568528544215751e-06 1.522134244335497602e-06
7.150991908176860153e-06 6.231555872661428326e-06 4.698827501603662948e-06 3.648096774064214634e-06 1.612728919958723571e-06 1.220433079272054518e-06 6.304904109356302457e-07 5.362522820087407121e-07 2.314572064489371355e-07 9.851391929126973761e-08 1.005563357390803202e-07
1.151283450517429930e-05 9.423067788236842352e-06 5.333485057005412704e-06 2.171013890987252302e-06 1.251293830979396509e-06 1.935303433850299514e-06 7.430445974748655313e-07 3.495116274685514097e-06 2.261632572661470603e-07 9.586429829969940732e-07 1.774975321798294774e-07
5.471616785345563668e-06 4.859160163849128942e-06 6.710408834262103141e-06 2.264634534175967289e-06 1.567307305504921145e-06 1.087362771690096281e-06 2.940972625740754873e-06 8.290253868012190504e-07 2.989415915001445828e-07 1.493820229308720906e-07 8.002685672524026315e-08
8.787175392729896768e-06 5.274011680214339829e-06 2.185221995798948700e-06 1.253645163838318231e-06 1.007156386348365004e-06 4.538699652059454366e-06 9.854792184146212807e-07 1.026942265682617255e-06 2.253165052156103139e-07 1.199344825400344535e-07 1.173144501568338333e-07
1.564051349975332776e-05 2.091279354690928394e-05 1.002827496405613500e-05 5.258703085596731548e-06 3.126939844842005155e-06 5.088674311536141117e-06 7.551049520510104901e-07 5.770462461361941993e-07 2.675758987379442230e-07 1.702790438730205363e-07 1.345729471910963772e-06
3.998274572662219665e-06 3.942791922554045833e-06 3.816044768754124605e-06 2.207238412866554324e-06 5.483484821773826420e-06 7.555375837420119476e-07 6.762988652361669733e-07 4.311418965398918955e-07 6.426250981132289129e-07 1.990026034054004649e-07 8.555275054185615300e-08
4.368668872240944731e-05 1.250405152430531914e-05 1.033681667610173861e-05 4.631677338756430715e-06 2.877232017518279715e-06 1.177855545840729936e-06 6.516770909929142041e-07 3.389899002763338065e-07 4.213609337232567692e-07 5.132802053727031824e-07 1.862543821625559499e-08
7.572124719868271753e-06 3.672621924873367742e-06 2.035695173637406279e-06 2.008313209933189601e-06 1.891929991599409531e-06 1.121644637652240373e-06 4.169973132838778018e-06 1.180780656443574121e-06 4.879468820430151294e-07 1.850301802165608881e-07 6.320887319368930248e-07
9.406594779166733861e-06 1.085977547638553484e-05 5.507837006992078661e-06 8.589155274406088804e-06 3.143880452260758150e-06 1.168517515668922905e-06 1.249727844494147450e-06 1.193241652930425214e-06 1.936544724065671720e-07 1.084630319593091131e-07 4.741761433299179032e-08
1.244644946502791919e-05 7.139332936490191123e-06 3.896900483906992788e-06 3.616581187111162348e-06 2.508465850408932044e-06 1.336303336676382119e-06 2.616062689684633333e-06 5.120989704294210433e-07 1.872509407859952843e-07 2.270012180207807943e-07 4.038618962472363046e-08
6.437750952089895995e-06 1.020493828497255293e-05 6.301970900136068933e-06 5.502514329760945637e-06 2.996996425056909508e-06 1.530744859400932039e-06 1.362440644552796488e-06 6.111178142636027878e-07 2.601417665071830522e-07 1.072839369157818098e-07 4.041469971815366401e-06
1.549425378418670056e-05 7.341476496888827465e-06 5.697845294941992202e-06 4.159452362922185454e-06 4.562624470420198842e-06 2.936823967264898755e-06 4.141521220704170222e-06 2.738382789702192477e-07 6.025257305979276033e-08 2.791679247419773478e-08 7.182757990608525984e-07
8.529344073938312514e-06 6.019698786107970212e-06 5.361454913540822560e-06 4.148673711394077645e-06 5.386304954401507561e-06 8.671170377329505657e-06 5.010737664950922158e-07 4.086529955565641291e-07 9.160069753469785963e-08 1.495746186112881717e-07 3.579232850956584183e-08
2.068510291320846522e-05 9.813367619674457070e-06 3.266686764988199721e-06 2.435878985637937089e-06 1.674704204208924949e-06 1.850382048883022524e-06 7.306778656378527742e-07 5.142267343336423380e-07 2.456868975756946166e-07 8.704059995679035777e-08 4.416214633150879909e-08
5.978355439848220532e-06 4.223424583715430290e-06 3.578068147178708982e-06 1.396704998578891528e-05 5.696598857312402055e-06 1.165317357685372530e-06 1.327565834199462228e-06 1.999278353581280808e-06 2.715204921251458907e-06 9.794810992749309297e-08 4.656541668800222751e-08
2.220717549674307470e-06 1.502297616430860918e-06 1.708427644618019097e-06 1.220512889966030131e-06 2.675792491307273315e-06 5.560233024921746207e-07 4.637846179440865718e-07 2.813804681542721746e-07 1.816275444561428101e-07 3.252255608556769668e-07 1.087228887269122711e-07
1.011315475629550247e-05 9.184008551419350626e-06 7.812878726280664680e-06 2.603442354920341148e-06 2.682843586748836304e-06 1.657276546058538068e-06 6.047602524023543459e-07 3.736963428153524689e-07 7.097904939966840748e-07 1.859200161591547297e-07 8.249660386848770483e-07
3.327310391310661188e-06 2.279586704334987768e-06 2.135860265515381774e-06 1.433633840604649242e-06 3.355104643090754451e-05 4.598542940745037065e-06 1.158662644916425946e-06 4.086161376026067986e-07 1.738366361882774776e-07 8.188265563621128133e-07 1.437211613498749164e-06
6.027272155681098962e-06 4.371656830821823024e-06 3.160320395841413753e-06 2.180238203928924608e-06 2.232201968156593451e-06 4.279538382488413556e-06 5.312077590166496771e-07 2.200143477594698728e-07 1.111247209535092909e-07 4.730197521546778348e-07 3.138131213659759584e-07
6.078332140005779320e-06 6.158712679069840348e-06 6.852630079119898990e-06 3.672259833772249532e-06 2.610800867678475006e-06 7.710687692573395949e-06 9.911598667937707012e-07 8.212308144780435219e-07 1.575901761887367814e-07 7.815865994015339013e-07 5.827505018036696956e-07
1.336957685613066984e-05 1.352543377636010234e-05 6.241926213735136947e-06 1.571458900603800764e-06 1.185582690119282167e-06 1.717095631438026119e-06 1.193079071633879070e-06 7.492336534812063617e-07 4.664731319417373151e-07 1.879620403038623351e-07 5.639467622027385511e-08
5.682351613958676686e-06 5.578220433778966352e-06 6.099619658845190609e-06 3.145167541185483982e-06 2.644767931938668251e-06 1.502364344015753379e-06 8.815860270448060137e-07 4.125324591440013362e-06 5.737291849859541800e-07 6.697708205651901238e-08 8.371808988532651357e-08
1.102746874404531965e-05 7.856898123720051881e-06 4.699267079853614139e-06 2.403710789600707321e-06 1.564123772068574971e-06 9.988271657974426001e-07 6.226807758064175257e-07 3.314674433635672506e-06 1.175749030703109984e-06 1.706111958803790887e-06 2.010883079802204962e-07
5.215558595477514324e-06 4.964796606340468345e-06 3.331595768081688601e-06 2.595166664905019485e-06 1.238233096449448227e-06 2.576722035472975817e-06 1.692267190887872717e-06 5.568937299333406613e-07 9.998309376055737494e-07 1.137273263193218138e-07 1.182528101226069661e-07
2.084402699170410123e-05 1.186722436930806022e-05 5.904744636694174107e-06 3.671173821063496456e-06 1.631461171564712033e-06 6.781918387660496726e-07 7.629955129469298575e-07 2.713549366584017437e-06 2.385151155539590799e-07 8.261632187229970499e-08 4.751631638886379485e-08
5.622201593571340127e-06 4.511850091344502128e-06 9.630504345736226151e-06 1.134741234928267924e-05 2.592790608513137007e-06 1.159044973922050018e-06 7.178918565303148751e-07 3.839294294074086771e-07 1.864503958299454163e-07 6.548349561344247635e-08 3.984426641957553511e-08
6.013241774120481544e-06 4.139493304725395825e-06 4.099463706532813945e-06 3.637130385719996513e-06 2.568538612045886677e-06 2.407774339094522772e-06 2.300258463844946297e-06 3.294416482189305543e-07 1.433044658378329419e-07 3.680708820868319775e-08 7.945044727195103339e-07
5.520822219055988840e-06 4.160086378524447775e-06 2.821382493640335011e-06 1.568531394107079422e-06 1.162344894360303129e-06 7.555851814984601958e-07 5.205109038357542670e-07 4.240835075145768849e-06 3.196895060610716386e-07 2.116844795216503075e-06 3.724796473889140350e-06
5.923640343581206734e-06 2.765902745353205291e-06 2.493809088492301149e-06 2.402610140300084739e-06 1.396422077714298461e-06 7.617776475718239724e-07 5.658476368857143500e-07 3.011309636595126076e-07 2.141802085749587016e-07 7.766123051527583297e-07 9.799962773349703576e-08
7.064070289093897792e-06 4.654238039586502420e-06 2.878174704356003674e-06 3.373038353230360180e-06 4.683632047895527522e-06 1.320637686559350935e-06 7.426326024135254973e-07 9.581609294971469632e-07 1.693885416584864157e-07 2.495122722711689674e-07 4.325308919281720054e-07
9.273845452219505375e-06 8.459946196398177866e-06 4.054633172182819942e-06 2.864703636441924965e-06 1.206659773878014769e-06 8.423235301272625528e-07 4.820627014099478735e-07 3.340113335189332818e-07 2.752725612321344366e-07 5.107679238889604925e-07 5.778736459134747935e-08
6.945754724846274150e-06 3.824836653630185814e-06 3.732478116672178741e-06 1.827115170342494405e-06 1.407461651754918311e-06 9.953748293883155771e-07 6.939197512032005630e-07 2.989560362703950163e-06 2.977931101118274872e-07 2.483210023337474698e-07 1.618483996394946278e-06
4.924905483345833962e-06 2.856994078770397044e-06 2.511263909628902317e-06 1.186864790364957261e-06 1.236121749123276248e-06 1.216033712998918347e-05 1.138544908236495668e-06 2.872300055006630996e-07 1.449845440094389227e-07 1.475541890498907399e-07 3.566664257553090518e-08
1.016345668787007593e-05 5.461796648431631547e-06 3.011315798222306972e-06 4.659307238335905113e-06 3.442869450741594744e-06 1.493062476708958770e-05 1.772408854970062047e-06 2.635515803299573054e-07 1.133475198989488994e-07 1.419424002801644686e-08 1.258597658030884325e-08
1.066784613359770299e-05 6.846349624217619292e-06 5.442686024664026943e-06 2.199824366466700512e-06 2.246719386428509137e-06 2.499522587182233889e-06 9.425533580068254820e-07 1.284564426014936868e-06 4.250348341200246222e-07 8.619522334401638337e-08 1.395479226059607877e-06
6.697890223956302387e-06 4.475642969343516214e-06 2.699279314220626103e-06 1.845812324781577201e-06 5.151535332209322579e-06 1.780266711169747705e-06 1.351647358959301190e-06 2.017540071898786599e-06 2.109235995333874378e-07 2.112546297656136512e-07 5.416125523139532643e-06
3.990608424526526293e-06 2.916774797637610955e-06 2.498722016054523224e-06 1.671357470493936132e-06 1.096708103854713292e-06 7.553491588461497172e-07 1.703967742973746316e-06 9.786570599382124727e-07 2.179015410705694289e-07 6.698748086316701879e-07 1.228765575322593345e-07
1.147379688311928931e-05 7.294462682742416907e-06 5.241133048566600793e-06 3.794993381364079860e-06 4.697882211076599205e-06 1.019862714385209308e-05 4.458690773872469945e-07 1.714586683200531067e-07 8.076255089316694294e-08 4.278225212302662525e-08 2.265071886034852446e-06
4.469628050686043591e-06 3.605662123881638459e-06 7.751596348235915109e-06 2.590720597095509842e-06 2.804644543371424492e-06 1.622988231210302126e-06 9.737345023213429734e-06 2.074524077726313907e-07 1.180711057857484949e-07 1.089528684637992369e-07 4.664124191259809629e-08
1.881645073628995736e-05 6.769688227864516051e-06 3.817212827068598344e-06 2.637759186967858745e-06 6.648636756688768330e-06 1.802917123005977610e-06 1.029541438037869805e-06 8.124096113594669906e-07 3.839470495532862979e-06 1.141088112627940718e-07 2.986815617105161009e-08
3.441986521066622058e-06 4.139679269559192110e-06 2.740185611692011136e-06 1.640946589987493193e-06 8.509207713328008760e-07 3.579539740812700101e-06 1.375916831683100726e-06 5.689195989568985328e-07 1.850182610805432942e-07 1.240594516531556099e-07 8.167012550328453707e-08
3.979192342469613189e-06 3.596006987688921966e-06 3.205197237873143019e-06 3.656033891890657296e-06 4.755558351013965087e-06 1.951226145753732190e-06 2.026999558693856055e-06 1.199761553549467427e-06 1.611948559178333462e-07 9.804337561123133310e-08 6.386448344052759556e-07
6.853268571629306213e-06 5.405009917713655963e-06 3.733015839103991134e-06 1.876872977610479829e-06 1.615330983302379610e-06 1.222341356545058734e-06 8.290627916295575027e-07 2.579950243524625419e-06 2.329016070120392834e-07 1.303257322201171872e-07 5.785419459440298721e-08
7.237445656463224496e-06 4.926330742553165540e-06 3.466436848113298079e-06 2.301323880393197044e-06 1.820194583266633793e-06 1.331937133238169389e-06 6.787993548778838487e-07 7.720444242363757447e-07 2.911625710144650234e-07 1.145816925598925312e-07 8.595488098641237014e-08
7.918262453664848995e-06 5.243501909187646496e-06 3.688105611128465274e-06 9.008811791541271986e-06 2.161577307197281314e-06 2.669897659554535242e-06 8.104508673802628185e-07 1.530455043613511548e-06 2.886847303306392784e-06 1.272955521783555388e-07 3.871863960400467292e-07
1.876443877919269960e-05 1.276704362959140824e-05 9.003768555268417596e-06 3.441898309792256316e-06 1.126436490203249943e-06 6.777365378324385337e-07 4.122397576378816755e-07 2.544169113053322851e-07 1.509506223104298375e-07 9.543844565314612320e-08 1.116979981653202690e-07
3.092057532457884103e-06 2.308578204081628922e-06 1.440444386026054814e-06 1.360934208436860805e-06 1.323136752265511158e-06 1.687957356253183733e-06 6.354589887401950546e-06 5.857001124281542367e-07 1.184238284406331834e-07 5.135056470228917230e-08 1.114080241374435052e-07
7.833275932367025698e-06 5.480445742020725403e-06 4.317944791475086532e-06 2.405736368343409499e-06 1.588437045698477056e-06 1.187874485752121819e-06 5.058028228269419171e-07 3.393356152847859186e-07 3.713587071406478418e-07 1.484126066563014501e-07 6.407398366393744487e-08
9.205529709795991041e-06 8.490461960090637115e-06 6.787556994509771202e-06 3.528799207109073467e-06 1.987949791098810992e-06 4.604077210642733486e-06 5.961715166092220062e-07 3.339731515355002783e-07 1.969321200233733097e-07 1.254973473183587264e-07 5.604878927315082424e-08
1.115886921560369562e-04 3.002882403044285391e-05 7.098119283858696196e-06 6.120534757809453350e-06 6.481474461695000815e-06 1.356296905345943222e-06 8.079536635758198581e-07 2.707816772456339318e-07 6.487146574575258480e-07 1.176412665922180006e-07 6.713729244349136475e-08
1.191529244875649762e-05 7.648080791238894607e-06 5.682473060936483349e-06 4.411142554994377709e-06 1.895280398640975377e-06 1.477116489487592826e-06 6.718214454114353922e-07 4.356591435475692526e-07 3.610322870040870749e-07 3.090932727709799577e-07 5.173973894223885622e-08
1.319388980722397158e-05 8.414956824258118024e-06 1.334623914091347115e-05 9.711024757544219288e-06 7.597810964554148311e-06 1.020999577225094451e-06 5.393372291940098435e-07 3.062382177309705989e-07 1.048411761415323850e-07 2.965487824605263283e-08 1.176333146463994725e-06
7.236999797529587363e-06 5.185333654999222359e-06 4.417419495344781731e-06 2.872121651152714401e-06 2.667154913909977115e-06 1.522726512522443864e-06 7.382812412544326229e-07 3.606334965747755906e-07 2.252279339708229267e-07 1.278683835919120799e-07 4.950248139057120387e-07
5.921318367703401344e-06 3.700946067595021094e-06 1.783422179263075127e-06 1.515338421738335596e-06 2.607592771105935405e-06 9.496649630779714462e-07 6.725206872015166491e-07 3.205531284591198752e-07 1.566930402153208294e-07 4.294356451817120632e-07 3.409630838849412886e-07
2.964650845947591067e-06 2.712553524899812045e-06 3.344749183524796346e-06 2.329016074762148949e-06 1.231486425947919203e-06 5.983758392412115666e-07 5.661560709243348350e-07 1.386727593248029492e-06 3.404874867992914568e-07 2.554031075764647548e-07 9.545065415475971004e-08
8.420149664803015842e-06 5.846341204649750721e-06 2.769759200177130210e-06 2.032966751722978241e-06 2.975470491146042386e-06 1.864666649517916973e-06 6.790306023631643010e-06 1.388535046741412591e-06 1.639989192406443721e-07 5.538575230006062363e-07 2.637404695421993644e-06
1.453608952220073447e-05 7.625930610751899273e-06 2.489464587107005694e-06 1.563563184729063084e-06 8.708011740985260379e-07 6.663986883394065159e-07 1.011328354632658334e-06 3.818646947452971304e-07 3.316822604172798315e-07 5.764077867827504259e-07 9.280173218393135827e-08
1.145935213721598434e-05 6.133450992686305811e-06 5.597483987121754021e-06 3.422630147714440362e-06 2.041173331032208818e-06 8.447726247588211918e-07 4.498725623735101568e-07 6.978043282346669226e-07 2.958342866311273252e-07 5.366984062704967123e-07 1.569913710636545543e-07
1.431400202928822512e-06 7.188853041477218701e-07 5.332548970872293751e-07 4.597287723983014611e-07 5.091021503733614192e-07 5.056776754274404555e-07 4.786532997556019518e-06 2.629161693930939203e-06 2.947444085510673599e-07 2.446888774587734313e-07 2.142712887330123724e-07
5.066759119028649158e-06 4.284173009774713509e-06 5.812500797200803633e-06 3.893752022423994748e-06 2.537338307344712321e-06 1.826332765565543300e-06 2.313653805513801722e-06 7.249649093817849812e-07 1.857160511239054286e-07 8.468058908173181751e-08 1.468549037564160318e-07
1.000192409727284918e-05 9.098649567727062093e-06 1.679645580129197321e-05 2.344045131963908508e-06 1.317344647826082155e-06 5.258965182892233246e-06 1.007934133826267257e-06 2.915566600719420078e-07 3.734729113492815995e-07 4.612181997992725462e-08 1.356358096012170572e-07
7.547308079155026421e-06 5.349185686516301653e-06 3.277100234480651954e-06 1.292063465119343017e-05 4.977996090634309547e-06 9.513265084913531400e-07 5.569405197824155958e-07 3.119614542461550561e-07 1.831153759891565452e-07 4.776715705836571294e-06 5.329257324564922845e-07
1.506585515173984991e-05 7.802583234394877876e-06 3.565000292303529982e-06 2.175133280070184895e-06 1.167398624372378470e-06 7.542824028026211369e-07 5.097013290471672628e-07 6.379077747243681747e-07 2.298719211025492068e-07 1.446777055570593792e-07 6.531613093552293828e-08
2.635906163856377045e-06 3.543510678686258492e-06 6.476334282587268052e-06 4.431594045283412345e-05 9.427201639253294873e-06 6.901397017707999672e-07 5.083904592220576138e-07 2.901629575420755480e-07 2.008988174700995030e-07 3.117949020360197673e-07 4.874380853753127196e-08
8.171847228890025857e-06 5.671112519814541607e-06 2.740442651941911095e-06 1.816500523031644712e-06 1.086522230570298704e-05 1.998644746335544180e-06 7.115302825673059644e-07 2.123746653617101966e-07 9.307461576548216126e-08 6.885002879788713622e-08 3.405546320291984794e-07
9.652973529871342029e-05 1.685409492620374672e-05 6.487162331301655704e-06 3.258958831901812497e-05 1.834142931407486510e-06 1.023478813373764444e-06 8.136841543491138919e-07 1.028551404173576208e-06 2.125218591184017000e-07 1.401406090250750027e-07 3.862010358688455806e-07
1.226985658438289965e-05 6.599535001479538702e-06 4.310493002602233105e-06 2.808794421315803201e-06 2.003588726883549538e-06 1.825830218026308931e-06 5.756185032177548442e-07 8.336838117953174485e-07 1.521121333064066630e-07 6.024027751446756383e-08 1.171638770404053099e-06
8.567936533746513874e-06 6.571032729741741555e-06 4.458710224281574933e-06 4.102098722487973452e-06 2.170794920753574963e-06 2.107358399052765819e-06 6.660435708557056450e-07 3.595430711043458018e-07 7.145662279219434795e-07 1.232546329592464587e-07 3.676347579483352172e-08
1.089584185953702254e-05 8.653480842355395534e-06 2.661374862036774741e-05 4.125455789344373277e-06 2.141637677466633994e-06 1.349487105356741984e-06 7.364657257542607441e-07 9.295318133404665114e-06 1.505294278188774430e-06 1.196394462300411055e-07 1.057119115722547690e-06
3.079669465470099063e-05 1.923186017194037861e-05 8.398278000577705636e-06 5.277016133143535254e-06 3.001835808549319162e-06 1.622177318614193963e-06 1.203064274261837756e-06 3.843610820679295967e-07 1.429144346323179479e-07 1.862643319932429199e-07 3.259807630569829501e-07
1.069699632309828180e-05 6.337388738436468560e-06 1.887999265454863034e-05 4.269819985869641255e-06 1.572053596630439728e-05 1.270485800570442280e-06 1.646239946385367664e-06 1.363097859198221630e-07 4.848199374555246900e-07 5.318885515601764963e-08 2.480876425322981041e-06
1.487822393342817390e-05 1.073418740824695047e-05 4.976542920162734051e-06 3.198928294131380657e-06 2.189289436571180737e-06 1.863307807288477888e-06 1.218269042138849223e-06 5.607593311558913931e-07 7.070959903099656564e-08 1.458350759638587648e-07 7.238213017849625980e-08
7.314698870484941566e-06 8.649553638043478955e-06 4.573285190053834628e-06 3.417853937962810503e-06 2.862453163518364839e-06 7.099698641716276915e-06 1.008723135092065638e-06 4.653770259584087372e-07 1.878931504637351219e-07 1.233506619851425875e-07 8.818249564752847675e-07
6.375008261023742498e-06 5.539385788015317288e-06 4.116483318767991371e-06 8.420931182511040341e-06 2.451706959482179972e-06 1.054872670690858895e-05 8.709726113953187120e-07 3.242176798697682368e-07 1.920557359439929155e-07 1.700399270205814770e-07 3.986696592901721428e-08
9.226495488727378774e-06 6.090619457126075278e-06 3.176779483911205036e-06 3.437829671262224981e-06 5.751790652506842604e-06 1.953686501004182311e-06 4.292230059439189174e-06 4.615492252780727587e-07 1.082248678420626492e-07 2.470265061983981321e-07 1.738671067914649043e-07
7.004350190937823191e-06 4.250315344820559313e-06 3.472546144745070395e-06 2.153465744968097294e-06 1.372764206831790989e-06 8.744289932820004314e-07 5.882742234242684592e-07 4.240316994428806409e-07 1.025025026684596245e-06 5.839002151243524502e-07 2.141627785518033710e-07
1.583973152776644100e-06 1.623540909852731844e-06 9.874959338732783017e-07 1.158540276018357314e-06 6.027080314514396355e-07 4.450780450020269643e-07 2.475203757710965686e-07 1.720203482777434993e-07 1.084035114885155408e-07 1.073274900122606287e-06 8.671361870691694583e-07
6.279345730654776624e-06 6.064962705755080830e-06 9.278410005473133025e-05 5.681745719682039923e-06 1.568558718087497305e-06 1.088787005038656717e-06 7.597476423667651932e-07 3.792506624930718320e-07 5.347285158979758754e-07 2.249137871621297225e-07 5.527861303308439812e-07
5.358037624042376520e-06 3.849060759116760717e-06 3.571846880255653241e-06 2.999234820086043418e-06 2.392993336633912861e-06 9.046276694735297922e-06 2.682302949374302729e-06 5.654460795278401104e-07 1.678502275086758404e-06 3.835735743177317272e-07 5.859094354813864119e-08
5.786951578983402851e-06 3.942496876070366464e-06 4.997343919540258964e-06 2.537788330532862385e-06 1.531143853670998946e-06 9.479169753791218018e-07 7.347055453629068509e-07 6.146919160046770206e-06 3.160107957471067308e-07 5.925717233840581005e-08 2.167108313039479560e-08
7.671954883549047085e-06 7.184620955261242423e-06 1.387831113390923673e-05 3.072692309121617605e-06 3.335864652823687662e-06 2.887884858054886718e-06 1.390554644738513289e-06 2.585255077226563988e-06 1.698218170083021883e-07 1.213841653421672043e-07 4.566535393050971145e-07
3.215974492121631397e-06 8.103104267111049294e-07 7.331718415831229460e-07 6.674853803266186307e-07 4.479473762972746252e-07 3.467168563749097534e-07 2.277746973413531493e-06 7.694437251253642638e-07 2.080777089172161567e-07 2.896384354299195983e-07 1.652399615686786205e-06
7.731864774097921188e-06 3.839511395017105174e-06 3.226763561721832184e-06 3.591179173166377353e-06 1.125779492168237284e-06 3.998811945391070208e-06 5.936672302705487343e-07 2.819134828870536056e-07 2.886815939605996538e-07 9.073060064013114589e-08 1.086883127264139618e-06
7.019974192383645045e-06 5.374008626558684591e-06 4.023412195415957308e-06 3.734198125710403192e-06 2.659057672063163103e-06 1.047610673596649162e-06 5.777898171273427336e-07 5.560496351606990963e-07 2.877819615753236228e-06 1.499824398220920657e-07 3.182169495379969041e-08
9.718355239227610391e-06 5.464852858327859203e-06 3.185196416590346954e-06 3.173527651163429308e-06 2.313318359951841146e-06 1.826078042458829643e-06 1.212525128281234554e-06 1.488157872621231397e-06 2.691366578156936643e-07 1.783066424846213062e-07 7.484638751004910303e-08
8.770918747582080711e-06 8.189830954432399495e-06 5.088868310314434853e-06 3.154903104074826782e-06 2.446624522316857892e-06 9.831249424478735531e-07 9.919836291451194035e-07 3.322656706256805399e-06 1.756188022553814681e-07 8.808945773911561375e-07 3.396166843985254099e-07
9.266639285711065975e-06 8.159331819231931465e-06 1.683815582555379538e-05 8.513758109116717005e-06 1.873619046471876548e-06 6.717997403924662345e-07 2.657236316147076544e-07 1.175557705624472115e-07 5.441345091086636605e-08 5.784097551774025413e-07 3.023766967655208135e-07
7.712441465646565673e-06 5.624889451904772733e-06 4.531839987870482062e-06 7.819303946299724679e-06 1.748269023296359067e-06 1.492229841140044002e-06 6.751812216250869710e-06 7.061604015577899798e-07 1.643782041762312829e-07 7.918781859858790923e-08 4.012544534921991226e-07
1.168330358409130326e-05 6.269802743760907469e-06 4.747454862801509822e-06 3.101602863728975178e-06 2.313199798976281330e-06 2.482392124677141813e-06 1.145405141889442815e-06 6.668467067241130425e-07 2.811027950671084320e-07 7.651104146114336378e-08 4.947561694945810599e-08
8.423472458421281734e-06 3.815433755510516580e-06 3.024276456275225709e-06 3.233746111237033418e-06 5.314234052926549166e-06 2.080084181774525552e-06 9.073712884349747301e-07 2.702072719043800780e-07 6.672063530371794879e-08 1.838181908433215265e-08 2.572281247464901546e-10
3.500043698903432914e-06 1.868388418945524769e-06 1.976472968160356713e-06 9.281882708762222052e-07 6.437578209466964009e-07 4.637987490052779406e-07 4.476317967814022360e-07 4.938485589260266066e-07 2.954374286265571445e-07 1.636415800205722223e-07 2.868683815657313242e-07
1.661363478895883287e-05 8.896579342577003399e-06 3.010211153412903264e-06 2.035909463070592555e-06 1.183491154014251193e-06 1.240754690326619302e-06 7.431232190636493149e-07 4.408828868948710931e-07 4.022488269722681665e-07 1.229720680547358575e-07 6.158836506172392205e-08
1.726365083927475425e-05 1.225297243438739390e-05 5.437602676345199178e-06 3.309613938115820736e-06 5.535718690334062204e-06 1.175457728976672169e-06 7.046177703322105335e-07 4.776887314780208075e-07 2.499061347092488482e-07 2.140711394950665506e-07 4.569734512110361875e-08
7.862636610183576960e-06 5.236626528981089952e-06 9.384452788433203933e-06 1.609749926020368337e-05 2.357443317692573929e-06 1.160805406310407811e-06 5.957793839857644937e-07 3.517298509317579725e-07 2.829013616304908131e-07 1.078305642477205570e-07 1.071545182056859445e-07
7.058160714374907830e-06 5.634626536486675411e-06 5.183692621452564029e-06 3.986324031480769854e-06 3.066753408727438655e-06 1.622187646845981336e-06 9.187592192103470555e-07 1.494413955485207100e-06 2.509954002441463948e-07 3.073630618474940578e-07 4.382747235732632164e-07
7.726198559342203209e-06 7.621808053259025123e-06 3.370615469710206449e-05 2.749226642074709315e-06 1.059823053742722409e-06 7.254664620595297677e-07 5.000196950055394421e-07 3.252096301574082813e-07 2.138900179544192023e-07 1.056615934279478483e-06 5.021785934333792118e-08
5.192721221432927925e-06 7.146373313365658149e-06 1.504168754668419663e-05 3.345069845112160022e-06 1.315943780110131611e-06 2.625896737146474493e-06 6.170913888969063344e-07 4.296613108629169703e-07 8.259032399149202034e-07 1.237979951530744763e-06 9.264069901777771628e-07
7.825470577916725305e-06 2.176033493609757941e-05 3.832663030276800728e-06 2.389498690583777928e-06 1.674660026165627423e-06 1.165016711975599015e-06 6.113733165086458916e-07 4.446862226586299502e-07 1.379192174006090434e-06 8.347128117276869520e-08 3.219898030680137811e-08
2.036957825711053100e-05 8.709359056908443385e-06 7.216419263768795216e-06 3.565227983848550564e-06 5.919115236346831619e-06 1.301427499961931545e-06 7.741534774243375069e-07 2.683451156004771729e-07 1.279564826263547778e-07 2.118797673080387526e-06 6.767526020350035677e-07
2.249538113795617768e-05 9.410161918610170613e-06 6.749902710381697863e-06 3.667456795413208625e-06 1.819301565029745843e-06 9.076205428377782432e-07 5.834966059212097104e-07 6.693218358899284956e-07 1.662571478525730804e-07 3.940263742522926585e-08 3.043145306092803790e-08
3.991569882709540703e-05 1.028636799584336142e-05 4.887566746059999452e-06 2.748786014633564689e-06 1.732744063600193582e-06 9.099430803078289881e-07 5.879269394843107924e-07 3.611314798234371737e-07 3.233907152745018175e-07 1.377192491685805145e-07 3.740282812786506185e-08
7.921099122267066366e-06 5.527742753843408499e-06 3.672897185527919081e-06 1.953621322042272315e-06 1.063121848481951463e-06 4.782763605657966705e-07 2.871205927448065753e-07 3.544949478565616364e-07 3.136501708472196102e-06 1.492618822371313194e-07 7.516269193449649228e-07
9.104223490562913837e-06 8.222979747246347032e-06 3.845254253392978627e-06 2.216684567068885713e-06 1.704041327058846556e-06 1.364312698671061123e-06 4.978076621799523329e-06 1.274674685826690623e-06 2.590500146723747318e-07 4.803619153676142245e-08 1.649963138230286500e-08
6.343125893983941530e-06 5.453832839359535412e-06 4.281211808575694664e-06 3.501297526527978047e-06 2.274697623067175602e-06 1.997363534666210678e-06 1.631148238625854651e-06 3.127834254146040547e-07 2.243354275079505348e-07 9.451111865268100089e-07 2.254217833440067073e-07
4.824033206165519835e-06 2.396178150275836881e-06 1.883131693842706411e-06 1.295559091933497091e-06 1.031632803669992775e-06 5.704016506944378729e-07 3.715295320631106137e-07 2.405916115129551918e-07 4.872315979227709530e-07 9.404299754438191384e-08 3.775101309555400833e-07
7.838650026991024947e-06 2.829267736628407836e-05 2.910655024249711077e-06 2.422154829052456977e-06 1.585276221772428403e-05 1.757264797034855178e-06 6.026230670242074478e-07 2.322998567982231660e-07 9.935158858766734562e-08 5.323583819427273288e-07 9.395275976188257685e-07
4.216166262379006778e-06 1.946700666780555699e-06 1.669273218585861235e-06 1.214453112352538009e-06 8.711315977196526010e-07 5.288462617939880973e-06 5.860633218886292775e-07 2.373029525924914489e-07 2.905748957907322117e-07 9.677769054629664480e-07 7.423929001889075681e-07
1.334363268952011287e-05 1.027733693302914205e-05 6.641140720468685505e-06 4.234575158221502467e-06 2.087749458365933463e-06 1.369379292776627380e-06 1.226414727570565817e-06 3.170738542103175105e-07 1.458734641190613211e-07 1.182777139749919778e-07 2.654568333423302354e-06
6.403173628616450675e-06 4.009830035648391785e-06 3.888179263786356747e-06 5.742897569600598528e-06 3.939588563949762436e-06 1.598716311797921153e-06 9.848553687139047508e-07 7.144831351251409846e-07 2.954889141888621278e-07 8.960342437829163877e-08 3.007130490500936409e-08
7.711628669091539397e-06 4.758584013047481263e-06 2.319898364867320666e-06 2.441633795643370581e-06 1.838541597187066453e-06 9.483183665575598737e-07 1.136954156317610010e-05 6.665062474739674455e-07 1.330583347328029773e-07 1.342830823501890879e-07 2.196673241763815567e-08
5.315713113043875686e-06 8.282840420884533009e-06 6.025433468812065532e-06 2.771944404987794383e-06 2.516348031188021205e-06 3.797726590966518987e-06 2.780702889096741019e-06 3.919182002288298287e-07 7.797764122971591090e-08 2.649882754672916411e-08 1.565078710236206283e-08
6.292479359516789710e-06 5.032176700861956443e-06 2.855536611677487392e-06 2.289457804538480116e-06 1.573270472025447064e-06 1.577941826891126796e-06 7.942782844529346275e-07 2.580634037616819160e-07 6.467341414894585260e-08 1.933411556400085404e-06 6.146466448854836807e-08
1.587886486888044348e-06 1.648041142115310293e-06 1.795188708008043738e-06 1.801669265656009488e-06 1.593356785036838845e-06 5.491453190496942888e-07 1.803943939660738043e-06 4.764218546199002974e-07 1.081157823532607877e-06 1.235568730407890719e-07 5.710014225866663097e-08
8.858872421366388141e-06 8.894524996538772001e-06 5.079438795872583098e-06 3.062848336582371712e-06 1.632243117329378119e-06 1.329817948029549856e-06 1.429759170200175028e-06 4.052244623168022977e-07 2.261195047608610462e-07 5.667665859586983980e-07 4.488818748538519084e-08
1.420074650998779064e-05 8.840240121656436806e-06 3.995927837272361125e-06 2.506385543430452844e-06 1.760509115465159206e-06 2.858674929753762179e-06 4.634986974905974856e-07 2.058206808145475176e-07 3.970101269023830166e-06 3.683519524406372063e-07 2.020395592732626600e-06
9.530896504271681275e-06 5.981260828658196704e-06 1.232508598192902809e-05 3.488957073902860464e-06 1.923146880911615474e-06 2.898082189558444925e-06 4.387019560538316017e-06 5.516940805162071459e-07 2.177360178472326556e-07 1.253471829062348485e-07 9.922931605009951348e-08
9.893836345816383121e-06 7.181205573580761101e-06 5.445120312387186129e-06 3.392856348707598826e-06 2.229302395973435558e-06 1.285924377420282778e-06 7.351493553780059804e-07 2.962461349852564697e-07 2.219064314178877687e-06 9.520914956459820218e-08 2.180949927079358826e-08
6.056162055890244152e-06 4.447060698758910713e-06 4.461175011819366988e-06 3.461278614916669998e-06 7.373952420356149218e-06 1.514600275728136578e-05 6.258925380872734540e-07 1.118383524999479301e-06 1.519453212463891009e-07 3.502596259377097605e-08 1.482212696490315684e-07
1.811050558375623451e-05 1.018347191675175548e-05 6.214757116282443201e-06 2.513795760470049336e-06 1.752544077187553702e-06 9.950266706672414965e-07 6.910351200806946637e-07 1.760147089034467170e-06 1.876023768414138915e-07 1.086134867510074134e-07 3.407675446039418613e-08
4.584093038252587155e-06 4.231666168937502587e-06 3.510419240639415649e-06 2.291326870629443146e-06 1.487704589954359841e-06 9.786439931542896580e-07 5.696365796678604274e-07 2.049780690722239044e-06 2.838148296656056822e-07 8.294576677166443727e-08 4.964896840396024955e-08
4.510922827395825472e-06 4.415922363765339433e-06 3.095894938453743621e-06 1.883442117932984172e-06 2.346407155843210698e-05 3.567659813362919706e-06 1.285111760643831731e-06 1.386080084823991237e-06 6.226789727872870724e-08 5.067239987249621036e-08 7.894083839514481115e-07
1.161424485595854345e-05 5.564433138640143633e-06 3.243587262602954385e-06 2.371676243284728851e-06 1.996890654012137214e-06 1.521285311201365695e-06 9.495408526836545174e-07 4.517982726214693315e-07 2.753209670606411734e-07 8.817921157627441487e-08 5.340384581752269642e-08
5.221483520425579255e-06 3.252462760345518505e-06 7.285735258741443694e-06 1.464186832713332800e-06 7.478877845352022316e-07 6.028245826059959501e-07 5.866983871634033539e-07 8.611822154929958077e-07 8.020233607745494377e-06 3.939196810778465403e-07 9.539058471903782976e-07
7.970021854886171590e-06 2.468213579025022454e-05 3.934972181535049756e-06 1.921805832975987304e-06 1.690261497486369415e-06 1.414907523823118954e-06 8.585196969964350502e-07 4.008556613804370537e-07 3.372454701566804067e-07 3.460241878353264412e-06 1.709472059519162241e-07
8.630194285641247452e-06 7.216829689969359435e-06 3.970733871258741984e-06 2.413665313494894807e-06 1.422312324550157371e-06 1.103990060360858568e-06 8.254937929131185702e-07 4.057996388360598516e-07 6.207871416020094972e-07 8.639701831537951125e-08 3.839223006754622330e-08
4.979613371265832872e-06 3.950996263809823265e-06 2.620705101565990734e-06 1.578606883353745200e-06 1.141215274484308776e-06 4.987741638513120879e-06 4.396283482468829939e-06 8.355740516208127756e-07 8.047258617399000623e-08 1.304942803045065052e-07 1.802197696923888096e-07
6.575451148436956567e-06 5.667521853181569898e-06 5.011017658458785511e-06 1.043576104832411149e-05 1.796759440306737115e-05 3.219596411381250650e-06 9.494528992435111118e-06 3.148526868736191868e-07 9.194073412828676998e-08 1.682511478269407826e-08 9.315240774491808377e-10
6.682861440702048743e-06 5.205675435643816954e-06 4.012354667678750259e-06 2.659266181304956563e-06 2.344428349869781476e-06 2.901216624307407332e-06 5.980358107297114726e-06 3.228115715278903066e-07 1.509877409801954849e-07 7.018782749663883017e-08 2.059957733634538546e-07
2.359467920277735195e-05 1.343231502953003628e-05 6.136335337109928552e-06 7.598237075492181484e-06 2.326680730380077528e-06 1.499211761193575587e-06 5.177347006236318394e-07 3.409655816814039389e-07 1.828559934757414885e-07 1.207199577810529332e-07 2.279046235032745292e-08
5.810507312311703835e-06 4.228072672220810676e-06 3.810414748613157519e-06 3.508193681221352137e-06 1.051069711463252389e-06 1.284353979822627775e-06 5.750296262330100618e-06 5.044653456593187650e-07 8.205917950976280557e-08 3.150049635248040966e-08 9.404370588396897715e-08
1.754429961404876408e-05 4.793227902435298603e-06 3.582857334531835953e-06 3.054755484070788921e-06 1.964651701210469936e-06 1.145628852549310965e-06 2.216094245578941123e-06 7.437363721321008063e-07 1.830703801140395101e-06 2.074768394985454847e-07 3.890497256378974566e-07
6.443644041351563151e-06 4.239561908603651926e-06 2.390294776314211860e-06 1.614547952750025279e-06 1.395156798441166085e-06 1.864369194172563131e-05 2.901357388395836584e-06 6.559339826814935562e-07 2.959159661189353339e-07 6.930453850287004309e-08 7.176510988128892443e-07
5.318726386428630224e-06 2.378145135009411043e-06 2.024983961183539162e-06 2.320966553754587348e-06 4.538773561286719572e-06 2.381842843434726414e-06 7.871535861340292419e-07 5.074553804579296642e-07 1.891463915973732756e-07 3.971518337509292356e-07 5.077419016513074356e-08
8.785374038347110545e-06 1.108584412969024980e-05 5.635599606716467410e-06 3.000673945591924152e-06 1.249719371652448242e-06 1.173958559672514328e-06 7.498099927570993692e-07 3.148949256418309648e-07 1.581280025230670173e-07 1.165761207957854915e-07 5.152535199914959830e-08
1.406957407934618791e-05 1.688733625925575694e-05 8.258528706298262693e-06 4.595245980267922444e-06 3.045441393689510027e-06 1.897428539143542132e-06 2.551425389857620356e-06 5.897514132854429967e-07 5.018734157781448099e-08 4.330912825109693703e-08 1.164811137319109810e-08
5.475593242617246864e-06 3.620528980556390096e-06 3.054765512533518315e-06 3.034785025267947370e-06 4.102508499410430366e-06 8.548017227309383934e-06 7.261466931710887922e-07 1.100571102669431832e-06 3.113772940520902220e-06 2.965345632236558777e-07 1.567560112469927009e-08
4.498571747353700325e-06 2.846423121715352662e-06 2.977823688968371744e-06 2.353198081369473550e-06 1.169891183637746888e-06 7.807808486666710320e-07 4.746885410886983511e-07 2.755123654113634695e-07 1.842276187446528865e-07 1.485362007139302015e-07 7.695210026381000481e-08
8.774425557509520459e-06 5.474079194029394949e-06 4.216716619719570628e-06 2.777952889664896314e-06 2.962963191960602951e-06 2.291768437604752961e-05 1.264059189987471831e-06 5.551697872859154246e-07 1.810194523352637002e-07 9.806249644638944115e-08 1.182391206221654304e-06
7.003383540407707185e-06 4.973407898791041696e-06 3.178756700208907135e-06 2.099408713921123680e-06 1.367630553831770703e-06 7.726379730479612499e-07 7.475362650717283244e-07 3.988190926131953020e-06 1.069660706151093609e-06 3.252450243524085667e-07 3.800725564919356878e-08
1.222297014322339765e-05 1.248666567654321729e-05 1.184982625571016056e-05 1.459589823827191118e-05 3.823092845083480246e-06 1.149009577084323232e-06 5.858509271569323842e-07 2.864637690380206083e-07 1.290959463823558565e-07 6.507627649741325765e-08 2.125041071048113797e-08
1.301768722774865710e-05 1.053003704338084358e-05 5.555002057632711922e-06 2.931223941920952574e-06 1.764658290842294345e-06 9.579775510654152589e-07 6.321311591035461832e-07 3.529999695509621009e-07 2.090691317706322195e-07 1.344696231947156904e-07 5.767304341251138497e-08
4.574551159024724646e-06 3.538940445112364615e-06 2.438795577732454162e-06 4.210789623860430186e-06 1.121593003074617201e-05 4.642075422088071929e-06 9.005222490096441304e-07 9.440834817025920139e-07 6.282655977967353000e-07 4.283300499363551561e-07 1.641023344775834898e-08
2.260045831032815204e-05 1.869902629990078294e-05 1.615628812724682247e-05 1.846197809964760230e-05 2.080983968877040291e-06 1.099110449675024366e-06 5.108331537910535239e-07 2.316810404369894141e-07 7.741847928398772991e-08 2.496051138148359249e-08 5.711212124183903633e-09
2.353887186655848214e-06 1.936911122187923939e-06 2.401922349987111340e-06 3.323991319604423886e-06 8.788435104706642604e-07 4.759769628858298576e-07 9.788328822113549528e-07 3.317181408923919168e-07 2.911944236988918670e-07 1.261411505629742338e-07 1.588327356658055317e-07
7.723962907715699102e-06 4.050323033935257369e-05 1.911846210050880353e-05 4.565044035297519568e-06 3.889821997617863602e-06 1.551779793774106355e-06 6.450249653865314145e-07 4.269798079178681062e-07 1.568959032512652792e-07 7.877470414875719732e-08 1.680976478700696535e-08
5.839847001057284949e-06 3.362357636319794160e-06 2.749671487336419171e-06 2.402404995994913127e-06 1.820146017297344888e-06 9.505709383990397451e-07 6.479468318367721167e-07 8.343755151098073813e-06 1.963473434065911453e-07 2.525754340040716505e-08 3.081718016901102018e-07
6.907805530312580256e-06 4.111038348832175871e-06 3.885310392537732402e-06 2.407204079548625446e-06 1.811786460111896622e-06 6.831781873997956813e-07 4.055140463362817635e-07 3.060088044370016892e-07 2.329971263977343911e-07 4.504964367677145647e-07 1.528677825888254281e-07
2.125311502105256943e-05 4.752242290894244755e-06 3.179961060702988041e-06 2.181843313231716353e-06 1.391565660706381319e-06 9.378213457346643634e-07 7.261204273722205887e-07 5.195009949422000294e-07 2.761400223307772286e-07 1.291170704591440755e-07 5.978506231269877684e-07
5.770212050178659283e-06 5.124693964924023959e-06 4.089536568018061352e-06 1.415203023118406816e-06 1.496655465882449429e-06 1.754376216224752148e-06 7.367661167750634719e-06 4.261070280340316274e-07 2.508941718322582920e-07 5.489706357871766085e-08 1.173523462844313231e-07
1.037783501472312827e-05 8.417970535952166750e-06 7.769243156421465316e-06 4.651659284946909118e-06 2.764933385917148078e-06 1.490573424375563310e-06 7.038009553509011984e-07 5.277797676316245612e-07 2.274503054976021142e-07 2.109815821851400471e-06 3.116406492564858398e-07
1.880220609997496070e-05 2.146396088732893754e-05 6.815013780937006042e-06 3.143618958242247413e-06 1.517136167921684989e-06 7.760238573434934580e-07 7.006663555940999620e-07 1.869905856692853730e-07 3.146566307381087894e-07 2.853499651049153831e-07 4.705541082216042545e-08
3.639569473731766553e-06 2.174042439407813076e-06 2.663158409881166659e-06 1.703034719936337208e-06 1.262867453623379619e-06 1.137363333521304504e-06 1.108705516217747150e-06 5.526660769387437371e-06 3.276149812647857515e-07 1.313785722749135797e-07 8.702830946720830914e-07
7.330542428882150630e-06 6.425091693337563749e-06 6.461786875683019887e-06 2.928954727197375644e-06 2.294275192593434251e-06 1.091797534495422183e-06 7.005077377487270584e-07 2.625543532479341919e-06 6.016762503214595128e-07 3.850820020821661406e-08 5.797762597971193764e-08
2.968265030053924672e-06 4.358138532445266006e-06 3.310178831457357193e-06 1.852886737122728654e-06 1.071757235976187299e-06 3.512171824479208343e-06 9.135076425506687202e-07 2.899701308139612244e-07 1.817712809733718059e-07 9.059273403040248464e-08 1.253975775582326770e-06
1.786226990212692317e-05 8.892974643041035197e-06 4.905723713963729775e-06 3.499454045985966859e-06 2.355356784423638310e-06 1.262996381181974144e-06 6.807101650602537169e-07 8.480499573984011293e-07 5.722648028414801359e-07 8.451623803794235481e-08 6.060101158250518121e-08
1.106155292783532454e-05 5.895941640444129887e-05 6.626131915006933614e-06 4.302862359070137146e-06 4.093560334298261024e-06 1.861929206325966206e-06 1.231463004367512384e-06 3.247000855657249209e-07 2.831740091309192102e-07 1.787166275235323192e-07 8.915969996173446205e-08
7.284632710962008312e-06 7.283404039824543744e-06 3.315950258094618530e-06 3.428084526260897406e-06 1.556153944224659430e-06 9.946576312122540920e-07 1.012239996664164942e-06 7.956945946603653503e-07 1.309589583387066990e-07 4.917094264076287654e-07 6.120112789003865627e-07
3.697618871294538941e-05 1.088065971563265859e-05 5.318621130157978830e-06 2.973278434570944560e-06 1.843960267413798059e-06 2.118568517220753692e-06 4.641503496526556682e-06 3.710481634504228299e-07 3.880013085796556819e-07 9.042533275158051725e-08 1.099559780144234573e-07
1.451260885629759117e-05 1.241250616047028165e-05 4.424096191630825217e-06 2.325421763689539522e-06 1.516497154768456513e-06 9.907924188429944297e-07 6.102694376381817849e-06 2.766915432079625970e-06 2.010765812777285872e-07 5.327532904831601787e-08 2.336958852762831521e-08
1.199510905092365909e-05 7.803836274737270832e-06 9.512929273165173755e-06 3.560513942614507590e-06 6.609276022245685324e-06 1.164403661403599707e-05 5.625088730656815955e-07 1.123433415303037917e-07 4.648393903493269583e-08 4.258902645518267868e-07 1.227961417249497364e-07
3.491206571957804887e-06 3.480151655285031046e-06 3.008045982736073301e-06 1.439558939906563240e-06 6.639941662554716251e-07 4.356327125187673748e-07 3.772316056026184098e-07 1.624238345185129344e-06 2.308827098610425216e-07 7.551686383750655945e-07 5.291026096209579421e-08
4.066988249556915929e-06 3.984030804494162230e-06 2.296289649770994351e-06 2.342432563117301224e-06 2.958356010761404065e-06 7.356725069599661633e-07 1.489562094899563421e-06 1.602851519877521409e-06 8.436117132715551250e-08 1.306702450078614750e-08 5.115380977678841030e-08
1.257915244616048846e-05 7.281325072750993344e-06 3.655095130352042426e-06 1.757228449570583262e-06 1.628029386531745893e-06 9.297594576375110605e-07 5.058286652125813819e-06 7.875745443655050631e-07 4.260923637222552215e-07 4.472660744818715976e-08 1.434211894629775400e-08
1.098371974444686919e-05 1.125955481859267145e-05 3.984368820402246097e-06 2.268664705789302313e-06 1.477356668241937781e-06 7.907782764400528703e-07 2.820547021513345728e-06 5.723192283766595484e-07 3.591121770561942304e-07 1.150729503335478283e-07 8.911128746182276295e-08
4.350858252053883891e-06 5.366439197415047602e-06 3.903301144867823675e-06 3.441739417096953254e-06 2.016709389081080712e-06 1.208475029647869772e-06 1.282697711070823468e-06 4.528741736884445053e-07 1.821297455966437927e-07 1.150879175726655369e-07 9.036264055187385225e-08
8.933965527277362977e-06 8.147505368736709781e-06 5.662180907873870403e-06 2.110414536599157172e-06 1.303022575317941970e-06 8.243384316492098396e-07 6.095030529107876400e-07 3.861624556424572024e-07 2.171797947887253800e-07 5.591908744993440415e-07 8.414127836583960618e-08
1.484699360079685723e-05 7.985944297088716666e-06 5.747354842632934893e-06 1.301969279346884846e-05 2.937478067808652606e-06 2.361671867120874454e-06 1.128636885081601199e-06 3.533701414298889960e-07 1.419658978312706558e-07 2.673864602815789482e-08 1.834121942086117382e-07
1.116264693349055697e-05 7.788624750133070203e-06 1.104363433456094149e-05 8.828650461382045355e-06 5.333119646163238634e-06 1.071619090870472722e-06 3.602301111350283504e-07 1.569522928335587064e-07 3.193592329386446318e-08 2.394274001946370132e-07 2.054482565178936820e-08
4.866205135789027903e-06 4.058289829523330010e-06 3.511407371129134528e-06 2.216535782115138320e-06 2.144963397998117683e-06 1.177419494633741086e-06 8.045738311487883626e-07 1.469194837074596563e-06 4.075315259896506078e-07 7.664475425280549654e-08 2.520225348955118555e-07
6.122039804007804532e-06 4.676439505647268137e-06 7.624539834434692955e-06 3.141696237662409553e-06 2.780394073525335004e-06 8.292681114593202290e-07 3.057948401749554178e-07 5.550932305807077827e-06 1.887615983909095049e-06 2.398582229207483593e-07 2.468170558449107593e-08
3.606682715441266263e-06 2.736939024184068838e-06 3.097044841870398863e-06 4.170782390588583518e-06 1.823222017743010505e-05 1.441144952753111462e-06 3.327737810808456276e-07 3.334103926284047024e-07 1.318462457319933431e-07 8.196615758987017896e-08 3.430705132432184390e-07
1.327065360034764020e-05 2.611380071928941202e-05 6.561931592400165523e-06 3.471633337418039612e-06 2.332524152874573010e-06 4.630886369913353928e-06 1.128325084792590964e-06 9.855681073177241420e-07 1.061550385743685604e-07 4.877844117610359197e-07 3.061214165508194563e-08
7.647384712803932799e-06 5.601872626708798134e-06 3.611321765161477214e-06 2.386809705401395055e-06 1.550022047665764740e-06 1.202577412693797217e-06 5.478921206384721328e-07 1.495262970603564163e-06 2.754205074612854081e-07 1.815745571893022248e-06 7.422422904354141134e-08
1.826570194532341925e-05 9.035200603238817635e-06 3.696943391325275562e-06 3.036127846903436486e-06 2.516071257437770937e-06 7.620188620835067040e-06 7.205278760524735109e-07 2.919785573008098856e-07 1.632751286238594053e-07 3.209755981535672049e-07 7.608454326672939720e-08
4.470719765863333932e-06 2.022141692485186955e-06 2.120527858742501361e-06 1.410649343614882228e-06 1.107157797447812633e-06 1.527547354848990044e-06 4.580659380959723870e-07 2.827853356035681744e-07 2.295946956002670150e-07 2.003986688427546170e-07 1.576839260179496544e-07
1.385902992698104132e-05 1.071805081680761481e-05 6.101204316011850109e-06 3.373648259578463809e-06 1.853397532668660574e-06 1.729821503977796742e-06 2.713595773811758649e-06 6.066533423469510439e-07 2.885504895026768378e-07 7.638425267550004556e-08 6.945198215306226786e-09
5.062313036910734980e-06 4.226442830170483626e-06 3.660366570185344571e-06 2.326334775247831368e-06 1.764125316751470595e-06 1.189268456094113743e-06 4.433416357776594664e-07 1.308879889827746721e-07 2.972198783878851242e-07 2.931694770724337440e-08 7.313802802686186504e-10
1.177723895773478356e-05 7.133361079658549609e-06 4.964376093924018769e-06 2.087629790085887016e-06 1.252786117505680820e-06 8.934308672622224965e-07 7.292518134597974963e-07 4.316033919260061625e-07 2.915560504142064860e-07 2.855755604645863825e-07 6.885754712873748512e-08
7.565471939527775841e-06 4.895885836682256105e-06 3.085342675695659935e-06 1.919700929844312595e-06 3.407288998407224726e-06 6.011784237090575007e-06 5.969727892096229035e-07 4.234426541839790067e-06 2.404884916287774220e-07 7.390116336899995429e-08 1.175179908462676106e-08
1.882150903332295436e-05 1.390018931296118218e-05 8.993203619381850957e-07 5.218216833527774837e-07 5.818188245725450124e-07 6.271492170672128248e-07 2.596706822875656761e-06 1.263472182471174727e-06 1.431355914375461093e-07 1.892615872386856276e-07 3.705149488306672544e-08
5.521333021027046830e-06 5.263677806214475793e-06 4.674079230612883502e-06 2.932230685358118637e-06 2.114400619154951393e-06 1.389161997641648499e-06 8.744805796706607976e-07 3.668199619488315002e-07 1.519641100678594610e-07 4.116094335805902360e-08 6.922966989914232771e-07
1.839650723288670960e-05 1.128903575802068639e-05 7.187020926250923202e-06 4.523504582235290372e-06 3.297533538781540450e-06 1.719181315663242969e-06 6.033541188638849013e-07 3.257075645799920734e-07 2.286068994587360054e-07 8.699206272706628353e-08 2.336683368618963567e-08
6.958846608469350125e-06 4.961639395846452657e-06 4.273289470654816126e-06 2.867951697791368818e-06 1.487974133553757173e-06 1.114319155245959939e-06 5.946853265076138900e-06 4.590056713504162583e-07 1.137646058935384804e-07 4.316870599332475160e-08 1.094780130442886564e-07
8.227618154579194570e-06 4.096339346166189838e-06 2.951029156217605396e-06 2.248198642020346868e-06 1.971468726729740849e-06 7.261207697453396731e-06 2.039240777159219219e-06 1.001290185791150078e-06 7.661879827104371509e-08 4.220109335770349100e-08 9.514198210310513987e-07
5.248002105478753923e-06 3.107383682792593278e-06 2.051265139727040162e-06 1.525618170888808511e-06 8.659583341102847467e-07 1.790840924524722383e-06 3.902537256794849632e-07 2.431113399275676730e-07 1.497835419571943357e-07 1.926661526177517776e-07 7.082590410882367251e-07
6.288722376473867808e-06 3.824997076060470311e-06 2.626516381853589185e-06 1.123000833962450121e-06 1.135183117162791271e-06 5.852070045248033186e-07 5.900505922256529616e-07 6.773688939967352122e-07 1.313733638109907568e-07 3.406860332436308936e-07 3.735006860570360120e-08
1.653981704377300620e-05 6.123189963702536959e-06 3.303854461639753943e-06 4.477117750953464432e-06 1.912471683335218572e-06 1.319602697174929430e-06 8.453982667977055034e-07 6.069357193465721487e-07 1.282002764580407873e-07 8.415711012688294720e-08 9.214397265093033978e-08
1.090747245757694940e-05 8.536628428733492342e-06 3.925069258756459704e-06 3.145059592847094492e-06 1.829880603839233986e-06 1.551427599464719056e-06 3.877065831471201086e-07 2.247809990947415165e-06 2.908136541690410566e-07 1.854951876740455238e-07 1.181453416012797276e-07
7.902936404437954670e-06 7.733943584574579186e-06 4.388767939184768457e-06 2.437281364264536961e-06 1.318954678811157625e-06 1.214545150354875745e-06 5.894563892115653197e-06 5.261937249543593651e-07 2.869799150200878650e-07 5.299610967514675344e-07 2.491084955536965093e-08
3.715431385722366915e-06 3.031522384110849927e-06 2.369905438035105696e-06 1.861446045078953988e-06 1.511407410077582958e-06 1.267923249651386886e-06 1.336756103511543908e-06 4.625959588277329592e-07 1.962786126582816363e-07 2.256440882534719165e-07 4.690342649528937696e-08
1.226042640368548230e-05 9.227587186968896703e-06 5.591128130606230697e-06 3.303240357174051032e-06 2.362161045634101626e-06 9.239299983382284431e-07 7.330182198039364734e-07 6.347125052642195184e-07 1.475380843037217100e-07 8.548940784127272561e-08 9.883727753379242013e-08
8.492352724919704379e-06 7.664710709347432010e-06 5.750575662709168661e-06 3.626426798753810334e-06 1.423882430163906847e-06 1.559925741708167165e-06 1.363281317168609348e-06 3.131585816918722019e-07 3.503281772108907191e-06 7.761731002872443474e-08 1.487325456697140970e-08
5.337282266193563506e-06 5.362675401533347366e-06 2.719275482151847759e-06 2.265344797021319732e-06 3.299627516776093517e-06 1.735326330396433379e-06 4.758429786976268461e-06 2.732465774734041325e-07 3.430970723755629886e-07 1.024596929010045897e-07 2.098154010253239312e-07
6.586186328039962271e-06 5.577534023407962227e-06 4.151548007937471666e-05 4.945646903459713706e-06 1.963456389901014791e-06 1.222732469769928068e-06 7.389720854397716697e-07 3.627327076412793722e-07 2.688206374981812391e-07 7.523964286402338505e-08 3.736140700265524336e-07
9.335263198986789912e-06 6.048369009308050743e-06 5.025191628032973607e-06 4.279366504779171733e-06 3.379942598044321605e-06 1.405310592493682147e-06 1.028619545522252404e-06 5.773864173705330110e-07 2.703678747503605168e-07 4.086906344971795003e-07 2.872025623626852742e-07
2.233450042907695884e-06 1.353837773538932521e-06 1.318212499009003810e-06 1.421264526992805534e-06 1.158897609798752006e-06 9.328204355015015273e-07 6.858170645204286100e-07 5.752182759354370624e-07 5.490112758849984298e-07 1.136305877809381765e-07 9.352069732965820212e-08
5.178654635055852445e-06 4.554208935969664964e-06 3.255944424841115818e-06 2.239292147932035975e-06 1.456127751287047287e-06 1.183019162716719250e-06 2.634464108138736975e-06 8.164056387256832440e-07 6.050863968192409788e-07 3.589242612070801654e-07 2.015145466151017034e-07
1.490716811750322359e-05 1.106123501273446695e-05 1.600905936833529265e-05 1.070201360053763085e-05 7.932410874768915245e-06 6.976025163485141200e-06 3.624377038155934539e-07 7.264086060561492880e-08 1.239169635629811769e-06 3.603981588124524430e-08 7.707332515663224971e-09
5.674763146184803323e-06 2.212075645538833088e-05 3.560653076522256896e-06 3.198593649770655462e-06 2.413328385904501369e-06 1.687692272968258056e-06 7.219405600866949715e-07 4.177329082203066881e-07 1.989967432766134709e-07 2.061728094238417852e-07 3.123987788457851411e-08
5.078648300881471870e-06 4.115323074783476533e-06 2.457698415717463229e-06 1.741957278314123269e-06 8.562590983090718696e-07 7.320276037564619488e-07 2.023642280415909317e-06 2.232789630869996333e-06 8.495801632725522503e-07 1.391306917273015258e-07 9.022521123058742456e-07
6.121542227082668444e-06 4.294826376561789428e-06 3.938930394201631561e-06 3.231361374793315765e-06 1.306150461270731106e-05 1.066823699974729084e-06 3.802624017440003553e-06 4.685872391987351375e-07 2.106826854934739076e-07 3.644161284191918278e-08 2.131668341311466131e-07
1.367334049039944818e-05 4.807144457277625119e-06 3.491603621981959854e-06 1.555345828913198894e-06 1.746998379374269670e-06 1.800250115697604408e-06 6.195487157356468008e-07 3.043071750032403503e-07 1.512816429017459447e-07 6.853162773566654234e-08 2.154697683886804920e-08
3.600971185038436973e-06 3.326633815438969318e-06 1.293443487770839015e-06 9.113038146686689107e-07 7.920859032218438665e-07 5.498592300199520077e-07 6.382515082298564245e-07 2.336896875119056213e-06 2.418056999923217904e-07 8.284350645817072751e-08 7.049038365637239953e-08
8.792492318837203524e-06 9.026959721595139783e-06 5.255356802635006529e-06 3.289821305575568975e-06 1.884180339300159506e-06 8.434849999794855623e-07 5.302527764928893570e-07 3.487542308461076047e-07 1.746164055668610704e-07 2.936542832362759342e-07 4.244095086435595814e-07
1.376337420456871934e-05 6.578858009571306207e-06 3.229411052913418534e-06 2.305486646632025746e-06 1.866701731564327111e-06 1.000053045805967724e-06 5.813504231956297768e-07 9.760129267525359820e-07 4.031809208181030034e-07 1.017983204446428837e-07 4.320821984641334184e-08
5.949057668000410493e-06 1.149720998219036114e-05 4.999765860942468368e-06 4.909133074675532122e-06 1.839104105677838181e-06 4.986634213546528688e-06 2.578653290141364447e-06 1.909301906302549590e-07 1.232957491776184519e-07 1.066466542505713553e-07 2.325885873895973335e-08
1.050440489498070399e-05 4.969100612475401149e-06 3.849416625847968497e-06 4.407396974564539592e-06 1.908699798498012539e-06 1.274980827877004448e-06 3.950417482867891985e-06 1.416950135111492200e-06 1.768510581877775414e-07 1.043299817693601905e-07 2.625472946257242645e-06
7.514293246457947150e-06 4.752322640928671017e-06 3.423568128025962548e-06 1.622404626816756570e-06 1.951475470513495123e-06 4.945723924172120164e-07 2.878346090261357780e-07 5.420479428803299305e-07 1.234716893103922459e-06 7.952948009629785670e-08 9.015140484980737138e-08
1.010570369100934449e-06 4.138692667026006185e-07 5.255177351830732007e-07 3.761133698245373829e-07 6.212975174468387622e-07 3.024554456022195313e-07 4.279756142958261738e-07 5.416768004893786350e-07 5.688058642966009224e-07 6.317119768059684240e-07 3.964983134262455924e-08
1.269529998241287050e-05 1.122520522837226719e-05 7.194863209170833185e-06 4.901403435178780765e-06 2.176827820626467445e-06 4.027778466778815693e-06 6.899468105320164473e-07 3.631423509927008652e-07 5.041793931923773692e-08 8.304742569575679588e-09 5.209175228225174773e-08
8.216987845484464848e-06 9.814409525615411085e-06 2.560672515055672675e-05 4.457237636632529492e-06 1.701320323604635673e-06 1.489564768296282586e-06 1.792064427849667629e-06 5.441397459918441108e-07 2.906803778376819126e-07 7.953054601847141304e-08 1.170886332254716697e-08
6.178845967626992864e-06 5.432801689613030337e-06 1.406309563092512569e-05 4.444025541050687658e-06 2.155008801435081613e-06 5.146962014662459888e-06 6.024849558341154899e-07 2.327388921559596063e-07 2.887177574394419870e-07 2.332605984240862200e-07 1.941290826539649263e-06
7.474123813599020882e-06 6.627762694411470688e-06 2.713904898189528441e-06 1.825139111048966129e-06 1.019299088963413371e-06 8.147892104845228026e-07 3.244277182097141582e-06 9.700849178126500379e-07 1.283444874973639394e-06 4.588896715969181727e-07 2.695396197530999162e-07
1.414432406069500988e-05 5.709881383989397243e-06 3.234430862098368731e-06 2.318466907145676787e-06 1.591779269570369142e-06 9.062538594094437901e-07 9.994368666954186027e-06 2.085675580025467031e-06 2.896070825607727763e-07 5.818015217754447602e-08 3.236599899763099753e-08
7.136178711592551139e-06 6.426923768414893748e-06 4.702901684738374793e-06 2.004374645273146588e-06 1.442153926724678913e-06 9.572671227955275049e-07 7.029019891331360990e-07 3.315680691831760963e-07 2.650579897697650963e-07 1.138091097340374371e-07 2.031543176332621128e-07
1.123913521371047794e-05 7.147899653825022062e-06 4.360623521106836584e-06 3.213861510415693468e-06 2.496902701125296213e-06 1.457602252193286717e-06 6.327932650762016538e-07 1.000719743475432127e-06 4.509110433851268745e-06 1.458386064046392459e-07 1.362689154749525992e-07
1.260127971063144722e-05 4.712200249385169511e-06 3.066238359061770608e-06 1.593839474853806175e-06 1.416287961666009460e-06 1.050731883328883293e-06 9.814566720323246828e-07 4.308688845955321573e-07 3.048732339989321907e-07 1.802749460009871712e-07 5.804293920692931795e-08
5.062568173737035646e-06 3.450897046983596624e-06 2.349354377282169438e-06 1.156715152153972366e-06 8.338608758372100398e-07 9.631570762599678427e-07 7.824694828528763811e-07 5.600430643757290732e-07 3.318235763528845843e-07 9.836570682383524377e-07 3.304391369523990040e-07
1.267549983964786667e-05 8.061345378142992159e-06 3.687711336345420361e-06 2.588498643827013455e-06 1.922401585673947840e-06 3.809699205213779789e-06 9.567067046330155181e-07 2.301340756033840212e-07 2.522960875095508767e-07 1.441620235522535651e-07 2.084945426722582019e-07
4.748941700230407145e-05 7.623527507311284485e-06 6.971754343569018074e-06 3.870386393804591000e-06 2.692037951835331547e-06 1.099554012525556486e-06 7.204697212932343219e-07 8.693022818214842080e-07 3.306378486995779879e-07 1.099918294481428034e-07 1.045847896010900787e-06
4.809071430264803842e-06 2.885366403667216465e-06 1.719442026557255763e-06 1.530583101906447025e-06 1.147443140313432913e-06 6.793933038885408058e-07 5.074673369437618881e-07 5.032700995952765122e-07 1.942741227164367480e-07 8.932364755549261391e-08 6.355337177672051320e-08
3.936355137630147951e-06 2.215103118351754847e-06 2.411063316954579877e-06 1.698837084261252696e-06 1.623642251702444276e-06 1.433421894460029227e-06 3.189954177348633320e-06 5.970427836340349073e-07 1.081807133798876583e-07 5.325247270555759770e-08 5.905844868848159692e-08
3.065537143233685245e-06 2.715679745464413557e-06 1.741264319644960757e-06 1.544700018237401386e-06 1.226810057143905611e-06 9.679306065519719189e-07 6.501529914848566729e-07 4.060527269121110198e-07 9.462823053734490152e-07 6.214791136060093405e-08 1.554228825910924895e-07
1.403907474071891438e-05 9.273566473871797081e-06 1.301296844875921222e-05 3.517895041555485404e-06 2.187706608530293524e-06 1.640266223685918989e-06 6.171795919944059568e-07 2.827165888007210411e-07 1.330676016661174492e-07 5.922870622097530996e-07 7.166711373729118861e-09
1.487138908062625531e-05 7.768610020455968813e-06 3.495058032305932649e-06 2.492980082928052131e-06 1.786875078409487500e-06 8.887917323964417432e-07 6.323008495546505941e-07 3.235233214205486757e-06 5.521169860566426504e-07 9.775155811699401592e-08 9.864280123443880992e-07
1.193230394216110248e-05 6.868712950382927239e-06 4.187750049511874206e-06 2.199394497514998477e-06 2.268798608940826408e-06 2.674875115718983637e-06 4.529747899297297998e-07 2.053713254374215857e-07 7.982941700863397583e-08 3.250970546902857946e-08 6.939193444706950559e-07
5.660867467600144148e-06 5.222708565019838817e-06 5.116813097464580891e-06 3.347562170963599216e-06 9.471075828407107570e-06 3.350336783661041505e-06 8.806989185801635547e-07 7.432425399179934258e-07 2.288506396027966644e-07 5.942776779604749605e-08 4.461535679518627939e-08
5.154816207795350593e-06 5.250888104288787448e-06 3.790195034857638783e-06 3.540920788720948148e-06 2.229039280238682809e-06 9.234531600029307889e-07 6.633298732852247003e-07 1.816456412943605035e-06 3.690551539533231321e-07 4.933546380708707537e-08 2.346833386397027006e-08
7.905430731879344218e-06 4.488769369755863688e-06 1.205601018847923215e-05 6.291438722605361832e-06 3.388795741542410855e-06 4.706931267463265836e-06 1.046517107178437408e-06 1.399882053585316808e-07 2.321607153575552936e-08 5.550247669356664683e-08 1.001386276478141668e-06
4.811571479056517641e-06 5.331432452745875068e-06 5.394375062931625209e-06 2.119778622524828573e-06 1.109966707049207319e-06 7.073152819767751457e-07 4.124914278316806320e-07 6.670858114339378409e-06 5.035094836803935259e-07 1.053545369152447657e-07 4.255023115418965383e-08
8.929977611737782047e-06 7.603037458348362651e-06 4.731283529649961192e-06 2.267463842561410278e-06 1.443555791239590120e-06 2.458816111739101221e-06 7.368342024012942040e-07 4.404606397256789108e-07 4.439533529655782635e-07 9.330679143086498659e-08 3.672992937928351898e-08
6.084332497582265655e-06 3.513674187494277591e-06 2.566863616343022177e-06 3.622313453290326916e-06 1.230176933810841519e-06 1.877538166068888747e-06 1.846190358791523244e-06 3.310500090067351838e-06 1.881358344476193699e-07 5.035040336783525767e-08 2.433867508496747245e-08
7.800659047962921357e-06 7.248574761937668617e-06 1.248765077747856128e-05 9.775683469121659682e-06 3.465457523995640932e-06 7.287078593051463002e-07 5.439012958879427650e-07 5.959745169226538047e-07 2.925185649897292385e-06 6.254944673494166574e-08 8.585210749043801341e-09
7.886113093923571409e-06 5.695459732672716929e-06 3.443773334245642523e-06 3.154239465970670665e-06 1.943097177544372728e-06 1.189098860064436199e-06 7.572874032424103239e-06 8.146084631855875621e-07 2.111430011855109395e-07 9.228579628818044558e-08 1.130985559113342619e-06
1.443911899008055201e-05 7.971575291957530394e-06 6.869767610077207786e-06 4.033545079380592391e-06 2.445907416352521096e-06 1.489263275093375593e-06 8.447985354658993823e-07 4.737038826660695064e-07 1.981252209251524795e-07 2.731889839545243828e-07 3.276506668879069916e-08
7.203167595669878757e-06 6.725137067123166308e-06 4.008792901464972841e-06 4.495319775607085692e-06 1.749880087672415035e-06 1.249168702133553602e-06 2.231954610375790685e-06 9.113949250444967404e-07 1.442677715658027413e-06 5.129856603326423678e-08 3.696490490215599226e-07
9.087951968461270742e-06 5.569313141494474440e-06 3.568530947736727169e-06 2.295053168110316093e-06 3.517931664124072014e-06 4.334072055820304499e-06 5.868626680666879021e-07 2.874373534367676340e-07 8.417151111457192031e-08 1.606366256747814262e-08 6.057104502477323680e-08
8.491528169152348979e-06 3.554489171147234461e-06 2.442317062924616670e-06 1.507341419146271323e-06 9.592305757932784516e-07 6.621620460533803920e-07 4.826788181026883453e-06 4.958099247740849673e-07 8.670582355980198585e-08 3.212464628029662684e-08 1.897186893009098754e-09
6.036157166605108225e-06 3.445922055227488458e-06 2.508601115529843591e-06 2.263930064236442727e-06 2.033600851346229497e-06 8.117248709800632011e-06 1.230565625828589280e-06 3.169973394550604323e-07 1.452456350402197996e-07 5.342828242216140647e-07 1.758316483460806714e-07
4.209300269436203018e-06 3.012125394036885248e-06 1.898663139076302568e-06 3.062231029532754811e-06 1.442248086545950725e-06 7.933402345564103684e-07 6.457860770884096176e-07 3.968302834851148351e-07 2.928834995474847745e-07 4.507913473551250130e-07 5.250634654782889996e-08
1.331887329037199481e-05 7.638390192636051860e-06 4.502325138669304678e-06 6.102017620419269608e-06 1.522903461943087350e-06 9.515082924899558585e-07 4.401693821776809747e-07 2.696675206738191124e-07 4.324105269070335793e-07 2.125240105046183175e-08 4.052651992643677213e-08
4.868987644658991589e-06 2.394224121639409529e-06 2.197066369950038060e-06 1.547698433504903372e-06 2.403351665675761741e-05 1.792992824054944741e-06 6.812403155163544167e-07 3.365372794775443618e-07 1.440244188701203132e-07 7.536602041466559585e-08 4.279454615209533499e-08
4.796820154461260703e-06 3.463579185186695330e-06 2.088546495037875279e-06 1.303863715302898671e-06 8.185814835654549970e-07 6.240125235744954188e-07 1.765681209308327627e-06 3.616605220948319144e-07 8.458082706121723625e-07 1.615969445296352194e-07 9.514745462308227077e-08
4.222718850035527752e-06 3.063196645376149292e-06 1.862984617104859069e-06 2.155392163284437678e-06 2.617718212204219581e-06 1.752864226922026509e-06 1.083673603045713054e-05 1.242510856891635540e-06 1.676333206533694244e-07 4.621148354022912469e-08 6.430251234692520692e-08
7.180675227757851970e-06 9.765399839673466234e-06 4.674687836866218063e-06 3.056737435532984312e-06 1.768636969166420643e-06 6.405928874968849699e-07 4.508303753821350543e-07 6.253255933737715765e-06 2.966043144868661482e-07 2.350953320642720280e-07 3.891627249089813968e-08
2.171554823706573848e-05 1.200042144303153872e-05 6.833828477311473043e-06 2.824363220145963259e-06 1.577885159378615275e-06 1.015009750658712563e-06 5.256352326287304306e-07 2.432648460231458358e-07 3.345207266485599923e-07 6.739318895443163655e-08 2.799322955200146025e-08
2.405736912521181495e-05 2.799745914621569001e-05 1.606381902786289357e-05 2.181492334990745691e-05 1.886650088383129808e-06 1.342419773784113537e-06 5.904725102603082781e-07 1.757914065539337719e-07 2.866665459383742002e-07 1.543111416531963657e-08 1.631684936538569232e-08
9.053848090078446466e-06 6.618135380864273685e-06 6.473160493833670014e-06 3.104711596034818803e-06 1.539178256363644078e-06 1.031548910171976658e-06 7.619456442619766412e-07 3.540812579968056212e-06 6.641979956315594763e-07 1.394566922306077147e-08 2.998548304326278212e-07
8.952708253252632695e-06 9.732948743536680834e-06 3.518488530920481256e-06 3.429281261820408195e-06 2.444238901261913822e-06 1.439257355164422144e-06 1.967704420580525641e-06 3.615957981503017844e-06 2.188606835254902722e-07 7.556552790932541242e-08 3.361991051432615168e-08
5.081324372286997479e-06 7.993115587077559070e-06 1.185946365942516915e-05 5.257636542475773388e-06 3.100848664257621207e-06 3.769103060109668033e-06 6.780459136439071517e-07 3.010195527540751520e-07 3.921914837567478638e-07 1.123995410747214117e-07 3.079564848260322910e-08
1.325698292355932748e-05 7.317875444155371389e-06 6.433034123706518097e-06 4.951312111103142274e-06 1.584168022445129421e-06 7.662174842287770016e-07 3.887935764795572630e-07 2.582317182879410570e-07 1.433372728054673620e-07 8.746391453171860696e-08 7.351869204495893969e-08
4.718744410855474666e-06 2.154331853834216591e-06 1.154527665270743708e-06 8.130493940035468611e-07 6.686043519723442179e-07 6.732285743070450653e-07 5.011937548422569144e-07 3.791020756273301862e-07 2.076159452085128665e-07 2.277915022194778032e-07 6.004136359555967283e-08
7.714327472030428501e-06 5.769447634677146067e-06 3.949787608556390332e-06 2.392770997890911287e-06 1.135546841580498098e-06 2.094401183070066529e-06 7.380518433076560082e-06 8.383872327391371985e-07 1.690786599535286348e-07 4.131247798388268334e-08 8.126011966865058716e-09
4.747081516810303178e-06 2.867727056606842334e-06 2.769439009511236536e-06 1.902347540907117714e-06 1.297034633137904361e-06 9.308220809426191274e-07 6.486513432138814600e-07 4.227190756597762459e-07 3.192664807167107500e-07 4.631462746381946959e-07 4.130526773904901222e-08
1.023038618418430356e-05 1.071430076276446848e-05 9.486426341341854107e-06 4.269327594888445105e-06 1.953963137751433691e-06 1.148236382758824969e-06 2.639484809575601818e-06 3.110048049625642989e-07 1.423541508246457012e-07 7.107062599306521701e-08 2.420137196539936808e-08
1.620238193358011813e-05 8.152775600774502050e-06 4.654442507884968160e-06 3.194086089978348766e-06 2.132319679893448049e-06 1.230784001911902775e-06 6.314606271936822518e-07 3.052847454162519469e-07 1.517637073366257999e-07 6.211201713546310997e-08 7.821337547147984072e-09
3.274291239067001386e-05 9.253271766614731893e-06 5.085091168515170484e-06 3.070901079841545761e-06 1.698167108482032696e-06 1.002353334542019609e-06 6.495546267408713850e-07 1.506772256829266501e-06 1.586988686473857809e-07 1.349348533491687454e-07 1.732214147005802222e-08
2.407234972150948878e-05 1.441403434818766783e-05 5.243195938053054254e-06 3.410002128463480817e-06 4.550105163238215365e-06 3.678831182889415585e-06 1.229454079667128246e-06 3.347388358764731135e-07 1.382912457603401502e-07 4.049739663323804860e-08 1.430479665907934971e-08
9.100474919549910431e-06 6.672623051359513122e-06 4.851183175794989426e-06 3.631655898866691946e-06 4.617425696803203306e-06 9.430720239197457162e-07 5.464031705676824677e-07 3.522903485829377938e-07 1.730563611151064014e-07 4.365196949252448550e-08 8.406108744652886200e-09
1.272627514512202650e-05 7.963725801126940993e-06 6.329282383815613798e-06 2.367396495720011120e-05 2.066695084394623338e-06 9.069934550774015897e-07 4.023990141527362665e-07 2.165885972025271414e-07 1.131301401280267399e-07 5.460185657984478231e-07 4.855281485161056311e-09
5.747593774945671102e-06 5.295812061501931181e-06 2.486560277877786436e-06 1.821283263095398560e-06 1.065621209233147910e-06 6.619545112147248905e-07 4.906226109224711575e-07 3.503180265748536424e-07 1.597939858019185496e-07 9.223124895615899454e-08 9.299983232509377137e-08
7.074229616417656522e-06 4.888652260966392095e-06 2.964400053122419160e-06 2.295499539627456176e-06 1.221589589456556553e-05 1.465761024864970855e-06 6.890917231510425330e-07 2.718116925977066751e-07 1.099756360312357640e-07 4.382915614733106956e-08 7.066357117606082294e-08
2.298052817069212666e-06 2.582351679880419374e-06 1.872263220964003160e-06 1.254900987138833704e-06 8.378530154960621786e-07 5.964755565500629621e-07 4.698643425484489904e-07 2.525577158411827579e-07 1.417813317119368042e-07 7.560603195357475195e-08 1.900055876343943238e-07
7.096896770770848803e-06 4.752295228478887294e-06 3.276152258939698249e-06 2.656409009471273098e-06 2.026272792071006734e-06 9.917221585486646209e-07 5.904620402437748610e-07 2.275969086714406418e-06 1.665145725003960205e-06 2.315267894791743549e-07 6.020060208783134412e-08
5.719490397652841157e-06 7.138644470367243303e-06 3.146523172093669621e-06 2.134478465737878964e-06 1.323906592072844119e-06 2.185022032480860736e-06 6.692091500131328151e-06 1.253493339567688283e-06 1.260239196677292954e-07 5.866134724798181894e-08 2.778651188451697642e-08
2.921539362137896285e-06 2.764302401619337016e-06 2.569470725103222957e-06 1.915330752281512102e-06 1.433531463474653136e-06 1.253004676139056478e-06 6.002444125127610796e-07 4.170087039226919484e-07 2.399046648432683113e-07 1.080892888708708318e-07 1.289564667815283456e-07
8.868757103032782332e-06 6.029594156106639142e-06 4.226278665253056696e-06 2.714720479527344809e-06 1.480359406479635548e-06 6.521336452098444944e-06 1.066818658430407151e-05 8.448293445447675241e-07 1.875964307201205772e-07 7.802353549908715678e-08 3.605985470549971045e-08
8.416087989177874519e-06 5.138694618185541073e-06 2.236299881453067308e-06 1.073936664116421941e-06 8.829485576118627281e-07 5.032411991902617650e-07 4.519967136461045150e-07 9.416297961012470092e-07 2.737535669756868143e-07 9.974945578043570787e-08 6.042701234004683564e-08
6.756791527535920832e-06 9.785004991919226747e-06 5.669994328521515322e-06 2.992349075536435240e-06 1.620817419306592455e-06 1.027073368494828640e-06 6.122427691030282910e-07 5.379350937812679318e-07 1.323075718994773643e-07 5.785784304864520201e-08 3.974113358699740853e-09
5.502390993815338538e-06 4.681422447102405843e-06 2.564139628403732230e-06 1.651391603882472711e-06 3.598006301677408662e-06 1.682181142443201896e-06 2.565908406634658143e-06 1.105081842017349569e-06 1.876990300168452570e-07 8.568569162453607426e-08 3.477773918204098085e-08
8.640815720792676075e-06 5.994823243740573936e-06 4.214772944596642358e-06 2.668287178292626808e-06 2.059867623760094691e-06 1.748488313880379923e-06 7.785178866498379797e-07 4.759507807929579345e-07 1.373785136816328856e-07 3.102770883209860284e-08 1.201206647867050302e-07
2.428304272714206346e-05 1.900697489799636674e-05 4.294155687084569660e-06 3.470903164470516771e-06 1.191652781318164892e-05 9.407901513352876300e-07 4.141504308263323198e-07 2.265364346014820370e-07 1.186747418724166808e-07 5.075497665599162672e-08 5.134305480995182600e-08
7.198774796333821673e-06 6.479306834112040401e-06 5.615014914380497493e-06 5.230264278615068678e-06 2.603504909605858162e-06 3.649520211305277136e-06 6.688337008410597078e-06 8.018151190172213363e-07 1.637128337216843609e-07 5.072100846613877177e-08 8.679538147264270341e-09
5.169165957155104077e-06 8.183980214913829464e-06 5.083187135603005628e-06 2.126885312598192028e-06 1.058561192462815156e-06 4.207381164574765548e-07 4.008184527539675924e-07 3.456450473304278778e-07 2.102463035483722562e-07 3.203368151995343427e-07 1.168610793811629589e-07
1.074124348844734855e-05 7.065417028128842690e-06 5.384308646912811490e-06 3.546689540234634508e-06 2.123221149059190042e-06 8.046434070077106549e-07 4.490050871325133158e-07 3.104989698715821855e-07 1.773600581906500367e-07 1.785572831858823559e-07 5.972779936773019815e-08
6.616059719213932734e-06 5.220298568268597231e-06 3.738412094827756279e-06 5.880037703182930002e-06 7.605133475591548143e-06 1.894391719034340992e-06 1.185426532156573631e-06 2.088017032405029092e-07 1.414140839535187876e-07 4.675691210446745013e-08 4.356941525550466075e-09
5.095620250350347595e-06 3.745139886849416492e-06 2.416536321101718076e-06 1.785399116805081373e-06 1.074690305767167420e-06 5.471094142259546930e-07 4.432288858102024833e-07 3.383846738643545598e-07 2.161457462149379592e-07 1.158540814420888115e-07 6.606536810668886982e-08
8.075288303711072329e-06 4.319877276026252171e-06 3.887667126347240767e-06 1.759792973871231636e-05 7.317935126766777001e-06 1.432010662787004717e-06 1.350252750323163114e-06 3.751207184821595264e-07 1.328602552026872403e-07 5.956204345467636537e-08 3.288949745902367838e-08
1.561755873453197883e-05 7.711548765445848031e-06 4.141531620397514258e-06 3.132058717401952398e-06 1.862675669002319083e-06 1.269422929170504481e-06 1.038554169254196680e-06 3.911832804116130927e-07 2.231310482806946519e-07 9.502048505299282858e-08 2.890806089348229429e-08
3.022639805837942537e-06 2.581507623251994412e-06 2.556214229408924246e-06 4.096236161269345514e-06 5.193467445050187423e-06 5.755991317793375296e-06 6.510332472023374302e-07 2.957530888568047061e-07 1.312154502049926854e-07 7.890097559153423498e-08 7.799465612031490319e-08
1.595365066249387971e-05 8.356418385297272391e-06 5.222716104571403304e-06 3.053659271907251740e-06 2.639436171535677727e-06 2.130126320005225685e-06 6.069150340574510383e-07 3.309240520100276351e-07 1.143117446624535452e-07 2.732770431797834872e-08 8.960885722754257930e-09
7.258012727974241109e-06 4.427555865842915584e-06 3.088720069407964550e-06 2.956094039164484093e-06 1.550211091016914291e-06 7.166733127346895064e-07 3.590272588837252091e-07 1.991740163182308994e-07 9.386765755342421312e-08 5.632413992021831107e-08 3.349342004486705307e-08
7.045294094038383384e-06 3.443102711056279305e-06 3.161098375026826206e-06 2.025865053705721722e-06 1.568927447228731782e-06 1.248002783522658281e-06 6.004353628259598850e-07 6.146109930122239275e-07 1.866311091726528933e-07 4.403673930236425273e-07 6.387551681628464568e-08
7.229274369149367545e-06 4.322527361679716998e-06 2.998863572973518883e-06 1.741284082043079907e-06 2.945239066946219051e-06 5.907808801010668226e-07 3.096291003806537658e-07 2.339095127795204622e-07 1.453108394612665301e-07 1.912209832739353587e-07 3.776045078822295324e-08
6.988450924102648055e-06 4.433280749841060433e-06 3.821037092611972630e-06 2.425718835456343395e-06 4.493223522748118148e-06 8.526512826808228420e-07 7.165093029980368038e-07 4.614729164755216020e-07 1.011921874697781315e-07 3.246572810161598206e-08 1.222025836300455478e-08
1.136524684741898595e-05 5.593818542374819964e-06 3.100195549209232207e-06 1.629909185207797534e-06 1.364783597625953901e-06 8.409938063024720286e-07 4.958363076753120213e-07 7.729982713084953565e-07 3.517172122442159837e-07 8.943773490538921380e-08 3.989971937492455822e-07
8.961546216858265899e-06 5.946648298345063887e-06 3.411449815272106405e-06 2.388138827623358627e-06 1.267724967934490149e-06 7.386837365037136531e-07 4.306064000501909702e-07 3.947355701081884713e-07 1.972996423877838576e-07 9.597327957977946898e-08 1.442582578526806714e-06
