1.409338354084276097e-05 5.292602271878828265e-06 7.138307059130423803e-06 3.831718494825313803e-06 1.460605304401612638e-06 1.088013309351168530e-06 7.622409144141819142e-07 3.791927247321897627e-07 2.831590984318653724e-07 4.295598663282579110e-07 7.914647880033724869e-07
2.720227705460592627e-06 2.247945538878301085e-06 1.860375069515420918e-06 1.628043697555559728e-06 1.363738947088483496e-06 1.020385332099862592e-06 7.723580662180177452e-07 4.089032110101799231e-07 1.370323909351326499e-07 1.496690425609985851e-07 3.899246823295130520e-07
2.196417819553579865e-06 2.147197535076101267e-06 2.242970597562265045e-06 1.480390465858426681e-06 1.152785829641847208e-06 1.117429094658638172e-06 1.368661749902533477e-06 4.562165080427428477e-07 3.167393669849030102e-07 2.871256083217705125e-07 1.663191353662575049e-07
2.203675616773861400e-06 1.940964893773691487e-06 1.683225443862045658e-06 1.308286554932115677e-06 1.118933657568752772e-06 1.131568272582463469e-06 1.289951268846918360e-06 7.967273685731825329e-07 2.798220717410896880e-07 1.768483618086764456e-07 3.155757378732286771e-07
3.215543842750598637e-06 2.565150345971807463e-06 2.062582641512442210e-06 1.721529424163334805e-06 1.342529681506035323e-06 1.081956757942235768e-06 6.921667824668938878e-07 4.040760723264018114e-07 2.308173977643427378e-07 2.249451642700252821e-07 4.460941237193078105e-07
1.998874220794693630e-06 1.710600511588185216e-06 1.615872971445266963e-06 1.289129600455378341e-06 1.088658535093374677e-06 8.708093433108683966e-07 6.071086697498577052e-07 4.298738524350019965e-07 2.334163116734439675e-07 4.441558164912532132e-07 5.368441186079853643e-07
3.303647285568515296e-06 2.586835714671219518e-06 2.149182299988693232e-06 1.829821960556497337e-06 1.505085338161225908e-06 1.091720486704304773e-06 6.706669977335713174e-07 4.118465442593527886e-07 2.348942792541596392e-07 9.319193140140001271e-08 2.393794454640063577e-07
2.900314686211946821e-06 2.479108188975212498e-06 1.999489238017306374e-06 1.561064281820427532e-06 1.177281855493560034e-06 9.355829264458364174e-07 7.854053877427018727e-07 5.611726798751988230e-07 3.799769663955767717e-07 7.475193047834132051e-08 6.169157755340322714e-08
2.582918223795947552e-06 2.645656995269062867e-06 1.945270151692501176e-06 1.750786696797180454e-06 1.374643373147702256e-06 1.002198491745667290e-06 7.055599765000412866e-07 4.397255386924566288e-07 1.669068639605654646e-07 3.235732794628781622e-07 8.981156435947618877e-07
3.344320794330109644e-06 2.631826033524251388e-06 2.221202834438579176e-06 1.756494123412009956e-06 1.343734117992489609e-06 1.083684597128723411e-06 6.721499501817810236e-07 5.282771130464197076e-07 3.044723777365774878e-07 1.271274173465549820e-07 3.498947632492810929e-07
3.301568706782751254e-06 2.807185032028604631e-06 2.362869652438933204e-06 1.892994023661476134e-06 1.435455546557492688e-06 9.512046334858735225e-07 6.282855763612997488e-07 4.584392585688956262e-07 2.600790610323760530e-07 1.095558045959986485e-07 9.817824498147050188e-08
2.730562042867386206e-06 2.346604917893398318e-06 1.944209637491451981e-06 1.613196593192809364e-06 1.265731486239948429e-06 9.746825236585520066e-07 6.393402681812609468e-07 4.566097805484767097e-07 2.853729182636320871e-07 1.744365734838209860e-07 8.635438227373712273e-08
2.919878283752437032e-06 2.380239370593144114e-06 1.692460818073394616e-06 1.447682039207886120e-06 1.126866382020879557e-06 8.695017045021887195e-07 6.393996588683559412e-07 4.582850540020177528e-07 3.402253341489439524e-07 1.881131331163422693e-07 1.468343507223253474e-07
2.754725573174371029e-06 2.465051818184150724e-06 1.908723768053747911e-06 1.590907301183520276e-06 1.237356971917125434e-06 9.347559865880580613e-07 6.771475458739100837e-07 5.118454969127331515e-07 3.201180637781917193e-07 6.582116020858191848e-08 2.355976736257835687e-07
2.024503623152144869e-06 1.871249648170874151e-06 1.573731137639624694e-06 1.397685081298812221e-06 1.032983404587937469e-06 7.347364192892550879e-07 5.565468510206599833e-07 5.157775998830655725e-07 1.728423959437550410e-07 9.291881560040879982e-08 4.322558767719799549e-07
2.963835637656067991e-06 2.595707600796692532e-06 2.364156555279536767e-06 1.860268954180485183e-06 1.439419814120864211e-06 1.111789037038912937e-06 7.504087368895560939e-07 5.192456778701349595e-07 3.437472313220278497e-07 7.114425416659588257e-08 1.049902521904091188e-07
2.602196585912797056e-06 2.289891625303855167e-06 1.918556228336996052e-06 1.550147016659015849e-06 1.197166470107637425e-06 9.262768915554090905e-07 6.845548060551784150e-07 5.773461207108050344e-07 2.412135331221960751e-07 1.556889296585041846e-07 3.808491661792424067e-07
1.999768884849416598e-06 1.643226297687540447e-06 1.462711892948196773e-06 1.253315962353220805e-06 1.022451080925174649e-06 8.638961178333785607e-07 8.069034305857852295e-07 7.135226322668734709e-07 2.929056855291862273e-07 2.065690547051622200e-07 2.305731496237934905e-07
2.817758425821172824e-06 2.415161138795870921e-06 2.028563798489657585e-06 1.652185746275849832e-06 1.368907590778951761e-06 9.660555730584364237e-07 5.964101063864678272e-07 4.123233314415470939e-07 2.576080950521459027e-07 7.863614960798173528e-08 1.565921026474892461e-07
2.570684459790717396e-06 2.162491202162929437e-06 1.914221126999923671e-06 1.655462006689926229e-06 1.343350925623442179e-06 1.017972621261974090e-06 5.764146486233117305e-07 3.561533485665998116e-07 2.885552688166179246e-07 2.359847358557798562e-07 1.803529870280900539e-07
3.394325441068672892e-06 2.141836777697952477e-06 1.807105199331483738e-06 1.589708250944281505e-06 1.248191278501380704e-06 1.000220437130705961e-06 8.311953253912039272e-07 4.086720475129599037e-07 2.421965960846713441e-07 2.041073800776756919e-07 2.535412537816708805e-07
2.839569450096672531e-06 2.612866438628511595e-06 2.212131719079487198e-06 1.785482609206543279e-06 1.417605199588607749e-06 1.010919681941159546e-06 6.113350108009862488e-07 3.450466187326568674e-07 1.796397211288636284e-07 9.906324500108606207e-08 1.820099444763404743e-07
3.240601065773714085e-06 2.639916161516023471e-06 2.039077554959864710e-06 1.762641600344012261e-06 1.347382048074547479e-06 9.999003315206628774e-07 6.411108612957161439e-07 3.969404468559531400e-07 2.194998884844955046e-07 2.253950549820451799e-07 1.142561170241575667e-07
2.236946894678341028e-06 3.276811999665513069e-06 1.895554097033297437e-06 2.434841848715947548e-06 1.659607213337911484e-06 1.246006128041748145e-06 9.993336424342985333e-07 4.412842148670608078e-07 3.957441151386110855e-07 1.550634632802040334e-07 1.840719199163344627e-07
3.027030839904838863e-06 2.777955006075343969e-06 2.140340968265762547e-06 1.689946154831625881e-06 1.475935249153937641e-06 8.875718662653768968e-07 5.776262711847452880e-07 4.014846171125908339e-07 2.233655686131498238e-07 2.657334713401119211e-07 1.859324476954874839e-07
3.469134245197817751e-06 2.573526652565888863e-06 2.767610381526604033e-06 2.031838571723648218e-06 1.617587705930735850e-06 9.644383762310175532e-07 6.745088750364580631e-07 3.865067173512363336e-07 2.212324757637134210e-07 1.724029815471460898e-07 2.207320025413271378e-07
2.198581699077471122e-06 2.348327487302138665e-06 1.658852849239003759e-06 1.490842174822636148e-06 1.168114402236246835e-06 9.403974106043551011e-07 7.544025418872904494e-07 4.702233189164479360e-07 3.378565202113712602e-07 1.635792000893410345e-07 7.423335703694169926e-08
1.827735275707782471e-06 1.585476806788614820e-06 1.387226346135173430e-06 1.114752454531651248e-06 9.604512974261249058e-07 8.400964119524758596e-07 5.779992401495265245e-07 3.573486839028648005e-07 2.602400554936757302e-07 1.108106424491845602e-07 1.778211812253230817e-07
2.792641445104315971e-06 2.292582325338060189e-06 1.822009087618125805e-06 1.550370745592110634e-06 1.229660914653917212e-06 9.329715112576758905e-07 6.416441283845731935e-07 3.873340356520139217e-07 2.446717052429414081e-07 2.102070116521554793e-07 2.380120265637688664e-07
3.024528645662531013e-06 2.351781411551863660e-06 2.045485278684243278e-06 2.002540990381118797e-06 1.713643185951539922e-06 1.037204353065432248e-06 6.793273168846586673e-07 4.534196786362665228e-07 3.469582417813467628e-07 2.219293390992765632e-07 1.386185753632931182e-07
2.338792235978093351e-06 2.202921211108204311e-06 1.899552104034261313e-06 1.507866918337756352e-06 1.170194956370324872e-06 8.155943796634782763e-07 5.388470954420851115e-07 3.583743868755065164e-07 3.039484048538317096e-07 1.622126354274609713e-07 8.113680293551364194e-08
3.179298984213629241e-06 2.901778544123302580e-06 2.236586446676988188e-06 1.794773242395740653e-06 1.520974449988966750e-06 9.831956957566245849e-07 5.965206098781740436e-07 3.482273990664975690e-07 1.876947862882531789e-07 1.586889203896365852e-07 1.933988787539345280e-07
1.793922165941964513e-06 1.637730938417238268e-06 1.604597088212581427e-06 1.476964639086297998e-06 1.293975286035347899e-06 1.094520387448014583e-06 8.233289202291046257e-07 5.175454429783854252e-07 2.852727360240108278e-07 1.765167077609060689e-07 7.515080451367263506e-08
7.042774459909775571e-06 4.464449258646294337e-06 2.396753720156190241e-06 1.938124252784400802e-06 9.931343098651684655e-07 1.141381814734136250e-06 6.011120575188052032e-07 3.437668116061290873e-07 4.043880214062542113e-07 3.607523926431007581e-07 2.913652691573401139e-07
2.733543020745901397e-06 2.912014569811671907e-06 3.027438829314314601e-06 3.293753070204945480e-06 2.057005677063924421e-06 9.219357213735040466e-07 5.529897641996649040e-07 4.228593509094558747e-07 2.702498999151290813e-07 1.262868845936743819e-07 1.582169659186833570e-07
2.389109027003789997e-06 1.985184788782712597e-06 1.559360016232963985e-06 1.399520388191888702e-06 1.142953963548692356e-06 8.590486155164451049e-07 5.936077399710656065e-07 4.325143151978979542e-07 2.501061193130973227e-07 1.013510675544014310e-07 1.263958958200155132e-07
1.687726588319602521e-06 1.619721296376864325e-06 1.503208316919860792e-06 1.340891245669257938e-06 1.151331187336935775e-06 8.878544428620225908e-07 6.389146753855893158e-07 4.607921289256596033e-07 3.611724465173301136e-07 2.058187029984972374e-07 2.845410421947268926e-07
2.203717538606405345e-06 1.959541620907315683e-06 1.535172798171477942e-06 1.377785751572562770e-06 1.041182872291824872e-06 8.104468902660282224e-07 6.208164676415628367e-07 4.395793411078873950e-07 2.512970679211974929e-07 2.896395236316774757e-07 9.413905553188142968e-08
2.426559145719643123e-06 2.342318419890445512e-06 1.929300567564043835e-06 1.642182544022720516e-06 1.527543443481062120e-06 9.578385136796939770e-07 7.226606214891581024e-07 3.761441579271077597e-07 1.866373565239414674e-07 4.305881167167592681e-07 1.665711534750352299e-07
2.703625011890697950e-06 2.334401279896454911e-06 1.987408462271639455e-06 1.674009359114849565e-06 1.430079208221130276e-06 9.546618670950766918e-07 6.710427705878300079e-07 4.987692463338796652e-07 2.147655588073917163e-07 1.969845318706609903e-07 2.143849832353463986e-07
1.885147206929032187e-06 1.778161421670556705e-06 1.720919452212557576e-06 1.412675779432568035e-06 1.163153982361120931e-06 9.710800410389612134e-07 9.328809723360085520e-07 7.769379586973612445e-07 2.758169178022821626e-07 1.320354064675301794e-07 1.783418715490001746e-07
1.906921795269340256e-05 8.081083780265671505e-06 1.712166542483719408e-06 1.463244493905980893e-06 1.228056720590008489e-06 8.664374450766969981e-07 5.833374292020202418e-07 3.747545814865269751e-07 3.612747309456362221e-07 5.937091095449714008e-07 2.689402668752376458e-07
3.145045775707771931e-06 2.727538138363532776e-06 2.350479849735245611e-06 1.969043336311970479e-06 1.504859485834179938e-06 9.865514922727994698e-07 6.464187342872851480e-07 3.642903389434447223e-07 1.482809560546367240e-07 1.539758109797180387e-07 7.083702029831092943e-08
2.860679065681081577e-06 2.448004603253416560e-06 1.793100379774236852e-06 1.357035671472171317e-06 1.032730294752759733e-06 8.882899549024764555e-07 5.527576429388409465e-07 4.021916629804572832e-07 4.705567955933811693e-07 3.599208250993626668e-07 3.286514821779528316e-07
3.467065346309677881e-06 3.281608040607702940e-06 2.059985681138552370e-06 1.585692394175434138e-06 1.512097587570930411e-06 1.077073051289341795e-06 8.956850348846606726e-07 3.288200284981114340e-07 1.422441312410568005e-07 1.557104556564123834e-07 3.474771849178931173e-07
5.218779046060165938e-06 4.650202536195941436e-06 2.614498973682139454e-06 1.540239067836513258e-06 1.084509060387387547e-06 9.232069676532209851e-07 6.719438522266061063e-07 7.686525222801004357e-07 2.256259545813013774e-07 1.141229350794795215e-07 2.291585291056658046e-07
2.514929546051618693e-06 2.275395542799662611e-06 1.879579558645489860e-06 1.517071955474723708e-06 1.084503696753417189e-06 8.287235223438528029e-07 5.676476569641768078e-07 4.736888353061230650e-07 3.918873699094524287e-07 2.679773574947647982e-07 6.950303911586512160e-07
1.818953862986998788e-06 1.601246467666899020e-06 1.530150772878554135e-06 1.290146589594550911e-06 1.009698971487470024e-06 1.412120975409799792e-06 5.489955449032942404e-07 4.220386022977523009e-07 2.919477251947038866e-07 2.977792489851356694e-07 1.844051564512817365e-07
2.641217984381438234e-06 4.020455602084479226e-06 2.538531426569397351e-06 2.914808801466020671e-06 1.233540993969546597e-06 9.873422748483995183e-07 7.411479215899474016e-07 3.458699879568051005e-07 3.341332152512309820e-07 9.519398638970951013e-08 1.608860029798986242e-07
2.817411385049341385e-06 2.537896621722144086e-06 2.445630575481900321e-06 1.561121708151012575e-06 1.167057913064881158e-06 9.532943696999457303e-07 6.092208238427358096e-07 3.108982351372278751e-07 1.622980947627776390e-07 1.761964456445437899e-07 8.950123436133687388e-08
2.800437623444996920e-06 3.079632333651270075e-06 2.310972104419731939e-06 1.846702601144378722e-06 1.202972318454790117e-06 9.613068379655994919e-07 7.330875548545376358e-07 5.176557003628268379e-07 2.733716591278314611e-07 2.835476177780385197e-07 6.927266947356463228e-07
2.356013228743872059e-06 2.033220771228234227e-06 1.584779967363143055e-06 1.200905041937226268e-06 1.204751338801012980e-06 1.501397887367003066e-06 7.049222393728805372e-07 3.707211780350845930e-07 2.040317841386235799e-07 2.570385874825560336e-07 1.759245570581993060e-07
4.264004244819701631e-06 2.393651543853555666e-06 1.541768869785823853e-06 1.244063128767451398e-06 9.116576943172426891e-07 7.139241545143809904e-07 5.509835226424231843e-07 4.344259869119601442e-07 5.013732668672570081e-07 2.562461108703763869e-07 1.448827805142193925e-07
2.299686709572013784e-06 2.084763027776594703e-06 1.722509852239795427e-06 1.497526656878611165e-06 1.172957626887882230e-06 8.546533270004150908e-07 6.064456989371931385e-07 4.405006179114794179e-07 2.423090315347929218e-07 1.584071072729357089e-07 1.002688373493841505e-07
4.563083119748816777e-06 2.966819200521504100e-06 2.460268255463873481e-06 1.616332797408789486e-06 1.205439241815723300e-06 1.232450953124308561e-06 5.673073334510351738e-07 3.378273237390390310e-07 2.659464476014972581e-07 1.417459652837513352e-07 2.877127486219089434e-07
1.014882642157484839e-05 6.107089506892626391e-06 3.076159686271530345e-06 1.928274902623709364e-06 1.176315996495579570e-06 1.062971501623085576e-06 6.254601463820329727e-07 3.355243892182044906e-07 1.665539775358434116e-07 9.915106139882173942e-08 1.021224550839178460e-07
2.892123397149345329e-06 2.651574616899615887e-06 1.954915524607693730e-06 1.565154449477210423e-06 1.205958906552658699e-06 8.898701659378602140e-07 7.435410149842858204e-07 3.783568363110774739e-07 2.115471873477656538e-07 9.497060246157883488e-08 6.785276625110006214e-08
1.551631277068996926e-06 1.402330289712033869e-06 1.573719800177939707e-06 1.152289986259367053e-06 9.120068983653043949e-07 7.364238197187037060e-07 5.120196110974948886e-07 3.282513757503668501e-07 2.243505543465646869e-07 2.226613915628469348e-07 3.338699071461912606e-07
2.429062755694193749e-06 2.016864124704214298e-06 1.539966272714505664e-06 1.167203198464153068e-06 9.455674488177039780e-07 7.959010942893209623e-07 5.904233176933485375e-07 4.859895296239168571e-07 3.391263537481876422e-07 6.240595527959848197e-07 1.457578659839711101e-07
3.308362334742015588e-06 2.834950395154570928e-06 1.871337050056633383e-06 1.408015763739751156e-06 1.128805155447407735e-06 7.748967793163327650e-07 5.967624943316376971e-07 4.369719386641745915e-07 2.548770090055122450e-07 2.186993417637705991e-07 1.631681536373847967e-07
1.313091836964347438e-06 1.232123191846599246e-06 1.189966265129661009e-06 1.058973444483432790e-06 1.254856609935874722e-06 9.059664836143152567e-07 6.901272105860908858e-07 4.915302673658212187e-07 2.413333213929165954e-07 4.766326929777127386e-08 2.043492999620782840e-07
1.507877982944657689e-06 1.564031685414712871e-06 1.247464321846643291e-06 1.024953899629547588e-06 8.046662850220354449e-07 6.245733899348184347e-07 4.380635668631606249e-07 4.448932770399912687e-07 4.498619411855077126e-07 2.798240362204600740e-07 1.913168596589101953e-07
2.883025916909558971e-06 2.982633860956338784e-06 1.938465646707055937e-06 1.642388561586330658e-06 1.426513979967266536e-06 9.207546908512545618e-07 6.517124202298119973e-07 4.600098209367062971e-07 1.796945688956740955e-07 4.088555546395594682e-07 2.187913387828186107e-07
1.912323543021719885e-06 2.120282435434307008e-06 1.956603506000983667e-06 1.603326000922931804e-06 1.237812726132724802e-06 8.299102197280351927e-07 5.807639394474660808e-07 3.834975631489751095e-07 2.234022244686106246e-07 6.188297512918638233e-08 2.053256174036092493e-07
1.974240415707116920e-06 1.675938353764302622e-06 1.491434252870710880e-06 1.300047969267052007e-06 1.052186992513829556e-06 7.823012229598953192e-07 5.681509551441804514e-07 4.567324330865207881e-07 2.561448433725228746e-07 1.550692178009392309e-07 2.752160896388636414e-07
2.446615598089264190e-06 2.268799654972114729e-06 1.839091599045343384e-06 1.450578274446910354e-06 1.227750241291855095e-06 9.189633843088162066e-07 6.267009201078092110e-07 4.014515408067170503e-07 2.463968083528260662e-07 2.050803039521530659e-07 2.216685808416059638e-07
2.346587768296179258e-06 1.586679470977883498e-06 1.388919302969484988e-06 1.197847485142345983e-06 8.665116412862563382e-07 6.750126407408447695e-07 7.466649617595405188e-07 6.239943912060831801e-07 4.146139334810449443e-07 2.475146335677797324e-07 3.532630379010656357e-07
3.107098713019221467e-06 2.329037397769896287e-06 1.886528905253306041e-06 1.551982127933669374e-06 1.493015839510504327e-06 8.785520411893411203e-07 8.256675333422872371e-07 3.087503363267932617e-07 1.646365625698647813e-07 1.587430869340976657e-07 3.262317839204046215e-07
6.558430482027358317e-06 4.791346075609627118e-06 2.299272644880032534e-06 1.450256704251011834e-06 1.012791785525493333e-06 7.324240439431349148e-07 6.740400226912034949e-07 7.686489338389050157e-07 2.004136183987367641e-07 1.128501636171978267e-07 3.168682519992566920e-07
1.567794634000592777e-06 1.397256790791568921e-06 1.192308883696749541e-06 1.031565960723689255e-06 9.267662919829542848e-07 8.873010196240675662e-07 8.276388040381936362e-07 6.681057521324682379e-07 3.270251580727152333e-07 6.602655506646617244e-08 1.393369669879577971e-07
1.207948269944062247e-06 1.268881530924369340e-06 1.527322940246031696e-06 2.156751835825803468e-06 1.050403389338694853e-06 7.701334196793459830e-07 5.808478734195296254e-07 5.221613737904538093e-07 4.755313841872580883e-07 3.195518833133465253e-07 1.670579253792342317e-07
5.355978001763569049e-06 6.704571098696445863e-06 1.184334031615621817e-05 2.596053268077262857e-06 1.135029562319375274e-06 1.042888726784481656e-06 5.123953988956432064e-07 2.927531832289163481e-07 2.180000192596198693e-07 3.214283673233245388e-07 1.915829400273863980e-07
2.131951982444665793e-06 1.911953660310241599e-06 1.626136030001762914e-06 1.263999867596455968e-06 1.127655052485759021e-06 8.569302028377964526e-07 6.043284513552720398e-07 3.834132508625968605e-07 2.542724774352300909e-07 1.688935520418397678e-07 1.953973312173093423e-07
1.935173149105661879e-06 2.286059303664906342e-06 1.466391712748692905e-06 1.119501412572759946e-06 9.105605739974608466e-07 7.291029633760547680e-07 5.717257801565808064e-07 4.957716592810841591e-07 1.994157055821489420e-07 2.030568539810805823e-07 1.122013285436184650e-07
1.691833818150461542e-06 1.615162328174846810e-06 1.324746113392806535e-06 1.242803090956681333e-06 1.200096384181043729e-06 1.062455496454749456e-06 6.488239287348107338e-07 4.392474654588250239e-07 2.064742778797183328e-07 1.800515628285859486e-07 3.840579523820518765e-07
2.050668821599706940e-06 1.919565183358538696e-06 1.806262959435026344e-06 1.598385564987349629e-06 1.179113683128547461e-06 1.200514849927576842e-06 7.896070418997275560e-07 4.009800264612733077e-07 1.746566219722173512e-07 1.263509126888064145e-07 1.801954115635414375e-07
2.635602070738089165e-06 2.665359364841123524e-06 2.481790201108788708e-06 1.862851450385901488e-06 1.814949385717457740e-06 1.460880042162154382e-06 5.757320119534156501e-07 4.618324236376315813e-07 2.538784628679180008e-07 1.449557881666382109e-07 4.349399346249037725e-07
2.029666103345649358e-06 2.081151401069830532e-06 1.963155195585350481e-06 1.857976956679460913e-06 1.013301646444070088e-06 8.040126359521307180e-07 5.927199856499080796e-07 4.915050149027598312e-07 2.838336513975947015e-07 1.486687955338637340e-07 5.537851044840109567e-08
3.289145877650017174e-06 2.252135467611528158e-06 1.530591163684052406e-06 1.183239107685144665e-06 9.345014479970404357e-07 7.235711775561787686e-07 5.031816720437369832e-07 3.679875880592066902e-07 3.915549849251981629e-07 2.140412045670988313e-07 8.992579342656447955e-08
3.277892022773018846e-06 2.333151540825021875e-06 7.223810545296602784e-06 1.918726976453009279e-06 1.068888944856326558e-06 7.937858646039339566e-07 6.015772717602467103e-07 5.731252511196520619e-07 2.093837822184992897e-07 1.151932686695074517e-07 1.849286976084786781e-07
4.513481635416120654e-06 4.248932061881973304e-06 2.420140614882525396e-06 1.462487040476352455e-06 1.440829568844718787e-06 1.221648697807998938e-06 5.537217881501393812e-07 6.635744585718322376e-07 4.027835698530965785e-07 2.280753335116641479e-07 2.885462493464584703e-07
2.761625611660348369e-06 2.421550619564972191e-06 2.270575527611460135e-06 2.401271154759542450e-06 1.576839811904657425e-06 1.037220595045321829e-06 6.580222551068680686e-07 3.407233040397504264e-07 1.676209556449900574e-07 1.619624277995266992e-07 3.375093678604004402e-07
1.965989408076902559e-06 1.958157190618093577e-06 2.145301229896886485e-06 1.422776623539435227e-06 1.076867429091127323e-06 7.624886683527812611e-07 5.626242331589635674e-07 3.299649733697805032e-07 3.455564706950714100e-07 1.635978108079699641e-07 3.888813071818239884e-07
1.949547784829801589e-06 1.883512755751763814e-06 1.682183438620966653e-06 1.568794980946037460e-06 1.130287681463127649e-06 8.854014704820005643e-07 6.949861329993543555e-07 3.756880905539967684e-07 1.946085701196555478e-07 1.282956521778190107e-07 3.031443952299183665e-07
2.488392929894821534e-06 2.261645576386228202e-06 1.956536781045378247e-06 1.575039278382533978e-06 1.215601513978830363e-06 8.834705703340992939e-07 8.026814188897482832e-07 3.406980261678483792e-07 2.027000850517568887e-07 1.136131045931288719e-07 1.961995304442686938e-08
2.923345288922243956e-06 2.514528917490281721e-06 2.069820028724369749e-06 1.624354245286757714e-06 1.225944258089705255e-06 8.565300974014474424e-07 5.966554851051758996e-07 3.212727813319283832e-07 1.665778306918895355e-07 8.661936903438103235e-08 3.136252123461281346e-07
2.346424391994208479e-06 1.927177113329254239e-06 1.752285730653072406e-06 1.377654303605144792e-06 7.853823838168196767e-07 5.921860012073230234e-07 5.689754060600760383e-07 3.706382341137186086e-07 5.608055347530561799e-07 5.935077223008118602e-07 1.979765322750288414e-07
2.501647715191990480e-06 2.232626575081667070e-06 1.513211505011385488e-06 1.316686671709589001e-06 1.074920575262600398e-06 7.895497826913122687e-07 5.821943339094218957e-07 4.335029495710234640e-07 4.963221792635900918e-07 2.840596814530459726e-07 1.651423174362501011e-07
2.639868175576150313e-06 2.257458160315651316e-06 1.564318925922418601e-06 1.334943168156237998e-06 1.161981236699541181e-06 8.081396870444408658e-07 5.240156021741865395e-07 4.069517605427810482e-07 3.354155795361802453e-07 8.734048347553406891e-08 5.049448238850287204e-07
2.256535039978068162e-06 2.183476165717963946e-06 1.762763342304299012e-06 1.375154443862642281e-06 1.092694756198120550e-06 8.131141558850344360e-07 5.736951560688574389e-07 3.904620681511158670e-07 1.795671016921622157e-07 2.107811646991816515e-07 2.218845287013755600e-07
2.997677632866770799e-06 2.163942226048284069e-06 1.812982117846640853e-06 1.680471080493419521e-06 1.182887688417437057e-06 8.944603550051029973e-07 6.302108335353322680e-07 4.657613733846104113e-07 2.359591609153940385e-07 1.821272817836733348e-07 8.833791364449365362e-08
2.007929166496438810e-06 2.017451707804304795e-06 1.611842734077242394e-06 1.278285595333144254e-06 9.879595986634145062e-07 7.784585510739991626e-07 5.542099677241660242e-07 5.878554899868988581e-07 2.221029990364497170e-07 1.451604255236530170e-07 1.652487934771952707e-07
2.201837561616875482e-06 2.128832946295801830e-06 1.765963737886346257e-06 1.544164935262008400e-06 1.229204211655997316e-06 8.972076187569644004e-07 5.902677884743451478e-07 4.373897592970716603e-07 1.452033371760184607e-07 1.134488972366802052e-07 3.161740405945186041e-08
2.312408325234997119e-06 1.273305277067351538e-06 1.286681807937981278e-06 1.197994396879337944e-06 1.074922059822822573e-06 9.260019714592510564e-07 7.602283972074493081e-07 6.765580574740401996e-07 3.299024151585913898e-07 1.979923757682219321e-07 1.204613820440973742e-07
3.771514513017630396e-06 2.622369684671779939e-06 1.958063073534954804e-06 1.591122219066838019e-06 1.225368319084180792e-06 9.396584486402682009e-07 6.277322789037156791e-07 3.282968717606571067e-07 1.683658752958645158e-07 7.052310180746579964e-08 2.354637440991932966e-07
1.518002726950846843e-06 1.499526023297675602e-06 1.690404066393105743e-06 1.220556701227239844e-06 9.656315872828948543e-07 9.569210966144349210e-07 5.452344403422410998e-07 3.736922960954152675e-07 2.576345723449112070e-07 2.069178218711823193e-07 6.429457864515665885e-08
4.429095991354971224e-06 3.820710913218407229e-06 1.854704155718581608e-06 1.270000608782724511e-06 9.919337759934493664e-07 7.926513663476730634e-07 5.639003767271756687e-07 3.637941294060822060e-07 2.406277370880325590e-07 6.813634218329342194e-08 1.739635574592093332e-08
1.894102332933383287e-06 1.751570349804358159e-06 1.487719224532645897e-06 1.223683171739313515e-06 9.752043467693931526e-07 7.566622162471121667e-07 5.391954072430607885e-07 3.394658505297691756e-07 2.227035043820163137e-07 1.381261746056267554e-07 7.547501427586999221e-08
3.206399207669998085e-06 2.432063187346148433e-06 1.877823564099696599e-06 1.620819882103843830e-06 1.431368586873588215e-06 1.186740562205268454e-06 7.170701490672572872e-07 3.194804914124049172e-07 2.419470484517376043e-07 4.362722243971680274e-07 8.779066882245636089e-08
1.721472332459645563e-06 1.589951882549442497e-06 1.507186739498239617e-06 1.379096752810927881e-06 1.078782279506998490e-06 8.141144046992790774e-07 4.746617845062391435e-07 3.237996555485331834e-07 1.599576467345380466e-07 1.286683925871046783e-07 2.698279887702796212e-07
3.854929857314727294e-06 2.229921009473063143e-06 1.550758877548635575e-06 1.032128619879071318e-06 8.050640021754282483e-07 6.063502313205305194e-07 6.741026886038608435e-07 6.047108104864069163e-07 5.340246952139622144e-07 2.910295488492941357e-07 2.467209367656163875e-07
3.282525315416509762e-06 3.229041865042392785e-06 2.392474521400581545e-06 1.588944051216801858e-06 1.012627255863190237e-06 7.089017526294494574e-07 5.271043886074088460e-07 4.577064898192116301e-07 4.668318542336926917e-07 1.197872645435573119e-07 3.580362940720933019e-07
3.396386373052443846e-06 2.704714466865116126e-06 1.940619187905539139e-06 2.787827068048661356e-06 1.551678238180098206e-06 8.899443906063518474e-07 8.660320629282800253e-07 4.252343317085523687e-07 1.603024365187126488e-07 2.452418192814450917e-07 5.477191389707919189e-08
2.515722502884449358e-06 1.985039049419117127e-06 1.657876162753462244e-06 1.438614554224936949e-06 1.133742395100230248e-06 8.095675363180124034e-07 5.837040409362485549e-07 3.684219143473480095e-07 1.817811918775205049e-07 1.911974273496739431e-07 3.563111444452294350e-07
3.283149750256054891e-06 6.342528912278238148e-06 1.992676867352058700e-06 1.956468217519116039e-06 1.113823921206356588e-06 1.293022384783477775e-06 5.170967817306454994e-07 3.447581247243693902e-07 1.538630613138443837e-07 2.263267322283899864e-07 2.545599964028152628e-07
2.469415582548564378e-06 1.998016129807355946e-06 1.805447341152107000e-06 1.518059112908551717e-06 1.254325010678561787e-06 7.656429491242247628e-07 5.519951033770462248e-07 3.255311851557664353e-07 2.152613096378728188e-07 9.490398640772526768e-08 3.171968492196011924e-07
2.175419939018859583e-06 1.962583789624766865e-06 1.703367955059420399e-06 1.517196620281544092e-06 1.298734686525292553e-06 9.270709511074599577e-07 6.033426958060179016e-07 5.493160507351165647e-07 1.994230411078416556e-07 1.573395267668032099e-07 6.471657943437375970e-08
1.956846698652638293e-06 1.847472579060771488e-06 1.620468533024743397e-06 1.278931185337263627e-06 1.123128704967042941e-06 7.522887857258039589e-07 5.120486216489379968e-07 4.232366207640756435e-07 3.530477834625786218e-07 2.803012328141767089e-07 1.789807306891293627e-07
1.983910725187281543e-06 1.896143927326041975e-06 1.576418931996056765e-06 1.285910651956331151e-06 9.542421379859704612e-07 7.115190644868831150e-07 5.202609581853934453e-07 3.740571655857240659e-07 5.000151218855739885e-07 1.452779373887146646e-07 1.880155144930356885e-07
2.805147146958359512e-06 1.944949611333730849e-06 2.472010436037454061e-06 1.169383234414283323e-06 9.158630832857351399e-07 7.565131634537513957e-07 6.798697793283672558e-07 4.900513647004666497e-07 2.671404141310066832e-07 1.165205001097779592e-07 2.678911540092100565e-07
1.711447815895297047e-06 1.656910514096222510e-06 1.486964392631030777e-06 1.199344649785074996e-06 1.076066057014295339e-06 8.387101916513144725e-07 5.226546946247973023e-07 4.159596857348107656e-07 4.355549836591162819e-07 1.266832354550380395e-07 1.490099427527195181e-07
4.109100462612226471e-06 2.539033730199249595e-06 1.710370717879529938e-06 1.415357928674876562e-06 1.139289907008894441e-06 8.276921151988312612e-07 6.199681994449165927e-07 4.345694732250129264e-07 3.174807101467060430e-07 1.165348462703827518e-07 1.746738360511882990e-07
2.057156303981874625e-06 1.677333890079833836e-06 1.378415692523198243e-06 1.152514259568152146e-06 1.291260046065127878e-06 7.138914299359694919e-07 5.694003389373953338e-07 4.273079709910255051e-07 4.653451788290682249e-07 8.349228163611261564e-08 1.271924871718305179e-07
7.330454346861878617e-06 6.487988868610057938e-06 4.418280335089533963e-06 1.421391342020087805e-06 1.213909035545224509e-06 8.003951003134495253e-07 4.921350113559740328e-07 3.325110387575930552e-07 1.787715601802485844e-07 2.459542884201375988e-07 5.508950316286994623e-08
2.126936842282061910e-06 1.751555556501374493e-06 1.444349068452676847e-06 1.269922975268040953e-06 1.249204524157116289e-06 7.819581031505147334e-07 5.259503996730404018e-07 3.165504605080253611e-07 1.939733661183580744e-07 1.369728700581084685e-07 2.621847168887362872e-07
2.925863492836944716e-06 2.455148095822921396e-06 2.386895792271771316e-06 1.438933709278135010e-06 1.176449097954108694e-06 8.372951587663292611e-07 5.597075413772956335e-07 3.098785174590861795e-07 2.701093050301829551e-07 1.958389685291198305e-07 4.864588470734532309e-08
3.842075997238314508e-06 2.207830589581188861e-06 1.948978393033563012e-06 1.466707585258503825e-06 1.141080918577772813e-06 9.599938337703644910e-07 6.093707296509608679e-07 6.175822126490437395e-07 1.587984890955732857e-07 9.374225510239055215e-08 3.842371132976586549e-08
3.918197506385215423e-06 2.058904321879954363e-06 1.327143038075487596e-06 1.175088682207770623e-06 7.460098089460598201e-07 5.965037612995810601e-07 3.841337959364053933e-07 7.144705877346079878e-07 5.577991994442595012e-07 2.576990072262612764e-07 2.243717726385193354e-07
1.562106590231076962e-06 1.217368878016414606e-06 1.094666460669256578e-06 1.016225094238800484e-06 7.883484965039550489e-07 6.976516002814251986e-07 5.827544609886455594e-07 4.567411859058652182e-07 4.325041208024802895e-07 1.517927471612600087e-07 4.323034947519302008e-08
2.118108183563927251e-06 1.727467524922028729e-06 1.340903229804539749e-06 1.180007278130012426e-06 9.621353051532086994e-07 7.573187381584346897e-07 8.070636260621472835e-07 4.268406971545731001e-07 2.583141601722179357e-07 6.075171166709379180e-08 2.068227862583770672e-07
1.893158673638546849e-06 1.672112929239722652e-06 1.414405562875610375e-06 1.350769262840610890e-06 1.007936262771040914e-06 7.491139886606147365e-07 5.425148098581462641e-07 3.905798990340869335e-07 1.925226231451444078e-07 7.556771573175080087e-08 3.532038527358882584e-07
3.574043809011013540e-06 2.098821065028158970e-06 1.427332824444418001e-06 1.138761366054531603e-06 8.812438354936174596e-07 5.624198925954258948e-07 5.649350214886724377e-07 7.980883043036737626e-07 3.117948452990164615e-07 1.732695439643665706e-07 1.714503931775429096e-07
1.724166089779281390e-06 1.516176990129551309e-06 1.427903828885054599e-06 1.220101080271420988e-06 1.056726266528923551e-06 1.248314851826757474e-06 1.081917880791325948e-06 4.233266792112163902e-07 3.398676493427871733e-07 1.251075720861665377e-07 3.120363668522430270e-07
2.953709658097401034e-06 2.371009748989276500e-06 1.704485991297843096e-06 1.436080067346648350e-06 1.156607065278185710e-06 9.624848545295029589e-07 6.049342889841883286e-07 4.108372423909353968e-07 1.793498060096610847e-07 1.747313915115604600e-07 1.370494606143713398e-07
4.003977711577037224e-06 2.330413626471708246e-06 1.803914240948798648e-06 1.185700516292629874e-06 9.292550459374570195e-07 1.504609910422027723e-06 4.802200046197085835e-07 3.204716626366808950e-07 2.529149702475570609e-07 1.725176172944428109e-07 4.645542940026232475e-08
2.055235958145261096e-06 1.978492124324172220e-06 6.060327995742376346e-06 1.863219738986951600e-06 1.317386559860551518e-06 1.368490572919849198e-06 6.756648499224669656e-07 3.270314610568875699e-07 1.654887877965182072e-07 8.491129782131406617e-08 1.176444848855173862e-07
7.322741318470078253e-06 2.949077913012953768e-06 2.895110510782310563e-06 1.817714454489508704e-06 1.195358492909770786e-06 1.009288690484066908e-06 6.456432006299413847e-07 3.067111572495555863e-07 1.663912560718328141e-07 1.900698965485109292e-07 3.573141123202751765e-07
2.055888900932161084e-06 1.874802123790885467e-06 2.635857728724435949e-06 1.882582856926938062e-06 1.085532317400979939e-06 7.812043338789980405e-07 6.512054789950493876e-07 3.537771365438310674e-07 1.885405972012995119e-07 2.976776962222141797e-07 4.059850190144081974e-08
1.947008024871880282e-06 2.662438999472223653e-06 1.649150288860858331e-06 1.311381924061238072e-06 1.123422832680383172e-06 9.614477668939105754e-07 6.391443389190959205e-07 3.704459986217163334e-07 1.905396070518874794e-07 1.915157469773080547e-07 1.617989993021502857e-07
3.426890622368396476e-06 4.657477456367709121e-06 2.667292732617710385e-06 1.188528356792251602e-06 9.833556500521882760e-07 7.571670002932997359e-07 8.010212551225451882e-07 5.918041856347598527e-07 2.896874290596331706e-07 1.592173428961047807e-07 1.301294729599657375e-07
2.608975607616025945e-06 2.655931203939529855e-06 5.625305485314644415e-06 1.243807157645036000e-06 1.468788529570923523e-06 1.643095555822888338e-06 1.037937863946952625e-06 4.133522202733352939e-07 2.805737504494890727e-07 1.218415654667112600e-07 2.676621895136240525e-07
2.593336461766404126e-06 1.599296729753953953e-06 1.359207825703382464e-06 1.096608181248727350e-06 1.076250030414083036e-06 7.992734735750944306e-07 7.244392134394506965e-07 4.194943527507179067e-07 2.786099191907335576e-07 2.706828382683578359e-07 1.663864897140146737e-07
3.398073355957560722e-06 1.856371642959775752e-06 1.785002924418721501e-06 1.577948669761497026e-06 1.553688494410230578e-06 1.094118936080940256e-06 7.253674001706943786e-07 3.411317296739021226e-07 3.593738731868523332e-07 6.410154147575871607e-08 3.863811988217069940e-08
4.166240720704647060e-06 3.484416885799915250e-06 3.903461827613849540e-06 1.438783144468159497e-06 1.478872558048907175e-06 9.090662960884249827e-07 6.764181747614880839e-07 5.141485955666633149e-07 2.443490214874276340e-07 1.929689106490318259e-07 3.671014482278447259e-07
