1.877559870864235912e-06 1.599643506467629270e-06 1.279454909988444891e-06 1.639074448863823642e-06 8.044261161349487103e-07 5.314067370793983148e-07 4.488521462726394197e-07 3.480360259457408384e-07 8.454593812168501021e-07 3.603860943400670842e-07
2.043396686110334766e-06 1.436905624922095341e-06 1.153644299528931765e-06 1.100083280223282307e-06 1.136498500407585376e-06 6.527851945263537850e-07 4.328647371504780012e-07 5.227381516393251134e-07 1.208280435680937628e-06 1.807103334023662182e-07
2.450188876268610398e-06 1.855501140633574892e-06 1.592458116674892879e-06 1.197805547823536356e-06 9.042595090979906387e-07 6.920231767188247752e-07 7.585460781772526425e-07 2.278933378952739017e-07 1.062323631605600991e-07 5.758718327532305691e-07
2.124168502773621251e-06 1.659855958956810843e-06 1.333253636357370994e-06 1.061810205136864436e-06 8.525112688861094316e-07 7.459626165660836106e-07 3.872901680702517973e-07 5.018692784310827624e-07 1.297538575174580349e-07 1.659227081660626845e-07
1.997881288457536977e-06 1.721638486226213083e-06 1.234708055018954806e-06 9.293278376680962971e-07 7.161407838751189059e-07 5.006263315024348860e-07 3.499028036079499900e-07 2.462953102862856573e-07 1.455705559514663929e-07 1.777192437078421268e-07
6.934228318009892552e-06 3.504037457710331215e-06 1.072222921867835133e-06 7.443167636246446002e-07 5.947938009093841688e-07 4.180765130299433019e-07 3.030999149665361274e-07 4.181525081361508725e-07 1.176835052106578099e-07 4.028825024417243884e-07
3.437933796345275121e-06 2.176203784686322614e-06 1.492095293592407907e-06 1.304375568753966315e-06 1.921985640195306296e-06 6.920473167960108699e-07 5.342682268105014247e-07 4.626299052400831578e-07 2.041084688466651172e-07 8.364022905773846612e-07
1.887244007906344504e-06 1.666433708625173556e-06 1.394386107061433229e-06 1.112373258410686373e-06 8.120696407029017245e-07 5.660404284995292855e-07 3.860732728844755883e-07 2.320240457610593858e-07 2.578357516148510819e-07 1.573059158242096464e-07
1.579014319164026236e-06 1.217438338364671752e-06 1.010667755674086758e-06 7.374684678771445415e-07 6.356881319615867879e-07 5.478885934660786048e-07 4.154547020629872637e-07 2.181990986047162420e-07 1.597318748175524255e-07 1.287253319104972011e-07
2.977924658963367188e-06 1.895343507971282562e-06 1.436146391884733474e-06 8.717204959000718960e-07 7.188963946974088724e-07 5.413984161890234377e-07 8.607882891551032282e-07 1.852679113350614944e-07 2.839637084999044596e-07 3.561873977383110234e-07
3.446125983321309926e-06 1.415969828781189798e-06 1.049276829118184781e-06 1.009415545504538121e-06 9.231038556108659824e-07 7.368607216629007067e-07 6.675980758713449908e-07 2.870639315225935965e-07 2.855218857402038685e-07 1.561067056981653432e-07
2.317692875709367167e-06 1.520473584497914540e-06 1.293231981127512796e-06 9.395273080463793139e-07 7.071277423256281793e-07 5.660371829896015624e-07 4.925322421754653207e-07 2.181236278899124534e-07 1.114125132414099619e-07 4.302662752112264999e-08
1.716796107543961363e-06 1.397445323430449582e-06 1.297128471526036135e-06 1.108150320683102243e-06 7.998838227454988238e-07 5.979953736778400007e-07 4.866749066543114171e-07 2.125673794550402062e-07 1.721313265506866777e-07 1.363143818717468453e-07
1.895466712142857033e-06 1.852870020163866955e-06 2.815160234301706061e-06 2.274620110122650474e-06 9.614247825126858800e-07 7.725592832925225343e-07 3.066494977849344057e-07 5.461788779029924838e-07 4.184926332289915517e-07 2.702202952044512592e-07
2.727454860450027634e-06 1.502086919143743681e-06 1.302499184885565563e-06 1.107375983774809194e-06 8.453604933167351947e-07 1.194601239395758897e-06 5.571391982876454278e-07 2.448310927067018688e-07 2.619338420625389082e-07 2.091755815805155212e-07
2.253870869838594197e-06 1.431918493125571430e-06 9.801008058305981821e-07 8.546038519942599090e-07 5.811590400414419430e-07 8.847378244891960051e-07 5.130415429156848902e-07 8.245941001711462866e-07 1.240920153583965792e-07 1.612420976486241250e-07
1.606179423375923146e-06 1.080686389447073679e-06 9.192226911876190312e-07 7.275127425263049556e-07 7.822355816968586705e-07 5.101739376990661473e-07 4.409911442603652763e-07 4.669866351184607844e-07 1.084585960617201895e-07 6.101652958798839516e-07
1.595449338223897109e-06 1.091058445786643046e-06 9.847638054912339753e-07 1.289111411632306565e-06 1.148130066580592248e-06 1.409803600650924247e-06 1.165418090933802019e-06 1.996845729448474785e-07 1.010162307052906622e-07 3.273559944742714568e-08
1.585981231104753766e-06 1.275302522740864919e-06 9.946535215498038353e-07 8.917508824678997273e-07 6.410039150010957395e-07 2.292207869589098188e-06 4.889984203442785371e-07 1.981755443465856599e-07 8.084656117090818525e-08 7.201640658314120054e-08
1.344413767478512694e-06 1.092610488565432249e-06 9.183263734694797803e-07 8.573749822819601425e-07 6.171404704225374526e-07 4.535691300089488220e-07 2.991782687058937266e-07 2.556469215510419334e-07 1.073062679150389037e-07 4.751945177800692713e-08
2.281272301045883644e-06 1.556330198523335803e-06 1.700992075027821058e-06 1.078928491304272518e-06 7.390567050283241600e-07 7.722310397125136703e-07 5.249610374008828666e-07 1.547628737847312752e-07 1.669191958711461819e-07 4.966832602869918668e-08
4.619309933712626928e-06 1.691356406896597992e-06 1.003969562144064378e-06 7.865110914872330516e-07 5.320227131466782238e-07 4.031495514700504183e-07 4.975280918501464741e-07 3.260482106179534192e-07 2.878867086243878905e-07 3.063385696796076466e-07
1.703798449684415627e-06 1.686609626165283504e-06 9.146259037011374969e-07 6.948480908471964890e-07 5.938728975067776786e-07 4.881035487048719031e-07 3.097370155761896535e-07 1.823230427468271275e-07 2.871353915012846055e-07 9.567428397233574329e-08
3.413109164738576922e-06 1.730109906400476650e-06 1.091074892075026366e-06 1.390366469922813046e-06 1.140835903111834241e-06 1.527595429115857838e-06 4.620016500565376337e-07 2.313164534905377772e-07 1.349669977359158392e-07 1.044536205076483958e-06
2.494129847909474027e-06 1.846954118155675829e-06 1.244462762495644004e-06 1.477358426091105802e-06 1.164494608506911268e-06 6.432322021343036023e-07 4.589631921708405766e-07 2.625880048489636892e-07 2.099549261893418003e-07 1.592163716579298079e-07
2.542089281118347185e-06 2.194211231179562380e-06 4.554308761693630703e-06 2.182732898574196847e-06 7.480261659067806600e-07 8.531878648149169116e-07 2.937782627287670534e-07 2.958481997427451627e-07 2.705874321377282901e-07 6.590017992830238561e-08
6.351040390069583787e-06 3.145073615101592995e-06 1.415734520957387917e-06 7.042563361145944302e-07 5.006758532368286110e-07 4.417999402455923785e-07 6.938233492609138092e-07 3.604119993727933163e-07 4.223172840265864917e-07 6.222939990736101509e-08
1.683163937437916013e-06 1.302349167884709351e-06 1.097345467444187185e-06 8.617472482979256480e-07 7.163933782265036472e-07 7.151922047271696738e-07 2.786863427968755022e-07 1.671774248221752747e-07 1.717539387421203768e-07 2.400808772936050401e-07
3.046383620571338594e-06 2.945669929448186831e-06 2.261115734153197288e-06 3.695099423776869944e-06 2.270274846859172745e-06 5.614049585718867053e-07 3.913017759870320847e-07 1.889596493332717470e-07 3.902511201222062907e-07 4.261818847367170176e-08
3.390025845818333133e-06 2.471125415697701373e-06 2.459984857526596756e-06 1.172347831399135007e-06 7.397911580387211592e-07 4.333976851966728146e-07 4.536276637400097114e-07 1.674454843531871000e-07 1.239728907211759140e-07 8.283831449182568838e-08
4.537413202380319691e-06 1.855955912417870626e-06 1.386949874993407528e-06 9.473431734017692538e-07 7.208761382537237432e-07 6.721318299162489209e-07 2.848438672872380840e-07 1.560837620189505293e-07 1.944920133437688374e-07 1.119772470151826091e-07
1.578331913359627561e-06 1.175789904459386034e-06 1.244445845582158405e-06 9.934540083617640916e-07 7.408585128525750112e-07 1.183432767080534763e-06 7.683827742928380369e-07 6.687267192222014016e-07 2.314984247741775811e-07 6.878066828254266163e-07
1.570207117622252956e-06 1.070240447628793228e-06 8.739387832003030510e-07 6.845008366701035770e-07 5.272381451482744898e-07 4.214914582660943871e-07 3.940324847342902146e-07 2.091659754587508972e-07 1.873639276283563663e-07 5.172383819637983265e-08
1.685057595398022039e-06 1.191330293318269895e-06 8.540167881226589622e-07 1.347883624680138168e-06 1.392130607409628459e-06 6.320027825461636429e-07 3.082179202710306000e-07 2.869411859410795028e-07 1.209202132545273972e-07 8.248515018521912155e-08
1.838052943558729937e-06 1.676983345107876882e-06 1.383419831637444814e-06 8.191760182768218700e-07 5.457137195533625202e-07 6.791823183212969763e-07 1.041774554839996585e-06 6.111123200662572160e-07 3.564844810999735275e-07 5.520610584588028947e-08
2.610416400197296223e-06 1.756275382535312201e-06 1.152081498883823993e-06 7.873738697701372265e-07 5.705461019096820731e-07 4.252960449668001498e-07 2.914529338012182366e-07 5.302717472635476649e-07 1.577601142735240856e-07 9.736933386416824529e-08
1.863601235205672270e-06 1.522266108026765925e-06 1.349807891453915971e-06 6.669200702601371405e-07 5.910511531327162875e-07 3.345688332572356602e-07 5.361793431935522959e-07 5.970731084383990910e-07 1.530196586921873107e-07 4.357505892106460165e-07
2.744490353681055773e-06 3.546061101093621335e-06 2.673781430151134292e-06 2.472442591843960605e-06 1.428922303174197940e-06 4.128995987720606539e-07 2.170177993170877932e-07 2.006370143512869531e-07 1.442276384481001722e-07 8.242515870418310648e-08
2.440252385052804166e-06 3.790103729268101398e-06 1.594929358913835209e-06 1.078593781053019104e-06 1.238474808623458358e-06 2.589335244967498267e-06 4.813862710324341857e-07 2.010303831035382706e-07 5.234059613871623218e-08 1.836183808050684722e-07
1.577125455697507722e-06 1.282561090316628858e-06 8.833965419221739101e-07 7.007906571216525840e-07 1.749682574146593717e-06 4.036808156150578512e-07 1.272056480073414423e-06 3.737578850904048163e-07 8.666997755719305985e-08 5.893718656682432362e-08
