6.436541257916860825e-06 4.714535849255217220e-06 3.996061243053897414e-06 8.907906966998057382e-07 6.852675707073755520e-07 4.900462191953904036e-07 1.571693148229469535e-06 4.150052258420799734e-07 3.480464094854814798e-07 8.865624565104011771e-07 4.946693561573518432e-07
3.663588968823939613e-06 2.575701857235680170e-06 1.941599358853683184e-06 1.105590988215395581e-06 1.565451587555159494e-06 6.001459103587263648e-07 3.794989543413853476e-07 5.280473167795532982e-07 3.994423738918586860e-07 1.646222702706432295e-07 5.036773427830834561e-07
6.791362081316354827e-06 5.194946450613398133e-06 1.475475946959297515e-06 9.310620265903566239e-07 1.500616732936036844e-06 6.782335268828304503e-07 1.815209114830403813e-06 2.732076773681866801e-07 2.093074141092039633e-07 3.827760213145799461e-07 1.348732895397062682e-06
1.702673183179306755e-06 1.199966970626131822e-06 6.605959001584964107e-07 6.243710129736564222e-07 5.180884885727209271e-07 3.997201204439265204e-07 4.846275233592932515e-07 3.629888206391660899e-07 2.193547637644406522e-07 3.458825336622482639e-07 1.641334812295318758e-07
3.794116557464149115e-06 3.509973018529649721e-06 1.781051559503019536e-06 1.067333146847564559e-06 7.986417093293197019e-07 5.809214668375410570e-07 5.949797980944292511e-07 3.606215058685479704e-07 2.211055416080779886e-07 2.356047521181107223e-07 4.507078451737321834e-07
7.241553881821063909e-06 5.640898704682374001e-06 3.354137920480023857e-06 1.970764221899444340e-06 3.904742981889776795e-06 1.777640421097027538e-06 4.029483068193054703e-07 3.025155725535571172e-07 2.438223482296443595e-07 2.000168632667890571e-07 5.762113341752068108e-08
8.505830284401315003e-06 4.333652423084079461e-06 3.253982776438116234e-06 9.280518971412970082e-07 7.896034924868125900e-07 5.032982843877774364e-07 3.484788821288207695e-07 3.918296361905248531e-07 1.479255467330988600e-06 4.659377814201020832e-07 1.760219266284673539e-07
4.519506801444196880e-06 5.383706200053291347e-06 2.375573907566097603e-06 1.149884051911841398e-06 7.581448016629182491e-07 1.695063758366264577e-06 5.821873033320863720e-07 9.278254782433482497e-07 4.453611874514216864e-07 1.024278047239958048e-06 1.895918424206266657e-07
6.224477480040652413e-06 3.931336405349515208e-06 2.915985876439047798e-06 2.289940257102287390e-06 1.195515284451504976e-06 5.041227179168224266e-07 4.415709186076495755e-07 2.730531665793875526e-07 5.121135158274707643e-07 1.043850620934148743e-07 3.533946509682776105e-07
3.899283211079038617e-06 3.478691135679101007e-06 2.393812864062671047e-06 1.475118466399973971e-06 8.925192029930131642e-07 1.265298805853338883e-06 8.171348200447314658e-07 1.220232381991274846e-06 2.906782485779852171e-07 1.298210444982046451e-07 6.515675375174970452e-08
4.250671639026933055e-06 2.882671246150469088e-06 2.403493708610790364e-06 1.484177408405481779e-06 8.746062816877962360e-07 1.165687481110469533e-06 4.427442568172684075e-07 4.932299435009308200e-07 6.765025374141736944e-07 8.772019663572752989e-07 7.689827374643882717e-08
4.559254391299764913e-06 3.685001737150117244e-06 2.305192340551747232e-06 1.591560623707534379e-06 9.617148394206788911e-07 6.033248197223196703e-07 4.040992319575265309e-07 2.662961232661304072e-07 1.852113402446228695e-07 1.352517442560670565e-07 8.136341560474987508e-08
5.572774294052297889e-06 4.249049522546030645e-06 2.173049712250272938e-06 1.577251211374385245e-06 1.481527266979480036e-06 5.884646361141504997e-07 4.091904690323155582e-07 5.284716948229498127e-07 1.467212858741938881e-07 1.163659619246277847e-07 8.860546702446881476e-08
5.461180057419864370e-06 3.767885070550589001e-06 2.329045142043654510e-06 1.805605260169989922e-06 1.306345456084141740e-06 7.464436582856020799e-07 4.378111690940679649e-07 3.291212880286320284e-07 2.813854552806646161e-07 8.983520183294856079e-08 1.064203599023882590e-07
4.829486809145067939e-06 2.810765783794455830e-06 1.505128478596998102e-06 1.232267492605782999e-06 9.369040594637688412e-07 5.095114750346639413e-07 5.331954422665046426e-07 8.341051124838394068e-07 7.292646929062205194e-07 6.240123281459140395e-07 1.279833913304606970e-07
2.934632942364935350e-06 2.377960561301012127e-06 1.524128861038216142e-06 7.736629342279111645e-07 6.209490236972349732e-07 4.988505598520340545e-07 7.125465419238690104e-07 3.112212757805514716e-07 3.584343357220138650e-07 1.256909563552236576e-07 5.134734921229417562e-08
2.196850437119358144e-06 1.372687803966651697e-06 1.003565523268000793e-06 7.420763416035432680e-07 5.728152585334379713e-07 4.785018048878147606e-07 4.156002328504128572e-07 3.145810064506542429e-07 1.692632826927360381e-07 1.942415029165643400e-07 2.927395768747680981e-07
3.877857809778918280e-06 2.335511818277468734e-06 1.303154652317157412e-06 1.012419465502335669e-06 4.063698544050912144e-06 1.218905317023001398e-06 8.214222752053965959e-07 9.903148137965547804e-07 1.493179238211144002e-07 1.298689962567723421e-07 6.403915484145400249e-08
1.069451359842562457e-06 9.154918775627473358e-07 9.163862354059563852e-07 8.603883791296173621e-07 8.918598645834716344e-07 1.750012091791533760e-06 6.351044078988983243e-07 3.084770813058636695e-07 3.869263190599219420e-07 6.401803761696189762e-08 3.725318634397599281e-08
6.461752718153381065e-06 4.237008961920205632e-06 3.662636088312000698e-06 4.409831898986044598e-06 1.508738767650424288e-06 6.847207182112555924e-07 3.532688443771258307e-07 2.779233747517434348e-07 5.170628423863002664e-07 1.026773105612163167e-07 3.955996723773455118e-08
1.119253033270575368e-06 1.275914460559777685e-06 7.479806986194670068e-07 5.522794025097222137e-07 5.258693057052046422e-07 5.981235658780926659e-07 3.599039069064057426e-07 2.776543445263805615e-07 2.153001880048198252e-07 1.168711751660487003e-07 6.016750121378447488e-08
1.850484485510813437e-06 2.002222951286429276e-06 2.490896712012526858e-06 1.390125276380582147e-05 1.383859965891304749e-06 7.609498406655802224e-07 1.820760465589997040e-06 1.513453034447707189e-06 1.909183370135029700e-07 4.937418156230256534e-07 6.476540915919028876e-07
2.285498752948571548e-06 2.027313794771546971e-06 1.271487636132068172e-06 8.785746082428167626e-07 8.316988641007149948e-07 7.125735442487322033e-07 3.933857644024556252e-07 2.874489675416822894e-07 3.248768714106016696e-07 1.179626128757690207e-07 2.078125213333358591e-07
5.186580264710195632e-06 3.239234495002253666e-06 1.613872615454562132e-06 6.900031589469500973e-07 6.016861613011767327e-07 5.178567383891055802e-07 6.094851509136187062e-07 3.747181311462294977e-07 1.924646039539073152e-07 1.995069276899204199e-07 1.550743808321632622e-07
7.749222062221290796e-06 5.390990788612257193e-06 2.224801992043901602e-06 1.555937456145808177e-06 9.996717607138605042e-07 7.680199933787827500e-07 6.982014614246454074e-07 3.419126316358882640e-07 1.881807668664172508e-07 9.654635271051167360e-08 8.613489888881152118e-08
5.879504803552411117e-06 5.089455741553486482e-06 3.471943444157707157e-06 2.045864652370897799e-06 1.218300118841829890e-06 6.904562977044206213e-07 6.298497467354967311e-07 2.714790535885274375e-07 1.595558694063466434e-07 4.563087588159469263e-07 2.777598947271805973e-07
2.298195046545705954e-06 8.493354124457524522e-07 7.442225906480625800e-07 8.296704922832986149e-07 1.454773895939892207e-06 1.062366363409220296e-06 2.439794629419006256e-06 7.129476684955892359e-07 2.660201277059087150e-07 3.654430818746789129e-07 1.411615456460704043e-07
2.885889795219534542e-06 2.729521780142904726e-06 7.745781608757580983e-06 3.317673493752849554e-06 8.530914666204519468e-07 7.571272761757735998e-07 5.359271107934622498e-07 2.455188135919712253e-06 2.127014212066500046e-07 5.374183676423926158e-08 1.640732517727510696e-07
5.883944510897298847e-06 3.632058047163009680e-06 4.891577569726415608e-06 1.747368436730297672e-06 1.001564258043369798e-06 1.172283798309712170e-06 5.187690258333574839e-07 1.296029540921668373e-06 2.177976794882894299e-07 2.274563989488839573e-07 2.080995716828638764e-07
4.954992024924179720e-06 2.773783531120601501e-06 1.977276759297995697e-06 1.281921986357300823e-06 1.281038956092305587e-06 7.543135479884457712e-07 4.211431922587977975e-07 8.505916061889262496e-07 7.199423388523021647e-07 3.432042211980781931e-07 3.162477078310618597e-07
4.592597488717076994e-06 2.316997696898993881e-06 2.318278504879648219e-06 1.214544945601044693e-06 7.959799312398555099e-07 5.741855464876129636e-07 6.044865278675799911e-07 4.351119275002699261e-07 4.056516140445174190e-07 3.378803020789060315e-07 1.234720848479127403e-06
6.547700613729824347e-06 4.519112168352467934e-06 2.142912480960173056e-06 1.192948408729793946e-06 1.017839900108888966e-06 1.072214391630265659e-06 1.498027425806169488e-06 4.269804164848252505e-07 5.792145169532756877e-07 8.503252380649626648e-07 3.181746091931346687e-07
4.021002102402846668e-06 2.974335040034539989e-06 1.308972179152756957e-06 1.604947000587464470e-06 1.286033893213520140e-06 6.775255063413890685e-07 4.197952719396253861e-07 6.299315751517384077e-07 8.122119617874351910e-07 3.250538796044401747e-07 8.184742343170354349e-07
3.905654102378801062e-06 2.418760061228758503e-06 2.015675737970904318e-06 1.904500529191789277e-06 4.186215161096890494e-06 9.128796888463358249e-07 7.135852977950555768e-07 9.730376492025981362e-07 2.321237811893168343e-07 2.410337350723446385e-07 7.878714446655864963e-07
2.027137727641545923e-06 1.828110588889670672e-06 1.621756275659010028e-06 1.018143865901776503e-06 3.156158400994821806e-06 6.498182383011063349e-07 3.626308126882957894e-07 2.393180269377447638e-07 6.593311713160030858e-07 2.874819085561278097e-07 6.147688276336563731e-08
7.408896293604211804e-06 3.268504364599704277e-06 1.640796355663267708e-06 2.439971469507137775e-06 8.345592974774279074e-06 1.385064058845456770e-06 7.413609640172346510e-07 3.926924443138068367e-07 2.282854660929080318e-07 4.344425989298093136e-07 3.634094750231234678e-07
9.935560070067184536e-06 6.376502914073816425e-06 4.043501236634379556e-06 2.177923783653489646e-06 1.587679071131075865e-06 6.878013750552821508e-07 4.079045536551108376e-07 2.889460874925251445e-07 1.740468451916691997e-07 3.180800898890191052e-07 2.350707627870933337e-07
1.681394337481441040e-06 1.667809455148079397e-06 1.342184719157638745e-06 1.062646518668604793e-06 8.670166312629902823e-07 1.224564650936882796e-06 1.419050364566317164e-06 2.692632050733129743e-07 1.249095584797021373e-07 6.773302165094305824e-08 4.318235347968343268e-08
1.240306535151824830e-06 1.028150815539764913e-06 9.763500068197436629e-07 7.520079606054975122e-07 5.676004951771701454e-07 4.672388755494258987e-07 3.533789669048768932e-07 2.549067830195429835e-07 2.393591684307201117e-07 9.214052882797192605e-08 8.910983960075627703e-07
5.020779052291182074e-06 4.741706764455568446e-06 2.893531558971332316e-06 1.266455451762189828e-06 1.366173598604589128e-06 8.222077227265348842e-07 3.880485263237254415e-07 9.037572746426591954e-07 5.684076102912480485e-07 9.340640218687492993e-07 1.027888621409588977e-06
3.799948666382076619e-06 3.108422413288614673e-06 2.152239432049097641e-06 4.294483488071595835e-06 8.978781694895259820e-07 1.278968203676300027e-06 1.156894072129749969e-06 9.161505845922683154e-07 1.300655952493013920e-07 5.463340683976059431e-08 2.720259596715527083e-08
4.101358453922931526e-06 3.341044106223072880e-06 3.820882501789834578e-06 8.855224297864811199e-06 9.309010967004542230e-07 5.000350565268781921e-07 3.951440275436293717e-07 3.461192504493910645e-07 1.817111423730591087e-07 1.203177068230046058e-07 5.863013487187356414e-08
5.004611569459572389e-06 1.668619011874359747e-06 1.586254995935752734e-06 2.040823934159712942e-06 9.674014047785347208e-07 9.087387114709441835e-07 7.089671606815394346e-07 2.032827736009294882e-07 5.236062458815735205e-07 1.624441457683969679e-07 4.253682378115357689e-07
2.533513960271523397e-06 1.143208894055063272e-06 7.723199940390711959e-07 5.764305455524490221e-07 4.780733188868647883e-07 4.147615463910126292e-07 4.170995636100355099e-07 8.689561789602987484e-07 5.453313097068878096e-07 1.704504431618443983e-07 9.471439848491174910e-08
1.220163815838604027e-06 9.320947937265551098e-07 9.541569038222775137e-07 7.779764604152164561e-07 4.750235597141332338e-07 4.314065338288783244e-07 3.122826105506879681e-07 2.409320115215229667e-07 1.587451648848146888e-07 3.219229300776541287e-07 1.286992893446232386e-07
8.079729417431682928e-06 4.067259544016673631e-06 4.751332685924561471e-06 6.876468484586112666e-06 1.516392980050289774e-06 1.653658638646008559e-06 1.027706672035472238e-06 3.729250147861541585e-07 9.944189442872274572e-08 9.218150023486447235e-08 1.412177931864523379e-07
9.396650426240396760e-07 7.788632391164849480e-07 6.925581874548958581e-07 5.725135929487945222e-07 5.972684589681029850e-07 4.955761279061917144e-07 1.276806666651448208e-06 7.367896643973990274e-07 7.653075117790033233e-07 5.391161020910054524e-07 5.944241108842624853e-08
2.027599019103413630e-06 1.272257216869697959e-06 1.041779230583130053e-06 8.848642096250501414e-07 5.607370621909114460e-07 4.280063218049270198e-07 3.817294477714855195e-07 6.392882563309672474e-07 3.626784069945907492e-07 1.305805041730885859e-07 5.279882526353358461e-08
7.020094388363847555e-06 1.136644593470088599e-05 1.424734116837793487e-06 1.573242672081019366e-06 6.480056242795865690e-07 5.096518885771621429e-07 3.451319815401445529e-07 3.115610341891416207e-07 2.079891825045581729e-07 1.601568780690266507e-07 4.182213423735464463e-08
3.190461791573696879e-06 1.824195670036010341e-06 2.377290544644046255e-06 8.607456480114742960e-07 1.092787880285080816e-06 3.795552411477250743e-07 3.440158017035929412e-07 3.307968591453215373e-07 3.995126663551801234e-07 1.376118355906475633e-06 2.333699587358827274e-07
5.892045969859181807e-06 5.835914781483790957e-06 5.025273025139290188e-06 2.045786376583516431e-06 7.667267105712299281e-07 5.257344797109425244e-07 4.091989622822033512e-07 4.251492958339498374e-07 3.012559666077439859e-07 1.359723309314780301e-07 2.677361487479715344e-07
4.789839379656959692e-06 1.286888727469510143e-06 8.267365910973897558e-07 9.340860589043479768e-07 9.114438841295779569e-07 3.307309923958906702e-06 3.929020427984706162e-07 2.259462922798544224e-07 1.237379101593941145e-07 8.369993716763026690e-08 3.404054797273714120e-07
1.742968947956989459e-06 1.783760612233418804e-06 1.733627922770615831e-06 1.615254283134149571e-06 2.300878515666933368e-06 7.328042603876147625e-07 7.762321361318296427e-07 2.395811695644266354e-07 2.038668208772563440e-07 1.203160687939601776e-07 1.270161194487030633e-07
3.537277116150809129e-06 1.768388714209218847e-06 1.363545252970540713e-06 7.213719916940262156e-07 9.011701885712888979e-07 4.647776863003390171e-07 3.902306216572177313e-07 2.696995367218973792e-07 2.310295085522971793e-07 1.864206545629381375e-07 1.139625386275717178e-07
7.258017195423231467e-06 1.311837607616501735e-06 1.629180399802664461e-06 1.018176886668387196e-06 5.742065784246814408e-07 4.904397801396823891e-07 3.969982640881826121e-07 2.830144018729371945e-07 3.885758180832711470e-07 1.090393518485886330e-07 2.740742681954789409e-07
3.270007918109685852e-06 2.319522709770620928e-06 1.247464719948329982e-06 8.335205350165217982e-07 1.130294220131921782e-06 2.367868207679432438e-06 3.413991720151443011e-07 2.284455714462630787e-07 3.172451312254555851e-07 1.006821362946497991e-07 3.044267534939733434e-08
1.665152126219927381e-06 1.372633216040093665e-06 9.938166724866812418e-07 6.719105272016834601e-07 5.789931793645033865e-07 4.072422396975079761e-07 2.825219772816301331e-07 2.596159095501447503e-07 2.135766968133110201e-07 1.652577562243106545e-07 2.720220561604470093e-07
2.496672820883400983e-06 1.656426433355426878e-06 1.165756383854395979e-06 7.187420891533717231e-07 8.502995908310589967e-07 5.807191584885652598e-07 5.216120688925096773e-07 5.612942090861181446e-07 3.810711022032688864e-07 9.921181993411220295e-08 3.198262997402108635e-08
2.255947248507809114e-06 2.068515333315213790e-06 1.437111436712900148e-06 1.332739101214734104e-06 7.118947881571511427e-07 4.954909450684282303e-07 3.638522957816783527e-07 2.716334435021606771e-07 1.911468299129215220e-07 8.489437820340282631e-08 5.860074296171993140e-08
7.966644330044103911e-06 4.403395358603458829e-06 2.719527461146690809e-06 7.452645499667210604e-07 5.766852657474253009e-07 4.737678085026812078e-07 3.485979678837670938e-07 1.155317747553694934e-06 2.808499805345942672e-07 2.200845424127681629e-07 1.302502283898194366e-07
4.028965419930439339e-06 7.252304358889376055e-07 6.926655052217939571e-07 5.165142875710092595e-07 3.844592055564978580e-07 6.925328549895481444e-07 3.148358151518283710e-07 4.679663496311055796e-07 1.076507020410961578e-06 2.393231990864688412e-07 1.244134748468511157e-07
2.595189399247098070e-06 2.123675792708960599e-06 1.601073258496622394e-06 1.249159227949843317e-06 1.688851013562847154e-06 6.850979816186462843e-07 4.925101976411471709e-07 4.837051633666462695e-07 1.507833593648474376e-07 1.639388616430341097e-07 7.741864723928179479e-08
3.221457973413996566e-06 1.895189356358105425e-06 1.175345461699637196e-06 7.908012942336154417e-07 6.400556525338200478e-07 8.012114763963101656e-07 8.634795666249672335e-07 2.051515644286425214e-06 9.145129938856329855e-07 3.432455618703985605e-07 1.933182962000797695e-07
3.916589121530727698e-06 3.262731318502645455e-06 2.509239224804064268e-06 1.101887261431009373e-06 2.359691650967107099e-06 9.302259698927124559e-07 5.956086508299958300e-07 2.676793018456880485e-07 3.135495358408529478e-07 9.836699864383885146e-08 8.744673943567335814e-07
5.216438864457137003e-06 4.465334874048762338e-06 2.923942940048959338e-06 1.782125318231866581e-06 2.808703526941885156e-06 1.209792017566161474e-06 3.965943121942486408e-07 2.415127285628718092e-07 2.340780383540718345e-07 2.348991218981542511e-07 2.650062495530435483e-07
5.395981360466687862e-06 2.901145693483316260e-06 7.437733285751820616e-07 8.018067846059754554e-07 6.142909017551757343e-07 4.624948336657468427e-07 4.525020027193030969e-07 2.380922747711518449e-07 2.068358740491354875e-07 1.220836667130516605e-07 1.335202907711203328e-07
8.362423779048811694e-06 5.220983648653110307e-06 3.150176255365800366e-06 2.096655993196811605e-06 1.136656624951781116e-06 6.133296996803783350e-07 8.011650681329291912e-07 5.405150184894325830e-07 2.167968743189125089e-07 1.370895619136697846e-07 3.060351333725391786e-08
2.796796622036576450e-06 2.385193690127483783e-06 2.882220918443565298e-06 3.671335921920757079e-06 1.818037735152374857e-06 1.166992408279170621e-06 7.458128769545841447e-07 2.628672630688665795e-07 1.769839254931254404e-07 2.922099032491355901e-07 3.295675388834997489e-07
3.227342650934969708e-06 1.514124199954144545e-06 1.011557533203807123e-06 7.537728724638629241e-07 4.759113346344081954e-07 3.680147846149315342e-07 2.939534482697286645e-07 6.745145420841537637e-07 1.718434111583258046e-07 4.083003703384436497e-07 1.016081131003866841e-07
8.058208394147661714e-07 1.140320946815623351e-06 8.210366598382590753e-06 2.549959745480638390e-06 2.845060116783280414e-06 1.003566456828909289e-06 7.352518849947873904e-07 4.667692202137745653e-07 1.714091564570305828e-07 6.655824809792658329e-08 2.322213831543364555e-07
3.428306489317877483e-06 2.428744132950737026e-06 2.665153684217951777e-06 2.260104827417069714e-06 1.681288333705920041e-06 5.105182469553772871e-07 7.126770809796466973e-07 8.014169980617859729e-07 1.782978754054250900e-07 4.403375511838344138e-07 7.567100911892193951e-08
2.346852740100796511e-06 1.527426945246225485e-06 1.334672663428641815e-06 2.468921285829927763e-06 8.795736319838374206e-07 3.348931636719927306e-07 2.397223433072282808e-07 2.050591599224938729e-07 1.135998291416919228e-07 9.264188667936609736e-08 1.545138849351957156e-07
1.076409244860845650e-05 2.691563751510924447e-06 6.781405158775142997e-07 5.278296137484131209e-07 4.631474032723377858e-07 4.402286720301783733e-07 3.231227592005380681e-07 3.855097774837167471e-07 2.021330628602259229e-07 4.943490208779789997e-07 6.001673494798181966e-08
7.417589860379815495e-06 6.063137792264503295e-06 5.526005467137057279e-06 1.342707601284427328e-06 6.449646039394724001e-07 5.677953727539819667e-07 2.973903316419764097e-07 7.423790388721853380e-07 1.417723549026885383e-07 1.286499493102161861e-07 4.316364272768640893e-08
3.169107455464018108e-06 1.193411403405579797e-05 1.823181219628243198e-06 6.123437432785903156e-07 4.747399746671008481e-07 3.724429972320307901e-07 2.690736044746799742e-07 2.169713639411987491e-07 1.397070007222576040e-07 1.379780804117867800e-07 4.062068275696149003e-07
1.352323867095771078e-06 1.128630479248073298e-06 1.704942084454695076e-06 5.089723229508979594e-06 9.508137105189689739e-07 3.421437574898503650e-07 2.212750954264201571e-07 4.461358900190778456e-07 6.682397644737813653e-07 2.678754464438402200e-07 1.536739624278979083e-07
7.607626455107063854e-06 2.249053823741381346e-06 1.018323865541568852e-06 8.519068375538364869e-07 5.657479556880606790e-07 4.653933141972485802e-07 2.912641668272500163e-07 2.485624312792067037e-07 2.202739214378558503e-07 7.061965740887950698e-07 1.704434198382755506e-07
2.955459838931502584e-06 1.425906296343643330e-06 1.337711713193981079e-06 9.586958558796845064e-07 7.225153182257246954e-07 5.938202881357164284e-07 1.387472717671110641e-06 1.174908449618141367e-06 1.996076732996661762e-07 1.654476552689703951e-07 1.832038409008861961e-07
4.251219019634350295e-06 3.246282013634827502e-06 1.719322723898835733e-06 2.046790610892068063e-06 9.185168014802218732e-07 7.035287341317427010e-07 2.317515650731168699e-07 1.695646095240628921e-07 2.518794568907484648e-07 3.121912864969326288e-07 7.031987758793311343e-08
3.604987922565817819e-06 3.431320223019540056e-06 2.395293981767930915e-06 1.493632764873749249e-06 1.557104546792045964e-06 6.929153296107759601e-07 5.493110255261602960e-07 3.658576029729037423e-07 1.668638820217562794e-07 1.360157636912043281e-07 1.106399626389605722e-07
1.853457858383532429e-06 1.506789651225301618e-06 1.317632865156803577e-06 8.714918588212162768e-07 3.763861181310015307e-07 2.869315614514138085e-07 2.528594116565268563e-07 3.214519168716198505e-07 2.252796144949480779e-07 5.050751047196959909e-07 6.470992314355911472e-08
2.762937958371684510e-06 2.530904019434661791e-06 1.819697809271884992e-06 8.116965014958949182e-07 5.778857476664085440e-07 6.568446151783174384e-07 1.044878518780112203e-06 8.222194810012186521e-07 1.590024256512436536e-07 1.030145245539211466e-07 6.421105464609487050e-08
4.159293128573894244e-06 3.347069864820138437e-06 3.731108037853848581e-06 2.200487647866852374e-06 8.211170036167458822e-07 5.130567597318477547e-07 3.651008486413450375e-07 7.319260273481433569e-07 3.205344994802210814e-07 8.468552389355571398e-08 6.983070157749042625e-08
2.552982858728255025e-06 1.532233382588154151e-06 1.635361225919478085e-06 1.347595812908017703e-06 1.026663438271159374e-06 2.057351193524154863e-06 3.587154673222019029e-07 2.257447711185786608e-07 1.734501812946088351e-07 6.779604417859602593e-07 3.862569700102995627e-08
4.628645703674103881e-06 2.814669155663860321e-06 2.663530011423475514e-06 1.155283708872740354e-06 2.318536466005421275e-06 5.774554861057097856e-07 7.925044963035962354e-07 1.919443302190228884e-07 3.083724748254925576e-07 1.562611319165191338e-07 3.021304669751398538e-08
4.823217813850664145e-06 3.074934167908336052e-06 3.352123900659387556e-06 2.568572933012720982e-06 1.042353886042362210e-06 6.735204256263930059e-07 6.989804082087614084e-07 2.344574675868712174e-07 1.362277871445520377e-07 2.914039415041090953e-07 3.219661558625861454e-08
1.693473876931019719e-06 1.499038177198107943e-06 9.872116369590673638e-07 6.976671608243198591e-07 4.465788396175897641e-07 3.759641075963654134e-07 5.258566945047706999e-07 2.002300777914134569e-07 3.353832912512312457e-07 1.228142523851019857e-07 4.532651288628597880e-08
1.508707534727211100e-06 1.405229734301830217e-06 1.041481815952004575e-06 8.706707204217468811e-07 8.253128658397129282e-07 5.508179050645758088e-07 2.621254516082803367e-06 1.680516034761004022e-06 1.059590674333521801e-06 1.873515808936577774e-07 4.334804596120597726e-07
7.988311044267999600e-06 6.390421151344899121e-06 3.920560199147661913e-06 6.005405597424022155e-06 1.081107731559344241e-06 5.787020860587187694e-07 4.614625714719171669e-07 2.205475449409938994e-07 1.277035670783826629e-07 1.301495524880368528e-07 8.680346093488289081e-08
1.993001667764724669e-06 2.074224576946252035e-06 1.807312868727651624e-06 1.086875025824032887e-06 2.468963629265835874e-06 7.875084899954482209e-07 6.801424954705130897e-07 7.677232412490859192e-07 3.426621380115240941e-07 1.068101492376409029e-07 2.473904631107598074e-07
1.583468906121899720e-06 1.349731354715423924e-06 1.236496218654052776e-06 7.332221516844034862e-07 1.002278857437691340e-06 5.951784397453615330e-07 3.878651935339788059e-07 2.564559288849594899e-07 2.433165909864882425e-07 1.114894587566789836e-07 3.864714061158073080e-08
7.327551318093488465e-06 3.870855180697511422e-06 4.253998790601934971e-06 1.084179054023717949e-06 1.888838972427285288e-06 7.220004690917016694e-06 7.220815877163218446e-07 2.926052780184864357e-07 3.730043052722003547e-07 5.713350258303349087e-08 2.823199927816916878e-07
1.854707745547300640e-06 1.726781846202011992e-06 1.433536813114564532e-06 1.829574187928638522e-06 2.495133290664689094e-06 7.216756007467703918e-06 1.084681788145426633e-06 2.864212842556871576e-07 2.279946130774605511e-07 6.296925840736274644e-07 8.364330351543240338e-08
6.407882628762097745e-06 3.762220717328336899e-06 1.109752117550008348e-06 7.750837621010344779e-07 4.850537360602695892e-07 4.208525411102708974e-07 4.643496136824257239e-07 2.132427128278324970e-07 1.587975600322529059e-07 2.335174779581227434e-07 1.361781035055062652e-07
9.071789197381407711e-06 1.022032375019260785e-05 6.239344288457721631e-06 2.020857556278441521e-06 5.906519564618828440e-07 3.799113966076613307e-07 2.951475938262623192e-07 1.976630375371202576e-07 1.290929387062629437e-07 8.809968122355531033e-08 1.654819372281727118e-07
2.643362895796275921e-06 1.517301585568604105e-06 1.359328364512366449e-06 7.470628020344025282e-07 5.288494107470243012e-07 7.261730825805686706e-07 2.573627317169285046e-07 3.277214598861619230e-07 7.184127016834885566e-07 8.373177034731095531e-08 1.308909482543100492e-07
2.217478068289058048e-06 1.422112926000752159e-06 9.532162718362534811e-06 2.049450092738870481e-06 5.336716824787950618e-07 3.407666604372964366e-07 2.834039636435049450e-07 3.182268697496792511e-07 1.697317058388509161e-07 1.298551464907029622e-07 6.085104418407772374e-07
5.996859912005168997e-06 2.526977664295686480e-06 4.353327225403342979e-06 4.027633099371951741e-06 9.230367885544547779e-07 6.060856268197387514e-07 1.037807318842209424e-06 2.479381327784069660e-06 2.199192204584180190e-07 6.166424679847271496e-08 4.381941196028966587e-07
7.762950698216719022e-06 5.664001170335304038e-06 2.868450729335949398e-06 8.317760306833037013e-07 8.308797156117414464e-07 5.702365861532575951e-07 2.111729310353721656e-06 1.987123591370461372e-07 1.247323043966791867e-07 1.278389634446635864e-07 2.837060709607353433e-07
8.683216203033367750e-06 3.340174567781024491e-06 7.885820500173418973e-07 6.974733525990403295e-07 6.967172726302027947e-07 4.342120920195429958e-07 4.149109798679868536e-07 1.102538646857749009e-06 4.301298501718260194e-07 6.604491434103227206e-08 5.438924463218661811e-07
1.174276874721058071e-06 1.349299938085004976e-06 1.092277863405933513e-06 9.167365616293526871e-07 7.722553003123158230e-07 6.421666365029184658e-07 2.336650324826496011e-06 5.723446545835480988e-07 1.885171124816907784e-07 1.552704813032328034e-07 3.263334326890601313e-08
5.165121678444832028e-06 3.896703536586810464e-06 3.072513183924132302e-06 2.445668023677117169e-06 1.536686456412382689e-06 1.552358084837038961e-06 9.834204522598149151e-07 2.124540711824878194e-07 1.405650662578953700e-07 4.363697632421978842e-08 6.329866197203961977e-07
1.803330239586699762e-06 8.718908338761775096e-07 7.530651459400125185e-07 7.486718446110295160e-07 7.242481725447434351e-07 4.882002078399116771e-07 9.362874401292755510e-07 2.454629336824720489e-07 2.136748856473538691e-07 1.506157414361399019e-07 6.379094670195873704e-08
9.852705879873331163e-06 8.890395259059619574e-06 3.190163295156799683e-06 1.593099243540349791e-06 1.144018265255877274e-06 8.743787432307636625e-07 6.842853448532907669e-07 2.207424724521542048e-07 2.419043222810424318e-07 1.280461591536395757e-07 5.731867171436385387e-08
2.197542957493620311e-06 1.540755833822381230e-06 1.156764957779117341e-06 1.121713376260407595e-06 1.053936247833910783e-06 4.370889480738098163e-07 2.761461761766168976e-07 7.662174918729947113e-07 6.999788021534720407e-07 1.449754961532416130e-07 3.859115307929074466e-08
1.915688955509890956e-06 1.373469347555545342e-06 1.873858314661504301e-06 1.346819294782723313e-06 1.683075762380591159e-06 4.871820264039024624e-07 2.529020561109011652e-07 5.490869355388547277e-07 1.156014517046866505e-07 5.713189318594760167e-08 3.393409597537839548e-08
2.442644138004036896e-06 8.850622799781340275e-07 7.327011111406320298e-07 4.558842862044000215e-07 4.011912801731725432e-07 3.830311924886796634e-07 4.069773488716270489e-07 2.028254737040573723e-07 2.235612435358084592e-06 1.098276768906406371e-07 1.214674049429281096e-07
7.261520141895113884e-06 3.623941952543457475e-06 1.867314405573655976e-06 1.257198181821617592e-06 4.821027143955748757e-07 4.048931668657468875e-07 3.455956336173462641e-07 1.877844330521801594e-07 1.206505788537378391e-07 1.543768128402393058e-07 4.304835193935833293e-08
4.151386114754276061e-06 3.216589818388794853e-06 1.507845268311314975e-06 9.276298138561597923e-07 1.068291830667074670e-06 4.031092013602705628e-07 3.279679853762985567e-07 2.012094950717314162e-07 1.697821106462643871e-07 1.246435824547868985e-07 8.274922279510974154e-08
2.983238452394636694e-06 1.248436031487758764e-06 6.660210326183595839e-07 5.974944633408277693e-07 5.753522936761894524e-07 4.985822241326809111e-07 3.085679728527672197e-07 4.370362827780673797e-07 1.416390619179603875e-07 8.890741891554693852e-08 2.796158167183279600e-07
1.493547779700243799e-06 1.362197376349498783e-06 7.764101216557768957e-07 3.550543348300498223e-07 3.010382187303010029e-07 4.684630326756430180e-07 1.132063152249472047e-06 1.068810419235031563e-06 1.448219316130614692e-07 3.399616243457154879e-07 3.419914231274615650e-08
3.964454882480506049e-06 3.414508088995765362e-06 2.486459348418983321e-06 2.394574677827221541e-06 9.052435646731030789e-07 4.360819580166038906e-07 2.729556211619520068e-06 5.886643359937328934e-07 1.713500045326839563e-07 1.670450221821484250e-07 4.390764630287627564e-08
1.868801342154335123e-05 3.165093805259717944e-06 2.115284980199720243e-06 1.493708618688151499e-06 7.368131480750316897e-07 1.137122789957987765e-06 1.051952399609472036e-06 9.843681696134499484e-07 1.195260005662782465e-07 7.358646950812837010e-08 6.049933690378065330e-08
4.744772935167733330e-06 2.900604191266042754e-06 1.276843095257867687e-06 9.848834902671795193e-07 6.640617702651996038e-07 3.690837406372606135e-07 7.602689802169287081e-07 1.255697655947340671e-06 1.259064591170531374e-07 7.866813817080671942e-08 3.651376586276460543e-08
3.608923379944625623e-06 1.509656172018109741e-06 9.445854246362423268e-07 8.647974066635022704e-07 2.251667814130423913e-06 5.943539715951571955e-07 3.715339777874596041e-07 1.928667736870459990e-07 1.222554451177892005e-07 1.079077014705361756e-07 6.132075004946675393e-08
3.855688902281583363e-06 2.606808906737430361e-06 2.216542260075590769e-06 1.075266659754536919e-06 7.459680243147743649e-07 4.093950416610145171e-07 3.551497194002636592e-07 1.972459031867229707e-07 1.895009095846594210e-07 1.708837712217956036e-07 7.574333105870977427e-08
1.373029963502539967e-06 8.315646334708914903e-07 7.519730744980004318e-07 9.471431151315085552e-07 5.321139085942525937e-07 3.065796459302084781e-07 1.191924403269022408e-06 2.235432721031642051e-07 1.723643276025497141e-07 7.349533254283171564e-08 4.007885216957188352e-08
3.340838132125633723e-06 3.318296546109081352e-06 2.625589977385367238e-06 1.193989099108504365e-06 8.953308230277969000e-07 9.932239472570245445e-07 6.837124703041705230e-07 8.841019773707940795e-07 1.142783094232204097e-06 1.071900571401124221e-07 8.302786243826504745e-08
7.874114727596740937e-06 5.722906074633706526e-06 3.836700922304854570e-06 2.354113042002527253e-06 3.074321891007637954e-06 2.677969293426376395e-06 1.352527180052114856e-06 1.599877886445946817e-07 1.110843654046595395e-07 1.591109837216906717e-07 3.588293779483379497e-08
2.551330196428768551e-05 1.578985812030857656e-05 3.531206008796301972e-06 1.180405457743272845e-06 8.252736919920451197e-07 4.327995859766677277e-07 2.578063557415478214e-07 2.870045545411245812e-07 1.092028701424743763e-07 8.805088070297099996e-08 5.018261363454867002e-08
3.281255353760197637e-06 2.925658463163922042e-06 2.017549518961622538e-06 1.145062516142925407e-06 4.533696250729785113e-07 3.419648844000278344e-07 3.433592093089146246e-07 3.538383862010682764e-07 1.726097988000456112e-07 1.276694165939096217e-07 1.395992272625180703e-07
3.285591613268945987e-06 2.787987884842651583e-06 2.088054099463517611e-06 1.241659188421915457e-06 1.314870482749787393e-06 4.835577896041679517e-07 2.343759030655478292e-07 2.045277488728128740e-07 1.033717256537842886e-07 4.845955301705828232e-08 2.768425191659851802e-08
2.430661155343371159e-06 2.369011067400327373e-06 1.365532350306797584e-06 6.997118975976612688e-07 4.454913922469118721e-07 1.140202974043279037e-06 1.263370410551483744e-06 3.511501781947925655e-07 1.677983367659087698e-07 7.329848180844023038e-08 3.393009580308136774e-08
1.089842592519697120e-06 1.022236429906308568e-06 6.012982606011294415e-07 5.606673543598797758e-07 5.002786360409165674e-07 4.783511891493957707e-07 2.198395909087480161e-06 1.676629079063875277e-07 9.123197394318000181e-08 8.122478871188096542e-08 4.045222141125872715e-08
1.075380652559092800e-06 9.417911022576167513e-07 1.069564725160828201e-06 8.161835113556515828e-07 6.282677879964394143e-07 4.411230872509879822e-07 2.396464438773278412e-07 1.920889579518487183e-07 1.015843849741230229e-07 9.800125916395211257e-08 3.578943638693240305e-08
