6.773234511085921481e-06 1.210868080452184475e-06 7.965376260320940009e-07 6.973538435022693073e-07 4.695802311005933592e-07 1.566050434955969971e-06 4.151218875026241531e-07 3.612195740123642370e-07 8.562318856068981473e-07 4.974755688942586292e-07
2.528746998242691084e-06 1.794621363302840570e-06 1.115572706056063257e-06 1.469299949646401105e-06 5.972115030565180466e-07 3.706969997565911337e-07 5.404415746313656330e-07 3.936793293263562524e-07 1.681674365483575823e-07 5.138579641219864522e-07
4.381082266643790899e-06 1.231254720157129733e-06 8.572199616218341106e-07 1.512740252829134128e-06 6.970813119559477624e-07 1.709768420424001323e-06 2.641170770627512149e-07 2.053033118979522654e-07 4.047482366772467561e-07 1.368498028731746415e-06
1.087550462387917005e-06 6.144846644588971044e-07 6.067845015972380143e-07 4.716075279946782560e-07 4.008929719535014576e-07 4.412002103018035310e-07 3.728859149230176263e-07 2.136159988713464369e-07 3.530466379892164056e-07 1.665205106954176052e-07
2.954532629622839772e-06 1.660162814434968572e-06 1.063387697121148587e-06 7.469004423298499952e-07 5.898480419015227276e-07 5.807737617311491154e-07 3.638859509577621605e-07 2.556968784081862864e-07 2.175687013551940631e-07 4.598604736986766734e-07
5.527244503892139533e-06 3.004347235067206249e-06 1.925329086351119154e-06 3.636288914400486114e-06 1.554876183483103794e-06 3.947218732781493095e-07 3.001686365601277432e-07 2.421460417839435177e-07 1.821746390367016621e-07 5.592111580451247087e-08
4.105926103907088721e-06 2.723269915361783934e-06 8.712856421084436520e-07 7.952557329859251398e-07 4.448032452026671692e-07 3.593233605501957862e-07 3.914408935451036327e-07 1.477037957850533679e-06 4.561884613655223907e-07 1.790258604808103111e-07
5.061588980974332896e-06 2.022658016725245158e-06 1.065625983772790225e-06 7.535026653267741903e-07 1.760832786285393848e-06 5.766700477421252697e-07 9.327934067170747970e-07 4.378033743408484664e-07 1.023741406843904324e-06 1.974485968804820140e-07
3.810424206364949553e-06 2.745115441506960428e-06 2.148782594590790910e-06 1.138423348158340919e-06 5.681258899951938417e-07 3.996450710548892395e-07 2.693979223906229513e-07 5.010802194637047836e-07 1.013487322445678698e-07 3.597758225837127920e-07
3.366818332499546263e-06 2.191482676554969157e-06 1.410635906854722639e-06 8.914485979796113362e-07 1.244142161561393135e-06 1.001519383404386839e-06 1.057137155078400739e-06 2.692538272148751241e-07 1.348738838145340067e-07 6.354812172153152632e-08
2.628357905022325442e-06 2.225052424218074443e-06 1.436301337689054946e-06 8.005142097169915600e-07 1.075366710268892148e-06 4.221724498758976770e-07 7.974992257965801002e-07 4.599563201087661662e-07 8.631060987321565765e-07 7.016241633534455595e-08
3.333960589784747488e-06 2.116096067168666048e-06 1.481684511700641271e-06 1.000353646257808214e-06 5.318160702754364713e-07 3.971401632695531778e-07 2.587826967634601546e-07 1.823969270243122430e-07 1.270455994750931430e-07 8.268513114205527451e-08
3.634206154626971201e-06 2.229197595262103375e-06 1.852335658101951216e-06 1.261926239015563317e-06 5.811112131284695398e-07 3.948198202921059491e-07 5.388070704245625107e-07 1.468160621910012403e-07 1.157553636704335656e-07 8.772790030565772625e-08
3.646069074653275815e-06 2.138095753673196019e-06 1.791533559292186340e-06 1.185190096568769036e-06 7.175530864758030639e-07 4.215791871065216022e-07 3.308363845680350400e-07 2.730677834499057329e-07 9.024973002987721194e-08 1.049768434594940001e-07
2.504565171384124881e-06 1.433431837043518738e-06 1.206765828369649790e-06 8.901396022079396411e-07 4.899062168931294950e-07 5.633805072898757370e-07 7.930254405525601732e-07 7.335282638589057850e-07 6.231139235114580967e-07 1.240680344349994748e-07
2.215673173622198437e-06 1.441347319822014229e-06 7.149631628771840642e-07 6.261745746483883921e-07 4.811689478635461244e-07 6.801131197224969802e-07 2.999088740857225221e-07 3.504991075083717166e-07 1.305213518686973342e-07 4.930336790891204192e-08
1.292632134938205470e-06 9.475010156161564457e-07 7.277445449385515183e-07 5.614337979176319007e-07 4.642852841315947501e-07 4.217557196578738882e-07 2.961678652874399115e-07 1.646370384937862204e-07 2.007647169064028764e-07 3.052524186526597376e-07
2.220869159418290943e-06 1.195240590870592186e-06 1.041042607654043204e-06 4.176399560203288372e-06 9.955721464453739632e-07 8.814238098489018334e-07 8.983605314983716598e-07 1.461591617124458776e-07 1.240167903101827214e-07 6.063045500014388019e-08
9.226485138074194124e-07 9.481719392754407601e-07 8.271074743129041300e-07 9.114753206593704919e-07 1.681950086897418216e-06 6.290899625633338182e-07 3.003447819285847832e-07 3.549945404807431138e-07 6.237373119028550508e-08 3.630323214463862351e-08
3.814311881359811822e-06 5.452537706614310727e-06 3.343813523851539266e-06 1.428206449074110868e-06 6.434993720295867649e-07 3.411700343566524815e-07 2.676167843550543383e-07 4.968294384555132578e-07 9.987327251196819789e-08 3.967191292711471563e-08
1.265225474592672607e-06 7.280960798552891154e-07 5.419584972636735920e-07 7.067731784998927553e-07 4.894509645282061807e-07 3.818759713587650119e-07 2.674564681594351983e-07 2.118190413899694580e-07 1.156263993676856310e-07 6.172297972115029162e-08
2.052212715904639320e-06 2.322172544541579643e-06 1.238843912881074299e-05 1.434932758301112852e-06 7.441599042845780136e-07 1.795732294534350374e-06 1.168279555712416704e-06 1.845624498350405715e-07 4.997103577684413565e-07 6.511571995099653636e-07
1.896415904827369344e-06 1.190779739155221096e-06 9.144954832032499125e-07 8.173616262861567705e-07 7.086529420150586188e-07 3.877569829079997684e-07 2.757569714697511843e-07 3.239375316611870015e-07 1.153107811636117913e-07 2.193851647641907309e-07
2.653963682798324839e-06 1.439773315666362979e-06 6.456938762383267337e-07 5.866769811823172413e-07 5.014321933293703216e-07 6.010451392024190577e-07 3.639503334817987628e-07 1.831612306214699216e-07 2.057778809450983649e-07 1.530995968425378804e-07
4.559499753437707223e-06 2.198326063348031840e-06 1.459368332681701495e-06 1.041595478747689129e-06 7.266797289866541645e-07 7.024248680488661141e-07 3.324731557445034952e-07 1.835220898464496318e-07 9.489817735492929163e-08 8.251344239882119599e-08
4.829317340964732709e-06 3.455870792826267249e-06 1.909122082204087421e-06 1.229600684862486208e-06 6.415095844579416444e-07 5.909040393884214280e-07 2.573912675547841283e-07 1.602370843477384125e-07 4.648674052125824160e-07 2.739283203079987148e-07
8.176164199368258166e-07 7.458079080531983418e-07 8.058084151415410136e-07 1.536438992463499614e-06 1.040058545405457175e-06 2.522405543866818020e-06 6.042255387486364834e-07 2.917378830334211017e-07 3.475107163369884279e-07 1.460404205425502430e-07
3.658821289773534264e-06 7.608441119258352299e-06 2.473512420578005399e-06 8.428301766354604096e-07 7.477097658436057570e-07 5.285948038661118379e-07 2.542671034314949702e-06 1.996849172289724289e-07 5.313886712031272943e-08 1.561478227300623485e-07
3.486865623042330835e-06 4.706782622180500438e-06 1.671730410246793008e-06 9.628296003889818068e-07 1.159652443113889144e-06 5.615342394034252203e-07 1.291744410381460025e-06 2.019277363246026149e-07 2.282292383980720157e-07 2.160139002626147293e-07
2.492990212904159138e-06 1.727195723557740283e-06 1.281306953798724794e-06 1.318841055075987469e-06 6.502563130684990978e-07 4.093063013054339721e-07 8.790616644949888349e-07 7.174257588471509532e-07 3.321069021456241401e-07 3.175767243985838903e-07
2.377509688082484590e-06 2.126754117659732801e-06 1.093526623913128309e-06 7.571436130193864062e-07 5.663528246675434490e-07 6.584799077185892791e-07 3.722337560088215419e-07 3.994920647855803450e-07 3.495233920684987521e-07 1.245458111213583553e-06
4.480737569662183626e-06 1.843812969279626713e-06 1.093132725011205379e-06 1.008949004281461721e-06 1.207579449898342581e-06 1.369850438003395333e-06 3.953214569747593844e-07 6.285105821454944802e-07 8.124604868669262307e-07 3.288557265521827392e-07
2.672090862116463534e-06 1.286197458549061745e-06 1.836394865748729917e-06 1.219365128113617454e-06 6.014209510163926851e-07 4.147493260355542295e-07 6.672079386518824207e-07 7.806849424022867644e-07 3.315677699184588986e-07 8.190581156772940245e-07
2.440590227988152231e-06 1.914233124964844337e-06 1.964934061309371393e-06 4.264322152938716511e-06 9.250857481813204405e-07 6.609943621344096091e-07 9.281343805210607283e-07 2.743221329519957236e-07 1.934707598077248465e-07 7.401986109558583219e-07
1.814174849023096748e-06 1.451549109768959957e-06 1.016287029988230771e-06 2.822739806102358711e-06 6.063241070288414863e-07 3.460696459290464994e-07 2.346380519770104834e-07 6.577103339742730403e-07 2.870351746038521951e-07 5.950873103977442784e-08
2.255383362800084488e-06 1.507002049302364348e-06 2.981636113526185329e-06 8.052859206437682304e-06 1.287269867555264408e-06 7.074498077940662168e-07 3.633403578669174107e-07 2.268534824634087886e-07 4.291355004764707217e-07 3.802075835894447306e-07
5.293613459500799157e-06 3.970692764371682672e-06 1.992210730964731905e-06 1.509282074797505110e-06 6.695358030708939784e-07 3.949364814805233871e-07 2.804120758317168617e-07 1.797385084726672091e-07 3.112761307816545067e-07 2.325884757504303952e-07
1.672416978087259256e-06 1.224706150567006366e-06 1.028976279188224745e-06 8.146368071607866583e-07 1.318977596035557421e-06 1.272486160737233629e-06 2.579678743484327638e-07 1.228374608728662390e-07 6.684584314584995607e-08 4.500888737033199942e-08
9.627076293069259333e-07 9.654052988495209514e-07 6.928356033292237470e-07 5.526847162912525479e-07 4.616623280397498735e-07 3.451667785497518304e-07 3.071161912451773526e-07 2.058086385128408862e-07 8.988691215254740570e-08 8.982871911251406014e-07
4.486774670388032346e-06 2.548012113270827984e-06 1.179080158353979183e-06 1.348185366003424054e-06 8.055188470933510006e-07 3.850437478748630076e-07 8.608105533279794532e-07 5.613046335285707951e-07 9.762638861933623186e-07 1.071500438177406531e-06
3.094145528460170269e-06 2.133140084776508232e-06 4.710023351386552285e-06 8.642766761855118819e-07 1.402294388955370871e-06 9.877870228488888261e-07 9.131935134911473675e-07 1.225107809989146371e-07 5.251746721014235570e-08 2.797310086144063079e-08
3.044444477778628158e-06 3.726875477046704267e-06 8.494123322151204085e-06 7.033240118569600332e-07 4.914686051204778520e-07 3.918390945175155736e-07 3.449497995031259113e-07 1.800931697657382994e-07 1.218442874017725534e-07 6.181495699243033538e-08
1.462483079514066733e-06 1.574722324492406955e-06 1.947736615105778691e-06 9.505479807831679630e-07 8.720364072675334587e-07 6.797763030320534728e-07 1.976449627655791771e-07 5.150413513604207929e-07 1.527860770448257418e-07 4.414012507920893643e-07
1.039912019173957344e-06 7.428604807992048251e-07 5.521415824739182569e-07 4.753794696362803423e-07 3.957391654444470917e-07 4.213568215315325154e-07 9.007424012752637697e-07 4.985290142152657751e-07 1.675549248269700284e-07 8.882914012500246131e-08
7.738802767745557663e-07 9.700598464919100062e-07 7.015462989321190974e-07 4.719781838493648239e-07 4.208856035263493341e-07 3.066191132569372674e-07 2.354111980296626899e-07 1.544959332989765090e-07 3.296361356815014685e-07 1.250828610667711650e-07
5.678299827221205009e-06 4.745036263803239048e-06 6.199684923167471711e-06 1.551476876096640176e-06 1.618804973074539962e-06 9.856128694962339616e-07 3.835181678896738601e-07 9.420520852447655635e-08 9.019351642116995223e-08 1.421271161950984057e-07
7.952098866918997051e-07 6.514258643381686223e-07 5.442560811069759757e-07 5.709379191891587865e-07 4.968622192672623135e-07 1.282816507509865636e-06 7.259230269431837828e-07 7.726964459170600716e-07 5.207231389191341068e-07 5.925421910929968500e-08
1.210188442114596860e-06 1.003400461235042408e-06 8.435713542851811875e-07 5.483034874726714394e-07 4.286066043319085242e-07 3.743005617437295304e-07 6.214112389281978625e-07 3.801074828020477736e-07 1.264615670630008039e-07 5.091264115254193391e-08
1.024336956836273400e-05 1.977224537629604526e-06 1.204452492686432856e-06 6.633865912886348760e-07 4.864087184559284880e-07 3.412844969796543780e-07 2.940239040824341551e-07 2.401999265243367305e-07 1.366888334628515624e-07 3.501272167853123813e-08
2.310393194723627046e-06 2.023085257819358627e-06 7.522820091306634535e-07 9.781790891261675351e-07 3.960486345212984575e-07 3.313523896943751072e-07 3.167530424943222847e-07 3.887904166463736507e-07 1.468998266422041890e-06 2.247798945386087076e-07
5.793390734798928186e-06 4.424017821543766005e-06 1.775029168867537795e-06 6.918594404377587332e-07 5.372811864051569998e-07 3.905290264526320178e-07 4.552703310626595892e-07 2.734455615494651324e-07 1.349760762438962168e-07 2.945706832184225458e-07
9.297991711464108476e-07 8.492588712418928666e-07 8.975920740425305155e-07 1.121142260815750682e-06 3.265266017512100628e-06 3.637688122238581681e-07 2.152607339688579856e-07 1.290135152384018507e-07 8.014114034545834532e-08 3.535515169632876167e-07
1.884493550750946611e-06 1.463115929357498399e-06 1.733229810425593943e-06 2.170009974443425929e-06 7.008558813578765862e-07 7.294057776169801208e-07 2.257065253757181611e-07 2.064405493007865287e-07 1.169427464125713211e-07 1.282735829709411819e-07
1.746669288133354664e-06 1.303919651121192994e-06 6.806784935023851048e-07 8.766558909946600795e-07 4.519910816390058541e-07 3.820764768519415751e-07 2.694941039467474863e-07 2.130839935141963586e-07 1.912774336553230888e-07 1.158432775212164031e-07
1.295098269402862492e-06 1.689732655359612999e-06 1.001219070904692362e-06 5.616139307289681744e-07 4.972405170915225389e-07 4.003128517428488822e-07 2.777720231022863337e-07 3.925583678766146944e-07 1.025045910341663468e-07 2.859814527042490237e-07
2.304471466764958167e-06 1.229735581366323389e-06 8.048396762349501463e-07 1.142243599168949319e-06 2.131177356476362906e-06 3.235123169044399702e-07 2.270244142427903226e-07 3.265629247426142721e-07 1.036539898854995682e-07 3.005359547793140434e-08
1.337181604567447762e-06 9.382666001789548196e-07 6.707302595333752287e-07 5.718988415821841778e-07 3.853393953335256921e-07 2.784307473897863997e-07 2.586967786802247561e-07 2.070303403260423151e-07 1.794262874689994068e-07 2.752263082532765737e-07
1.561469403907951210e-06 1.074086634655254124e-06 7.342419610428318708e-07 8.002361546860974773e-07 5.883478058341536286e-07 5.559185805627995026e-07 5.244461165311696037e-07 3.877821122150589460e-07 9.925032886347685183e-08 3.052400635118965159e-08
2.114545148535228387e-06 1.404384129423225917e-06 1.252447853401742131e-06 6.435250802568559511e-07 4.930708253370469388e-07 3.581994751051837236e-07 2.994043909992664043e-07 1.590638185014407542e-07 8.248838551866354977e-08 5.633384274476708213e-08
4.307201446577982653e-06 2.095065375992809790e-06 7.027392261993660947e-07 5.813405399046600259e-07 4.711141323494253849e-07 3.384254004713853062e-07 1.248675507043810227e-06 2.358171689016675787e-07 2.248413617351097002e-07 1.274223957799788988e-07
6.702634271300422801e-07 6.520069852033785348e-07 4.965146420489362642e-07 3.668052854847007169e-07 7.339558712277333772e-07 2.821250824810138110e-07 5.724542384539442679e-07 1.031840453440054907e-06 2.167047263228686498e-07 1.275650068313048554e-07
2.090200154401319385e-06 1.492587077992237831e-06 1.343822789725026035e-06 1.589642016189973760e-06 6.586430258152501949e-07 4.810716692207039355e-07 4.659676772083096747e-07 1.473299421078811712e-07 1.665824118160324258e-07 7.840668670792243114e-08
1.786410016023390469e-06 1.065557563452235888e-06 7.775678008876811657e-07 6.429074910265917345e-07 8.105228062474363719e-07 8.507002528184668953e-07 2.375082347945619906e-06 5.055611203785776386e-07 3.392709672409538285e-07 1.932120344304326176e-07
3.165545839257446308e-06 2.317522406295095699e-06 1.002652492738574807e-06 2.317384623820912837e-06 9.073237592547466195e-07 5.831595888870063674e-07 2.590258021702861563e-07 3.185713262915446300e-07 8.755515910769367464e-08 8.612830032025097832e-07
4.451444550091678072e-06 2.701495562875453958e-06 3.051090584382105073e-06 2.272584730418299112e-06 1.177452208503468139e-06 3.569081496616210813e-07 2.468954125563939737e-07 3.059354431720211536e-07 1.742056500107343088e-07 2.608957775597471589e-07
2.428836355869361367e-06 7.321319574011850162e-07 8.127167198489898554e-07 6.006392484132318878e-07 4.690364265453659504e-07 4.428130823631213196e-07 2.353330477286091837e-07 2.021662814338334131e-07 1.252397701288999796e-07 1.303543869350921876e-07
4.173559642839363146e-06 3.083587668224520645e-06 1.966095872267392596e-06 1.107974611198500198e-06 5.832634994527140533e-07 8.703264710579584895e-07 4.977364118442078405e-07 2.132288215509465940e-07 1.359982190790646476e-07 3.023552144809448760e-08
2.510375760292211420e-06 2.821540169826823935e-06 3.909436055987268810e-06 1.444355502371308790e-06 1.193325190920642838e-06 6.978665606157692921e-07 2.516577279614924879e-07 1.761776790752983749e-07 2.743380115772034466e-07 3.089664825803009918e-07
1.482795411853285314e-06 1.028539310268947846e-06 7.122787287169290714e-07 4.681883281992202255e-07 3.625747188960719316e-07 2.907713167977552819e-07 6.807695675943443230e-07 1.669266206032817411e-07 4.007605441260381432e-07 1.025428795820305551e-07
1.318832923940259379e-06 7.839492669107662602e-06 2.338293293119375149e-06 2.820557375041048705e-06 9.235361893612974727e-07 6.529454271429506420e-07 4.589589275022051995e-07 1.692720260760200923e-07 6.664072347289778839e-08 2.332943587519285373e-07
2.553226525436217674e-06 2.744918083138938628e-06 2.142914582898333512e-06 1.461722780026305205e-06 4.736823614301319915e-07 8.651790324020303758e-07 6.709154323297013028e-07 1.768770756350094935e-07 4.642272236632832379e-07 7.160011826296149475e-08
1.538572583678623043e-06 1.308983398468693191e-06 2.347968180905028436e-06 8.700571509397650902e-07 3.263186158142962670e-07 2.396385793454244042e-07 1.978681077865555357e-07 1.118331905193170321e-07 9.219279895917814297e-08 1.619651616026143209e-07
2.115462067736019590e-06 6.711749851377687689e-07 5.168580079082602017e-07 4.473051872859021649e-07 4.336117772139736154e-07 3.172379173064292183e-07 3.863988412883583877e-07 2.064692674816473752e-07 4.978792721275616944e-07 5.919809744311485685e-08
5.736888145651010633e-06 5.223023337434090901e-06 1.117839878528267282e-06 6.068088689680681736e-07 5.314129541665240178e-07 3.219323425747648971e-07 7.191866611246790487e-07 1.379999191075439506e-07 1.195259562073521371e-07 4.205213766241909119e-08
1.288617336256449929e-05 1.144653927402132783e-06 5.932533283098930361e-07 4.775554128994449400e-07 3.508238205758222628e-07 2.629809252498715531e-07 2.155091583183863624e-07 1.355336107278473012e-07 1.283682872187736654e-07 3.795484769002023811e-07
1.182115297893695132e-06 1.707618372336181141e-06 4.486530522669290410e-06 8.092367399713978070e-07 3.115745159108973223e-07 2.226826837168617423e-07 4.351202623909881242e-07 6.830962721978898707e-07 2.584367419174042461e-07 1.521939220854024951e-07
1.800740404093852521e-06 9.314771734578669311e-07 8.335547102026708261e-07 5.601666324835460471e-07 4.402659904227864073e-07 2.853013841933895182e-07 2.380956061973652579e-07 2.382617907036646524e-07 7.691005529475852495e-07 9.278802392332648943e-08
1.313797441601018111e-06 1.372685114554144415e-06 9.882323499164596321e-07 6.413689769851126813e-07 6.744169302482899811e-07 1.330804004896107228e-06 1.203892616288222365e-06 1.827298245543868418e-07 1.645176993210071810e-07 1.860754767809130622e-07
2.899740842782914334e-06 1.494422412696988285e-06 2.017409931083298145e-06 1.073778211492809532e-06 4.304986824718882822e-07 2.301371752990148768e-07 1.658568274832890826e-07 2.525235768883990609e-07 3.310112393147420827e-07 7.193180710051802175e-08
3.161071851368037258e-06 2.251821537562049420e-06 1.478662001795337507e-06 1.468701653083667986e-06 6.343341952462843190e-07 5.418457670320197995e-07 3.420656692678904263e-07 1.592305764337284108e-07 1.489444577654264350e-07 9.048965698739663761e-08
1.599807918109588535e-06 1.167187025437015922e-06 7.646318990092276216e-07 3.560165725445165994e-07 2.943770191447977468e-07 2.521653737831041000e-07 4.091741277256266487e-07 1.784262460900938965e-07 5.062874162558907836e-07 6.363105063401413206e-08
2.495572246648406891e-06 1.666791103564865192e-06 7.082512815527623133e-07 5.801488762913031167e-07 6.596679606300801106e-07 9.958031287620191895e-07 7.357342364372950508e-07 1.572678152785338870e-07 1.065603722563361866e-07 6.184950947643774910e-08
3.323855700825532159e-06 3.725497053961311620e-06 1.969858396535129413e-06 7.779166026132131839e-07 5.075023397771799659e-07 3.441838460579859472e-07 7.064880039956423672e-07 3.268598447394338952e-07 8.437789493617396889e-08 7.418545131764833396e-08
1.585308686290638230e-06 1.453780697540357389e-06 1.356914694776409484e-06 1.402600083881419636e-06 2.118546562726306874e-06 3.391108889080413578e-07 2.292842058231747351e-07 1.830234674231519422e-07 7.792503739882338386e-07 3.846155955075520097e-08
2.615430440468029613e-06 2.596058226561002935e-06 1.041851239596650402e-06 2.241108138828876906e-06 5.333678216259976891e-07 8.240114058928078181e-07 1.872760618301430823e-07 2.866332997773331165e-07 1.625713187403460994e-07 3.043077086503108957e-08
3.241688225375144307e-06 4.696524689498277229e-06 1.470222745000578891e-06 1.034898246187486745e-06 6.501557173823434935e-07 6.936446250088762746e-07 2.292470291775739597e-07 1.392468583027671265e-07 3.170934688514884162e-07 3.327889437145971040e-08
1.356289477606083929e-06 9.980251844045106398e-07 6.506928712359312309e-07 4.519892601394989961e-07 3.594566580094324174e-07 5.223260909744289759e-07 1.964173751187262407e-07 3.322562270315892041e-07 1.240579459454088862e-07 4.562538403663604430e-08
1.442474435061663224e-06 9.842812906983220636e-07 8.887061030771090822e-07 7.853639554897177493e-07 5.360811198383067636e-07 2.603135407690337269e-06 1.732395224479430139e-06 8.835788720389258351e-07 1.647425193183712137e-07 4.226043336359684640e-07
4.824644973993977833e-06 3.753821783977087116e-06 6.005567046519371633e-06 1.019754997729641887e-06 6.707188699973193959e-07 3.785460740506214525e-07 2.124101127755289836e-07 1.595995033477239359e-07 1.104720811188316559e-07 8.684906256276695531e-08
2.183337004260224508e-06 1.692811163870694878e-06 1.064248676031517122e-06 2.505935383826998221e-06 7.067333663265313703e-07 7.566238626886008758e-07 7.037103768370680086e-07 3.354552017787489856e-07 1.041806580834804986e-07 2.575977859493449345e-07
1.332366571438727188e-06 1.309823371394177275e-06 7.145960779993395991e-07 9.359021367360158614e-07 5.588891987634745759e-07 3.421211484498767520e-07 2.597088739105784465e-07 2.439322003909768305e-07 1.081697860591826550e-07 3.819662442815299344e-08
3.717657409522871721e-06 4.287331087858451186e-06 9.966888282273472927e-07 1.763939297195320817e-06 6.888355415934256727e-06 7.347047928959189774e-07 2.826219189107513661e-07 3.815937160702285052e-07 5.621556902283662055e-08 2.886042437917096945e-07
1.707319432101210612e-06 1.368551157044385027e-06 1.890316939217993738e-06 2.560814045782433266e-06 7.279392297407381804e-06 1.193481949707063234e-06 1.636699332042988984e-07 2.182160716431805647e-07 6.949049513955969661e-07 8.441243825365375933e-08
3.228207683499839951e-06 1.071843465484256641e-06 7.560039125200036340e-07 4.586683583420222060e-07 4.162173926451136002e-07 4.385583550491775610e-07 2.091728931652606001e-07 1.590023538126296122e-07 2.365508906547038560e-07 1.501910694320197151e-07
1.036143790719134812e-05 5.504239122811785363e-06 1.809705153696442100e-06 5.508163964831470183e-07 3.710119528777129820e-07 2.811156308723372048e-07 2.003656548413391897e-07 1.206376362600256693e-07 9.022997493481060724e-08 1.713266233904626458e-07
1.520780232153624232e-06 1.222980525940896435e-06 7.396145717083542793e-07 1.055918554870867280e-06 3.823295661754592986e-07 2.505802075802744468e-07 3.257283843195073990e-07 7.510801377594004474e-07 7.994040271311001279e-08 1.336264313670574495e-07
1.141061494817311456e-06 1.113461225238288860e-05 1.322217658764010290e-06 5.053802964469638856e-07 3.332573370615426437e-07 2.799703008251836940e-07 3.202847926160845161e-07 1.667373044934625854e-07 1.284622093350401165e-07 6.268011305600181068e-07
2.067174497307502191e-06 5.419788344175020978e-06 3.039049202701245457e-06 8.811003574792124300e-07 5.928854808008888412e-07 1.342302042054528214e-06 2.332144401629133404e-06 1.984904699553170899e-07 6.003004770011374645e-08 4.482109503435115315e-07
5.152071598144531637e-06 2.330666439788392325e-06 8.857472840114338280e-07 7.965842372446338295e-07 5.581826686800952764e-07 2.000034297274308357e-06 1.920678457484786686e-07 1.133327702036439913e-07 1.337392943114104306e-07 2.930458118999609045e-07
2.669427185653046363e-06 7.317860059169966814e-07 6.596322799222643951e-07 6.584162094886225509e-07 4.158615096675874167e-07 4.688543115437591406e-07 1.070574154601689660e-06 4.383152651194365155e-07 6.309978282755049386e-08 5.273084572851063032e-07
1.288887937898087888e-06 1.084603831773116390e-06 8.670167446650612446e-07 7.452362778088775699e-07 7.827420719135015035e-07 2.365120771670159428e-06 4.915736332324446315e-07 2.252132365432015695e-07 1.358981255956135777e-07 3.230596039346369707e-08
3.559071791781807808e-06 2.903279518734163941e-06 2.301120521627410948e-06 1.489602804817354082e-06 1.465550564142941282e-06 1.008501696959096858e-06 2.048531130919262104e-07 1.489669263253603992e-07 4.547211671210572965e-08 6.348843721961015825e-07
8.442220810517481578e-07 7.363828284895727832e-07 8.157817564163798840e-07 6.548913818015007342e-07 4.660960341959781034e-07 9.426791910415551170e-07 2.338465552799693930e-07 2.087515962723149837e-07 1.499624864639566513e-07 6.234940668283295191e-08
8.964601787187806184e-06 2.919654412998745004e-06 1.583648840237184998e-06 1.120225141589950529e-06 8.057535577159098757e-07 6.636237919619453511e-07 2.131729339363610891e-07 2.442181043772510082e-07 1.398417123219109838e-07 6.066575356964613389e-08
1.495562732594619078e-06 1.065485572040249072e-06 9.778204512082739123e-07 1.132887755624275707e-06 4.221747652785854849e-07 2.633780066671470643e-07 8.193672022997490507e-07 7.139354917842874476e-07 1.407538217277377039e-07 3.838672400582914468e-08
1.843012798506744895e-06 1.388647203532329452e-06 1.388333553793158015e-06 1.606441613180833545e-06 4.520492276052819915e-07 2.406297422150548578e-07 5.231189875417374641e-07 1.086513816567187295e-07 5.680451273899787992e-08 3.405540324611194329e-08
8.032671107790922403e-07 7.230541387716744194e-07 5.120129463844252509e-07 3.787984767243748021e-07 3.534625062750972179e-07 3.813683440635376433e-07 1.952905372591292818e-07 2.287982555633073571e-06 1.074433524607223671e-07 1.228519766878147475e-07
3.164609936557700673e-06 1.817599992538669485e-06 1.144224393691383297e-06 4.827178802370324392e-07 3.954395611092354285e-07 3.395897908631762485e-07 1.810184176727205190e-07 1.183302557573547501e-07 1.533618893100984061e-07 4.276921431958872003e-08
3.117407697763019850e-06 1.371770838109770629e-06 9.256028870024114701e-07 9.860472862490505236e-07 3.925449961562969655e-07 3.191051481848026096e-07 1.954534691281111960e-07 1.759529192666494241e-07 1.189692468437792724e-07 7.994512300932341244e-08
9.918609034337868894e-07 6.462609524747234041e-07 5.881655543260181349e-07 5.938041579661827178e-07 4.949756089612270229e-07 3.058263502561976888e-07 4.215720205865287098e-07 1.362877006202905714e-07 9.046970219899286112e-08 2.933702919185677211e-07
1.210404144061608184e-06 7.617033627772650315e-07 3.554466172708076896e-07 2.719514687324988740e-07 5.505998120330864039e-07 1.325693304672137507e-06 9.361914620807385224e-07 1.481630984333825673e-07 3.536259521491522888e-07 3.371376093895117889e-08
3.261863556931527444e-06 2.523470838214500029e-06 2.236918629227952923e-06 8.544451092798161404e-07 4.209671880646801842e-07 2.797036970875563695e-06 5.757797664374921298e-07 1.634042162294246322e-07 1.606517959448271352e-07 4.350537012655286028e-08
2.783931778966512462e-06 2.104226073515752153e-06 1.305754241625127872e-06 7.014829066035528091e-07 1.567569560025435916e-06 9.391799049766895434e-07 8.125872258865998593e-07 1.174234428900481331e-07 7.258928289857002463e-08 5.996024967149403005e-08
2.467259809799111927e-06 1.216127054344854832e-06 1.171103575361856547e-06 4.977460986449326335e-07 3.324748572316187788e-07 7.114730586844799988e-07 1.299336705812200675e-06 1.228942837557043554e-07 8.168697400856713656e-08 3.603036248338300403e-08
1.382827284673609089e-06 9.203207814868355737e-07 9.595185879152096380e-07 2.152843287229135924e-06 5.578604951874261991e-07 3.513000457215759132e-07 1.867941432726228621e-07 1.199738944544422012e-07 1.084592756798964957e-07 6.167039078760886867e-08
2.692019975267752994e-06 2.084572332701262733e-06 9.490543394536775251e-07 6.965446697673489166e-07 4.108044485615663146e-07 3.385444800675328894e-07 1.944149857748827166e-07 1.911987836032037111e-07 1.677681367838240012e-07 7.618892655961298064e-08
9.356440427438331832e-07 8.558743464811087212e-07 8.910833981266889713e-07 4.855034949741764259e-07 3.104526218528000859e-07 1.249163202604545591e-06 2.231987771981881841e-07 1.690920734153344958e-07 7.254551152492020697e-08 4.007738172921963208e-08
3.907000732815336697e-06 2.150679739169275609e-06 1.149551869223760029e-06 8.994015261961520223e-07 1.040263137539284301e-06 6.303527023234987016e-07 1.043772616105267185e-06 1.035063215017690834e-06 1.053057069250483832e-07 8.005038328500124703e-08
5.537329611996660747e-06 3.395522209247938323e-06 2.230903128236313315e-06 2.935816558480692939e-06 3.457896714360379596e-06 4.854341988892211251e-07 1.567675577716545049e-07 1.103370204086221639e-07 1.712536189745012911e-07 3.676000220862782829e-08
8.545042345486413018e-06 2.949876832361900059e-06 1.135825536180646803e-06 7.590389306205669717e-07 3.935799182317205550e-07 2.577372135935113064e-07 2.804832034139011206e-07 1.079339891916038078e-07 9.138565292357546676e-08 5.222244462673766252e-08
2.879551304642588303e-06 1.886611787215906952e-06 1.000932189782147474e-06 4.260990002891597992e-07 3.598936539339566248e-07 3.398711228494930806e-07 3.236907969284334332e-07 1.729389833296745426e-07 1.249113721157146520e-07 1.383974185472903270e-07
2.709913427905976900e-06 1.867864882136858104e-06 1.180056271186555426e-06 1.463426632473462917e-06 4.021494589628853794e-07 2.232338038099714168e-07 1.982485395509853097e-07 1.007241408428104226e-07 4.705278619535405659e-08 2.679296837154048404e-08
2.428131481134445143e-06 1.229024162004847344e-06 6.400449164353101348e-07 5.120247705094469009e-07 1.097908356584244715e-06 1.263639765669465618e-06 3.126439765068393123e-07 1.605094449800142289e-07 7.036864078454741017e-08 3.340764922660899521e-08
8.069440440577369985e-07 5.520990068023808325e-07 5.404993250306180597e-07 5.223525550850322803e-07 5.089350714837039518e-07 2.067062372143137937e-06 1.539178515140074694e-07 9.032224466692255276e-08 8.455968750289885326e-08 3.856058443049786814e-08
9.781116460432940809e-07 1.056592473906146408e-06 7.810842141982279874e-07 6.075293849584385090e-07 4.112503455937867859e-07 2.323762093352299710e-07 1.867154298283867701e-07 1.037777553480272720e-07 9.773237979645904813e-08 3.807318178086459390e-08
