2.174202746245237937e-06 1.929846207837195233e-06 1.640551804020206489e-06 1.303530490994617801e-06 1.087032223154895887e-06 1.249221871702545296e-06 5.437709083243672599e-07 4.570598387073251717e-07 3.544141207108191156e-07 8.434622631280594838e-07 3.577228650493619234e-07
3.108841872818332558e-06 2.368747141703175502e-06 1.483565975280489243e-06 1.193114065531042168e-06 1.105948687384562251e-06 1.154650612738401954e-06 6.755681445737448584e-07 4.447185659503916235e-07 5.189291345701191731e-07 1.210100174903197861e-06 1.809208606477563010e-07
3.446575859777602877e-06 2.545356649419271982e-06 1.942432793215650436e-06 1.628415702585843713e-06 1.252660239319437898e-06 9.317799067933868297e-07 7.099413247185607618e-07 7.535547662640259914e-07 2.338789849546010436e-07 1.077677823745016474e-07 5.707565208368602264e-07
3.175913413901886597e-06 2.192996077595627289e-06 1.702360300563900731e-06 1.376770383618496813e-06 1.094231423688423274e-06 8.694554089035039160e-07 7.503388380747861281e-07 4.109335499959997821e-07 5.054418061608951705e-07 1.334007602050898318e-07 1.672642014525005871e-07
3.138064768248737751e-06 2.095129503333338426e-06 1.773758552994157340e-06 1.284481001960246262e-06 9.620283436666524806e-07 7.346199338321212679e-07 5.112486134158202528e-07 3.578650610135299666e-07 2.461548557489347791e-07 1.490844404654759130e-07 1.735238846507840577e-07
6.944381712640422659e-06 6.665955034286633773e-06 4.359761536250875467e-06 1.190661970487445010e-06 7.699841289690524463e-07 6.152522379126780225e-07 4.274508419015936873e-07 3.101974550754957200e-07 3.991071056487302113e-07 1.147574863299944567e-07 4.035446432448873697e-07
5.218792152002834409e-06 3.405614984191682485e-06 2.337938713229122650e-06 1.562012923095351357e-06 1.280238222970617162e-06 1.905884290783259216e-06 7.592493091097335491e-07 5.386796076218991674e-07 4.680824100353692906e-07 2.035330183374687384e-07 8.554266857763903164e-07
2.388837528957862207e-06 1.958354763484796425e-06 1.709038158544029778e-06 1.447657433175448462e-06 1.138740334751931885e-06 8.496272216108622112e-07 5.983764255395123325e-07 4.018557893299995340e-07 2.131953373799601361e-07 2.881126223508629496e-07 1.596871265739009262e-07
3.747646868559659330e-06 1.622172502973734567e-06 1.227648392246864895e-06 1.068842138513240987e-06 7.605073760906201732e-07 5.844849010126030501e-07 5.925913497567342697e-07 4.264656039492978996e-07 2.149398007551917126e-07 1.748691779081275106e-07 1.284513961828256531e-07
6.610906435519463536e-06 3.325386030106717151e-06 1.978604385986610127e-06 1.491641619379753595e-06 9.037831795082124640e-07 7.245040930022888222e-07 5.357184120043925992e-07 8.809554588998365675e-07 1.905027648223675458e-07 2.821300530030895852e-07 3.575682668876560136e-07
6.266274752265639208e-06 3.750711514752230042e-06 1.466147128141275243e-06 1.098236587357962873e-06 9.717382349076842561e-07 9.559346246334945143e-07 7.441109991945455560e-07 6.932743593031141778e-07 2.903630649764090885e-07 2.899137348710558860e-07 1.571043454260530024e-07
3.141684269135411696e-06 2.490711654102595024e-06 1.600581748366846202e-06 1.352095553771626269e-06 9.902324556157397537e-07 7.294630999865777479e-07 5.861694282403091269e-07 5.222289449852264976e-07 2.234375518065783405e-07 1.169022372258669962e-07 4.601579358776835485e-08
2.955906311006140210e-06 1.810117167119716413e-06 1.439506913043102677e-06 1.307132119848421965e-06 1.139447266978642158e-06 8.207812054806726144e-07 6.227560796564687620e-07 4.780068387906788342e-07 2.124714200471510539e-07 1.746123242446641825e-07 1.414840614040887749e-07
2.594885182070260281e-06 1.789014027480114262e-06 1.937653928399778214e-06 2.568302880917096449e-06 2.571122416812696600e-06 1.000647851570379536e-06 8.234607864031053972e-07 3.151284188232657541e-07 5.029552190975936206e-07 4.460857343504787048e-07 2.692738900840790887e-07
5.634444900206585864e-06 3.075164798208676946e-06 1.559682951886566263e-06 1.344461273112849586e-06 1.148902822463311766e-06 8.655971526218355408e-07 1.212266408249049638e-06 5.657702975078230213e-07 2.337744341231904590e-07 2.552439009470698812e-07 2.063483046538291857e-07
4.553403767105037277e-06 2.552372473008739159e-06 1.518494673568855678e-06 9.853583584115704004e-07 8.714663742426367532e-07 5.880712998088654291e-07 8.967573755266974726e-07 5.178763131031758079e-07 8.238203660037065420e-07 1.266438578482328387e-07 1.565322226232659005e-07
1.859036983973471796e-06 1.739897432414508342e-06 1.150480905544935169e-06 9.415243453518489249e-07 7.357618380884563544e-07 8.007200236414167747e-07 4.597127420330375927e-07 4.907849876177528707e-07 4.613051685669659910e-07 1.101433370239515909e-07 6.005013130946163418e-07
2.360489500298653781e-06 1.677657307413920518e-06 1.128909858682083528e-06 9.856760695141219503e-07 1.358410988692141150e-06 1.174179589349849900e-06 1.414451217306474239e-06 1.127501028117034888e-06 2.161905887962362965e-07 1.009712227617009251e-07 3.328528830505237370e-08
3.216454837684296321e-06 2.013188380302802675e-06 1.286880495497799558e-06 1.008499020628056510e-06 9.329673252981935617e-07 6.548036532983610858e-07 2.235490350856257097e-06 5.400369378262903446e-07 2.055501374492582069e-07 8.147013348397499243e-08 7.249956739506590580e-08
1.993714212445083583e-06 1.410960036910983724e-06 1.148257688135705389e-06 9.181992906461937279e-07 8.560257164499306077e-07 6.525368924798739105e-07 4.580338358438769761e-07 3.087835575408480352e-07 1.953322128862998261e-07 1.621985544674562603e-07 4.723716271222770672e-08
3.498101705684991899e-06 2.355098941039904551e-06 1.695710349937654333e-06 1.716036992828564770e-06 1.127147048691207860e-06 7.499863523448340574e-07 7.801472958118407292e-07 5.600157720926997856e-07 1.899112427040451467e-07 1.698170348919728449e-07 4.899971821142322020e-08
1.477628045306104695e-05 5.483682218206233238e-06 1.803899415076094577e-06 1.048724020150786801e-06 8.044683643387903068e-07 5.543816173411550739e-07 4.097162619069382222e-07 4.594344857852643357e-07 3.613496237695853884e-07 2.839838472907897571e-07 3.119729712619363473e-07
3.027139615672478535e-06 1.695822622407466717e-06 1.789673022489999204e-06 9.583091567174855763e-07 7.121338623747188444e-07 6.070237962895054829e-07 5.012222023284445739e-07 3.164500241529756714e-07 1.866740300145701818e-07 2.903239097977319905e-07 9.398796588353617593e-08
4.690511266021284480e-06 3.717792751007565136e-06 1.930280209665979722e-06 1.108819460319085092e-06 1.156790292709677474e-06 1.245871645043553968e-06 1.587995827154818017e-06 4.939862339122150825e-07 2.412386156477595659e-07 1.304619948998923281e-07 1.050550094104859467e-06
4.951088869461444154e-06 2.723835876103903189e-06 2.030410142168667361e-06 1.220464407684034754e-06 1.104082366762860878e-06 1.446286618215773785e-06 6.651838973371359803e-07 4.741339597783831893e-07 2.642480072875522508e-07 2.223647276080027463e-07 1.553079580210460258e-07
5.704092964875071899e-06 3.169878171830682712e-06 2.228779069964152128e-06 3.590211159405987849e-06 2.900668033193076083e-06 8.092771838203017024e-07 8.822761080018034919e-07 3.069717529311402529e-07 2.906929184145241748e-07 2.669765073096052138e-07 7.123852093919696049e-08
1.735264307698977714e-05 8.677107653895062281e-06 3.579129848611212224e-06 1.516372293536912770e-06 7.405404765159758558e-07 5.170996317916923967e-07 4.449511805609596556e-07 7.192698170991023577e-07 3.756558429648808214e-07 4.174511281373785116e-07 6.507175580370195769e-08
2.434060347444582991e-06 1.938508028646303985e-06 1.287753450962706832e-06 1.142182591936558510e-06 8.930468418568209904e-07 7.460438910875806739e-07 7.542105593286628568e-07 2.944373048357083242e-07 1.685470180667790381e-07 1.783559378631266747e-07 2.489315013619487572e-07
4.034031920599130546e-06 2.970452423542722466e-06 3.053503050699594070e-06 2.250937588181270024e-06 3.608292676315676837e-06 2.922017116232932766e-06 5.727214684564606429e-07 3.983813242704514093e-07 1.979231006279006636e-07 3.930774503566900056e-07 4.410302772198551288e-08
7.026305075538360434e-06 3.712488750639086873e-06 2.504066510181426987e-06 2.533489399528037534e-06 1.269197072675150933e-06 7.848933809364175959e-07 4.386642234819004476e-07 4.401471220548846344e-07 1.808232862176285283e-07 1.118004933093978656e-07 9.208053158063942620e-08
8.474700790326576992e-06 4.447154147971615575e-06 2.215451829320312146e-06 1.399229850815016321e-06 1.010286551273421294e-06 7.470312555418823261e-07 7.065838720018853712e-07 3.051801190376331364e-07 1.577388038642220587e-07 1.923068901247319550e-07 1.139328088401095880e-07
2.040141358761932537e-05 1.737081445647325013e-06 1.263376574222110661e-06 1.266446453563253523e-06 9.823187777031562830e-07 7.655999234762878556e-07 1.006805373525995970e-06 8.798870471280489960e-07 6.942143025497186210e-07 2.167435683731421733e-07 6.813705200496601120e-07
6.660781125871896609e-06 1.821781042187350473e-06 1.089282698195119562e-06 8.897509702096544796e-07 7.100273552896302106e-07 5.400782606115931952e-07 4.342814851909328021e-07 3.929378356881303123e-07 2.160836902114607744e-07 1.859723715736945302e-07 5.553747879558743814e-08
3.028045620681618801e-06 1.720953063859889857e-06 1.190321133050848196e-06 9.084124990231014261e-07 1.287844561980815605e-06 1.042543393627679303e-06 8.998853198994386177e-07 3.161103453328383909e-07 2.891734773510608001e-07 1.168419120452480700e-07 7.869217707549938939e-08
2.910276959182743829e-06 1.841412989388843457e-06 1.715148729406278239e-06 1.599484901052740153e-06 8.278394403295444813e-07 5.728190691534370284e-07 6.357390352072361865e-07 1.086254693416080325e-06 6.214084542047751456e-07 3.448804084311253172e-07 5.446648599752841962e-08
6.618095316882422571e-06 2.730421578807914710e-06 1.924110253101905005e-06 1.211317659097617319e-06 8.044819395293932699e-07 5.920627785075075074e-07 4.296821897536116385e-07 2.965609716356930704e-07 5.461947263195575659e-07 1.625050624847176993e-07 9.571634878517288706e-08
4.022914940441993269e-06 2.012266654689039853e-06 1.470889733631548290e-06 1.301595832281672419e-06 7.336750331345286554e-07 6.031381173768538371e-07 3.438978644238891513e-07 5.517750155386243906e-07 5.902587709976707998e-07 1.484202021096618284e-07 4.031276862208149323e-07
4.588490157651929035e-06 3.038003279395896108e-06 3.612198365041335430e-06 2.672870791427755757e-06 2.696658057554597946e-06 1.449972266268639749e-06 4.252247217149623175e-07 2.257650226474927743e-07 1.986401296780285946e-07 1.464365899086453506e-07 8.564442438789565311e-08
3.231191499588758892e-06 2.614412364317566067e-06 3.619572899115362168e-06 1.784767894868905929e-06 1.070177488680467106e-06 1.201362615826058362e-06 2.639172638648915039e-06 5.055827574318916180e-07 2.079686304144413449e-07 5.377661183105092195e-08 1.947845761654579111e-07
1.948509463983480406e-06 1.588498217712050525e-06 1.315070513509624563e-06 9.431373569356148102e-07 6.987642534575841527e-07 1.831944709294776426e-06 4.143863483539363507e-07 1.302453370200615163e-06 3.824559773169574686e-07 8.794170220630528874e-08 5.975936918200435277e-08
