4.223404523023898693e-06 3.855896471528885904e-06 3.505322521379514790e-06 3.056375967139906375e-06 2.428780729706613749e-06 1.257448658128140550e-06 7.942567985867427382e-07 4.855581097228343435e-07 4.777184475356345159e-07 7.904326469363936867e-07 2.843282550264814017e-07
3.385081029847361280e-06 3.047231246784631047e-06 2.622828759119625973e-06 2.085373561068985849e-06 1.648703214806506654e-06 1.364099623634205121e-06 1.147243767567241502e-06 7.408264951505397129e-07 3.882747435796658544e-07 2.796452546378515785e-07 1.287876291348679003e-07
4.501503241044596515e-06 3.656413307587171221e-06 2.977019734342083414e-06 2.364444528685330469e-06 1.784412873813681046e-06 1.349750336996332272e-06 7.940158614465338327e-07 5.281970138605874289e-07 4.470628675979150038e-07 3.164040763894306137e-07 3.328430079340848628e-07
4.042691407557065743e-06 3.428734156033445638e-06 2.631187993024165708e-06 2.040919556767929829e-06 1.516730852551023861e-06 1.139753990428487121e-06 9.056587968538930651e-07 4.814891274653818333e-07 3.205226059380746828e-07 2.511838963048276241e-07 1.323675010612770378e-07
3.230085165633507877e-06 2.754754656841983065e-06 2.620060862141582219e-06 2.292241911530819389e-06 1.952748111296379465e-06 1.499493903585596876e-06 1.011122713668468091e-06 4.290364083834351150e-07 2.254523787938955206e-07 2.642035527016079425e-07 3.037811437502502230e-07
2.585879956440722059e-06 2.478212490516292032e-06 2.310092020739169208e-06 2.134428377485538950e-06 1.955862121206705166e-06 1.658958123617672460e-06 1.404365338484243334e-06 6.313337480122413396e-07 2.511453578749016162e-07 1.569354926339202585e-07 3.533674803650479179e-07
4.889224511547237706e-06 4.398950512850388671e-06 3.701948274587868888e-06 2.965673818756113211e-06 1.945392013366759947e-06 1.164274706334239578e-06 6.800176220609276359e-07 5.743560171075472111e-07 3.085886009167950469e-07 2.010327406435632528e-07 2.820998824039179447e-07
3.385598901868553903e-06 3.142880027764769618e-06 2.709574522752916127e-06 2.280604082560800620e-06 1.825616519862593191e-06 1.425489591625421798e-06 1.064774040979806224e-06 4.309205862572918742e-07 3.670487818753562663e-07 1.877084110607791777e-07 2.612483615184728610e-07
3.306590271456276950e-06 2.859203871954881675e-06 2.457348041367453751e-06 2.132714767843620064e-06 1.838890075867652460e-06 1.647760941307863023e-06 8.855465807044094539e-07 4.247286959705389236e-07 2.083901753201128369e-07 1.838665290488244614e-07 1.614540626427648087e-07
2.285006677153270732e-06 2.032133004484420119e-06 1.909708770682841914e-06 1.693619429584092150e-06 1.487529654459475929e-06 1.265422461352722352e-06 9.494024498827986565e-07 5.411244156058831357e-07 2.235274388214208822e-07 1.490398598906226205e-07 1.455770927524548068e-07
4.134369463843148924e-06 3.337882131167336364e-06 2.661975411061321739e-06 2.118308192352644989e-06 1.592822762271677141e-06 1.170082012292187190e-06 8.252534732374972983e-07 5.241400765194615811e-07 2.455403342959871477e-07 1.738219928347517409e-07 2.296195936640258608e-07
3.668832546067185841e-06 3.339479954327552175e-06 2.546136859394292615e-06 2.152357917925096826e-06 1.607654211647597877e-06 1.260045650931716343e-06 8.132519906213967362e-07 4.421614872746144120e-07 2.975833192111565963e-07 9.257582679806110087e-08 1.077161604358343787e-07
7.374998827838781778e-06 3.557216839966922203e-06 2.707587190762020100e-06 2.033922737116104414e-06 1.491256652262825329e-06 1.004239930393065066e-06 6.760892706292835537e-07 4.174861625089117569e-07 2.729568000669961399e-07 1.486828133558323392e-07 1.258591739820061199e-07
3.061439454139104198e-06 2.670574029825271845e-06 2.136279246145903205e-06 1.664015107786701681e-06 1.250974279811808389e-06 9.153200515817035223e-07 6.950175115294804110e-07 4.386989917238586041e-07 2.489090130714406015e-07 2.609553939923160311e-07 4.242548651865905946e-08
