8.546178790695420347e-07 1.194691454273098132e-06 9.462055488599570264e-07 5.144132809144332632e-07 4.181590317843313986e-07 3.107031903424115608e-07 3.402893331942143325e-07 1.759160609934218442e-07 1.744725737046239344e-07 8.896718681004213658e-08 2.084338413013568305e-07
9.979459763711752641e-07 6.569235200426530778e-07 4.748315961206722213e-07 3.594526445248239584e-07 5.429470681324157935e-07 3.221642670659266798e-07 2.612745281669997689e-07 7.189731079421748441e-07 2.251245051753407470e-07 1.717961045451559026e-07 7.102276808981059132e-08
1.871706670116998610e-06 1.304220110453856602e-06 7.353043137368570970e-07 4.474556653753836766e-07 2.868775955533355452e-07 2.497910107910423486e-07 1.996003980592646207e-07 1.673012881184808341e-07 1.818986399800165315e-07 2.141984660525459731e-07 1.331638252891182465e-07
4.460572635306538743e-06 1.713670778942145983e-05 3.076702650507577922e-06 2.013827882847036568e-06 1.328405183160211959e-06 1.279823485750430928e-06 2.420454037059926289e-06 4.560073877966062859e-07 1.786864891951807596e-07 1.234623444481235231e-07 1.202631315992340624e-07
6.581608899853880574e-07 5.765990192557522313e-07 4.985278852804837460e-07 3.855306691347214142e-07 3.396595958187327546e-07 3.062939576544943967e-07 2.548547552712379750e-07 1.986511249137966364e-07 2.973679449070326601e-07 3.472220028359421274e-07 6.354472168891220955e-08
1.602060442733023532e-06 1.477298376584004294e-06 1.079368096822232549e-06 9.581929612543114517e-07 7.357312841498006190e-07 2.766706685591442789e-07 4.059867874995961153e-07 1.789945941674651952e-07 1.375314780304030062e-07 2.403673652813848727e-07 9.459756441331221916e-08
1.402305882101747139e-06 6.667812112544622942e-07 5.020322165223834243e-07 4.024335781289132729e-07 3.338177095991579750e-07 2.546976012729024787e-07 1.305208573663577559e-06 2.305370878989515600e-07 2.740722538306973729e-07 3.138109030529615512e-07 1.870797215553947642e-07
1.494546183460327860e-06 9.622065374729869790e-07 8.093448866854689388e-07 6.690425942204088789e-07 5.062956668442308321e-07 7.117303393238829991e-07 2.909747568510635650e-07 2.916338478679532352e-07 1.238309030240479381e-07 8.661444857039069736e-08 5.132222387007340431e-08
6.863265636092930385e-07 6.451973970383855888e-07 6.004649319975224968e-07 4.663355322603739284e-07 3.885830968214490156e-07 3.500459695070950972e-07 2.567920952611022351e-07 1.792586125792526389e-07 1.420253619888674120e-07 1.733362031551573575e-07 1.301288963437828867e-07
4.315689746769816470e-06 2.583284957477921681e-06 1.363171874246169551e-06 7.008045900466911586e-07 4.802231523562983679e-07 3.474736164140677302e-07 2.496320087817259369e-07 2.752856207846646595e-07 2.165662610095389697e-07 2.221195656653768751e-07 4.358888839061890323e-08
1.344377719349488080e-06 3.251266536989422418e-06 1.433936110771978269e-06 6.334173558142085187e-07 9.339167734068001010e-07 5.110125026308538252e-07 3.140654749975167139e-07 2.267659624358737330e-07 3.194620318631990860e-07 1.638198174655041533e-07 8.829819269743456335e-08
4.182891985959985900e-06 2.469790698607456011e-06 1.271367567496309000e-06 8.493318891317105718e-07 4.607757179514882052e-07 2.986395076173628664e-07 2.884325517991896000e-07 2.287509845987320709e-07 6.739571025869269736e-07 1.506721249690597039e-07 6.330855873394503521e-08
1.935438941389454150e-06 1.805584309567841636e-06 1.341299102320797528e-06 6.676806367509795547e-07 5.631304509395435351e-07 4.047760777722830431e-07 2.806714654560550376e-07 2.059899380793955418e-07 1.478213035897074857e-07 7.908518180398315074e-08 1.521576494800526958e-07
2.031183168860973056e-06 8.603873565529586006e-07 5.085839133076761140e-07 4.583968786576034843e-07 3.770989078466719665e-07 3.170812879463557538e-07 7.586328097586670123e-07 4.789362895906373554e-07 1.573059293188199982e-07 1.507990159982591134e-07 1.611236119358760088e-07
1.547593169273816434e-06 1.007914076391762419e-06 1.024546310799068814e-06 6.973548806279769936e-07 4.648931919594213126e-07 3.471688005492731714e-07 2.306228304360272349e-07 3.480765520868630336e-07 3.898456270585879248e-07 2.372532526716669794e-07 6.579474671804874830e-08
5.620514277126927495e-07 8.709122781887102183e-07 4.827555776167232720e-07 3.841851173802949992e-07 3.423030546007317030e-07 2.843417332878169286e-07 2.628221212473266704e-07 1.858227758242371070e-07 1.406136192204040993e-07 3.201921503956244472e-07 1.255464621539728680e-07
3.894365715878885381e-06 2.664284748706612034e-06 1.710950093517045347e-06 6.768492688348605751e-07 3.090445176065013657e-07 4.109338934080702203e-07 2.371218282325805388e-07 1.208691755954170564e-06 6.497261993911323506e-07 3.024727723803811403e-07 5.213120754374969216e-07
6.323367469209933662e-06 2.839748966888882366e-06 1.059151708665920898e-06 8.234784584843770920e-07 5.039183246867027761e-07 4.264430469390618433e-07 4.402034258211888282e-07 1.802271978386055415e-07 1.107697709024592146e-07 7.248463598121540988e-08 5.514144400896312380e-08
1.677726281793427181e-06 1.069374385379343941e-06 9.419563701012916539e-07 6.777815640518695785e-07 4.972463564802156933e-07 3.826026596460753950e-07 2.480115065435808716e-07 1.671675687487084625e-07 1.349674609364576776e-07 2.458142391259376793e-07 3.012683805282309716e-07
6.629248542693697006e-07 5.128334167052263678e-07 4.240602608974083693e-07 3.294637067456809389e-07 2.797094158129386569e-07 2.170419921420979723e-07 1.841653074027771204e-07 1.670973495405924935e-07 2.404654738156654360e-07 9.504541826185250248e-08 6.733884908980564899e-08
1.007701388834367961e-06 7.076463524857395294e-07 6.049829329160692590e-07 4.906884357862909401e-07 3.769882032058555115e-07 3.029136675799722650e-07 2.541750720054956898e-07 2.458830902803654317e-07 1.139335175100649117e-07 7.467002219195651895e-08 1.028544040473691120e-07
7.928915379272914442e-06 5.007125922131918288e-06 1.053317330408005514e-06 5.433280391614667299e-07 5.715896010907378025e-07 4.090781890056709413e-07 3.342020522869552746e-07 7.418879802516488954e-07 7.914518469136917759e-07 6.183801229798529560e-08 1.945638187341070666e-07
9.196933371109644199e-07 1.058948370196059599e-06 5.946613965346239434e-07 3.724665247550791462e-07 3.237885465831009047e-07 2.715703399666983223e-07 4.189589858728842454e-07 2.102420945268262047e-07 1.488277808747971623e-07 2.497281847272373194e-07 1.304432237053141844e-07
4.784075229987365448e-06 3.846142894778063233e-05 2.629394599259788997e-06 2.730954160313708322e-06 7.018153335359075070e-07 3.494176280208003628e-07 2.642948737873161065e-07 1.837548148916272536e-07 1.153616294705580516e-07 3.715733023713777295e-07 7.890422919531089503e-08
6.212600823407309926e-06 5.143116748748039487e-06 3.222667404759046974e-06 2.660090295603679326e-06 1.364300054265520468e-06 6.065924266238094775e-07 3.119977603288804092e-07 2.286516683950125858e-07 1.266201596246708366e-07 1.289071970432670558e-07 7.057448769016188981e-08
5.592821852924595877e-06 3.233970803325357579e-06 1.926824573379678717e-06 2.124470818315578185e-06 3.590580821831216058e-07 4.264973865159235939e-07 4.629495477857154356e-07 3.366540024886594471e-07 2.132297035392389806e-07 2.919126714521759649e-07 5.537971361465248376e-08
5.547834199451134539e-06 4.774024902989505865e-06 7.953701049033105083e-06 7.005934896174326025e-07 4.117721900006373829e-07 3.055373612568139086e-07 5.068985228232274087e-07 1.860609364144940577e-07 1.176037222941685037e-07 2.126038839037757256e-07 2.678887329683517870e-07
1.668586762079798598e-06 6.520501828600098004e-07 5.315490234005576139e-07 3.954274872551348776e-07 3.160214195871569980e-07 2.518572184411836750e-07 2.002871351548859156e-07 1.508277349463513921e-07 1.742043824880682445e-07 7.516742849084197900e-08 3.120010258920189601e-08
8.543234711082828201e-07 1.003867627823797798e-06 7.677729937062605746e-07 6.846658284439737050e-07 5.443855182755807006e-07 3.912017181370052440e-07 2.717476160222768235e-07 2.169841826251418450e-07 1.167378430278416114e-07 7.188496930354479644e-08 4.831598185785399621e-08
5.873451329017047086e-06 4.164763966454689264e-06 1.539743220189912969e-06 5.374044685113225984e-07 5.533355045649634583e-07 6.392226730867513518e-07 2.323272007810098498e-07 1.578947167147360632e-07 1.503755029380020783e-07 8.875622911114460709e-08 3.583305222165965891e-08
6.139723399628740193e-07 6.935660156913625650e-07 6.117894633417495363e-07 4.926234957596547745e-07 6.455142219856391159e-07 5.920666406671208412e-07 2.690878221143905522e-07 1.673789990967008836e-07 1.256105660978879312e-07 1.069610109350190743e-07 1.559548483920907311e-07
8.165894367929986516e-07 8.499927440561627886e-07 7.089999974913034599e-07 4.719934965901309340e-07 3.531387615378247376e-07 6.015542152121958619e-07 2.392845813403731526e-07 1.517090978712727604e-07 2.158072960882231499e-07 1.792483759078261448e-07 3.274271612692406846e-08
1.563734818444458987e-06 8.548884932160322990e-07 5.415781909096508191e-07 9.195473743180775497e-07 3.788726348338321271e-07 5.061066392512013394e-07 2.742073435082876518e-07 3.323238636577942835e-07 3.656434719813129498e-07 7.140849232321518422e-08 1.129813698012687890e-07
7.364556903790847789e-07 5.242841860082516076e-07 5.080069705365051906e-07 5.423034906275421860e-07 6.530621817421545682e-07 9.186101317018365615e-07 3.204922706596221519e-07 1.725753068127175449e-07 1.057431072151402809e-07 7.556363693155020308e-08 1.857520047974410964e-07
1.985258454760728476e-06 9.574892347149456305e-07 6.608974998121888992e-07 4.391276087463735045e-07 1.146798515607950895e-06 2.433278367852487569e-07 1.664812388515612483e-07 4.685560390638425007e-07 8.052038413274740487e-07 7.908778191963598411e-07 2.724216242224929650e-07
2.238070786949815652e-06 2.280930370623903607e-06 1.934126416223110957e-06 1.432751221442014029e-06 6.684233556149194962e-07 3.278992816006161906e-07 3.276890270397685764e-07 1.518869869171650164e-07 1.070988164228788225e-07 9.983395749455826048e-08 4.662300226225142653e-08
1.278101292937225351e-06 7.490047562237718548e-07 5.497259152433222757e-07 4.098910276309780757e-07 3.261978124552867207e-07 2.609340792521975165e-07 2.006851491919982399e-07 2.662262427195909066e-07 9.592076347126466352e-08 6.639157718401241930e-08 7.967922487807956377e-08
2.313558057577947062e-06 2.513784122981394155e-06 1.849441060567577405e-06 7.177234455556701838e-07 4.255321322724310256e-07 7.281667303981283400e-07 6.486440665002956651e-07 2.480793911057492011e-07 1.110829810203683102e-07 6.020895289968324927e-08 6.803324961206239565e-08
3.869471775744714510e-06 2.651706971619621902e-06 1.850022723448323550e-06 6.682183303462716360e-07 3.804128716125270997e-07 2.870888882585607261e-07 2.154883779606088106e-07 1.515086419451147353e-07 1.150491275042634470e-07 7.859761678380133898e-08 1.763386377418453866e-07
8.459631872156785233e-07 6.405347926860643391e-07 5.068416777167683321e-07 4.334943149615949256e-07 3.549951942761247725e-07 2.864812367412818287e-07 2.262463235637290470e-07 5.291089926910949765e-07 2.171601886299883388e-07 1.785020436069670444e-07 4.803494567273569412e-08
7.245184859066489678e-07 5.168731086850009908e-07 5.645977625117211854e-07 5.523040998365741372e-07 3.338911125701961015e-07 3.034524022807410356e-07 5.255396510556025622e-07 2.707156574972432273e-07 2.121108333073467145e-07 2.774417178799057231e-07 5.524181089171135931e-08
3.096013100432697215e-06 5.136487933503268045e-07 3.693300951391270273e-07 3.130850245093134021e-07 2.700669015809701217e-07 2.232349593609359163e-07 4.623700345746763799e-07 3.065208296897031524e-07 2.113442333134364833e-07 6.723508012880241595e-08 4.046020062229606520e-08
2.037607425553481737e-06 8.117212211585031585e-07 7.421990162883385843e-07 6.478489757154358523e-07 4.114525165392410428e-07 4.913166304036074267e-07 2.681100365828267561e-07 3.374575128745018352e-07 1.044260777016291535e-07 6.733005702058131544e-08 3.940800519942429510e-08
4.190107112025763655e-06 6.029310156382224272e-07 4.785966271915031422e-07 4.566079595133836170e-07 4.112919116037737364e-07 3.531187309295597647e-07 2.319567210081554293e-07 1.627146272633297667e-07 1.074886573240641023e-07 8.716471128038575661e-08 2.678775966243654970e-08
8.439384194794936063e-07 6.088987963737709496e-07 6.485983111651841686e-07 5.676821718937899061e-07 4.904721770612281800e-07 3.224194198682768591e-07 2.273154726747588726e-07 1.639305636353956412e-07 1.754714226265113528e-07 7.343795765049993088e-08 4.110944803399937799e-08
1.038183968424423160e-06 5.915700739945181613e-07 5.704733255425646151e-07 3.557873925552225802e-07 2.750326042859182127e-07 2.202762684395500920e-07 1.966655219062103533e-07 5.814973592501209026e-07 3.688212897491534798e-07 3.661114866222304870e-07 2.245320792575409604e-07
5.563876502680998283e-06 3.716180441970392053e-06 2.086267294481065147e-06 5.097581825070463128e-07 4.137912663466547863e-07 4.784314323717711612e-07 1.924444954814897063e-07 3.461525538573072543e-07 1.953809310832077874e-07 6.682968285511593924e-08 1.002876497022393105e-07
9.638999076533586278e-07 6.631148310204673482e-07 4.819395958406124900e-07 3.929999321007488550e-07 3.678512807571793079e-07 2.807044201047296004e-07 2.097902010177396913e-07 4.897303275351839507e-07 1.355396715754110332e-07 6.738958880927369841e-08 1.299251851090965497e-07
3.083947798064114660e-06 1.297206672896836054e-06 9.028083104488331564e-07 6.966832429646679532e-07 4.598238741584662274e-07 4.081522473680140146e-07 2.160626125142181803e-07 1.729438872903721360e-07 3.035391789626444871e-07 6.878297641586778615e-08 1.082181813932574042e-07
1.090326746976368736e-06 6.021338922612108152e-07 4.617823457295140406e-07 5.243330605399727770e-07 3.594325766653219969e-07 6.024815174396003881e-07 2.190842412015760329e-07 1.808025420212147217e-07 1.347575451552362430e-07 5.006096644347949616e-07 1.055230398479780314e-07
2.304887533732257586e-06 1.353486933427866170e-06 1.278640740362111989e-06 7.455332169333133104e-07 4.556964766951678932e-07 2.633465871357573516e-07 1.869697593004643564e-07 1.355201508661627364e-07 6.630020339341077329e-07 1.081305517013100373e-07 8.428295281815940625e-08
2.292959332705790387e-06 1.132535422133064765e-06 1.387655071419125071e-06 9.611082413671080300e-07 4.979336079235248606e-07 3.221745996816076104e-07 2.483171742570127275e-07 2.293038381406255955e-07 1.116486225117552190e-07 2.366084790092674543e-07 7.403711635882515325e-08
4.364252021668456590e-06 3.011451528179982028e-06 1.900452472000198650e-06 1.511750447188527724e-06 9.583137207776177545e-07 3.852550066530908703e-07 2.340317652411645824e-07 1.547020105466337326e-07 1.043034784785941867e-07 1.646875277046856229e-07 7.823262557717910226e-08
1.431824493140374251e-05 4.744854476451280220e-06 3.964004184488351350e-06 1.794650307757166770e-06 1.406622738132434354e-06 3.737958121195479807e-07 4.051839125079154011e-07 5.915130617490679956e-07 3.930891485734398903e-07 6.192667249344698162e-08 3.677703028916877837e-08
1.893999540573313210e-06 5.153260394978421703e-06 9.049392132734391292e-07 6.911190391242273000e-07 4.379441487049858146e-07 6.142259314361173840e-07 2.343667097432152689e-07 1.551303259242079202e-07 1.139429400339481382e-07 6.655212386878886490e-08 5.441361118811735384e-08
6.923326074776537561e-06 4.267984168965331055e-06 1.630101401193389869e-06 7.224128019718723864e-07 4.569444419684093046e-07 2.596319232558905496e-07 1.852898024702358033e-07 1.538292370917196988e-07 1.011504058325494011e-07 8.100776174105528162e-08 9.794303624306353281e-08
7.530924915551613936e-07 6.433198931922149650e-07 6.644523141648948425e-07 1.801163163543854976e-06 3.030094719096634193e-06 3.191887276305648658e-07 1.939200663176544612e-07 1.964482613253590734e-07 1.145410100565210689e-07 1.808156983139819173e-07 1.430859340891716454e-07
9.204778808102055762e-07 6.625220864707133373e-07 6.501569497597707031e-07 5.435076343640981922e-07 3.933800789415725290e-07 3.067604834552418085e-07 2.906827744639356786e-07 2.501561291693319429e-07 2.720093454247168432e-07 8.315589166768831408e-08 1.615232402152396550e-07
2.313735335256332429e-06 1.503188245981994825e-06 1.291436232334494759e-06 7.024478204431048253e-07 3.395873340920580209e-06 1.207218366766168599e-06 2.592226243452363923e-07 1.865836615750336871e-07 1.005233621115281887e-07 7.022520451040179870e-08 4.426451301372642030e-08
4.700415036698766862e-07 4.568239870990341334e-07 4.117392146144010266e-07 4.099930792908833756e-07 3.026547463691183611e-07 2.439526864821777006e-07 1.882903340240551744e-07 1.503862462794428924e-07 1.211676017894450817e-07 8.952458741189405661e-08 7.468687214676546288e-08
4.021180532113830889e-06 1.521495818721191415e-06 4.764023269976167420e-07 3.305870267925030928e-07 2.869449310839348711e-07 2.268620550299923492e-07 1.764485386378760931e-07 1.311254297471014814e-07 8.818992848383116304e-08 6.746451731363107185e-08 5.225879072753627622e-08
1.265202113441541244e-06 4.621338561338681918e-07 4.648520290458038212e-07 4.274633213716288440e-07 3.115075366885816935e-07 2.668147516661862984e-07 1.973772077826513933e-07 2.730850737159086339e-07 1.606100164744207305e-07 9.257407955406544087e-08 5.584404506820617475e-08
7.182632238105090433e-06 1.059724708469062584e-05 2.769691551172628156e-06 5.341307382409853298e-07 3.179539945449699282e-07 2.675040079834133614e-07 1.989295411300675979e-07 1.419684907447776692e-07 9.539722773506238487e-08 6.104465745981789853e-08 4.120032680350804315e-08
5.987139172212902615e-06 3.253855038387121633e-06 1.505723586929128278e-06 8.609323974236376857e-07 5.054645434843589463e-07 3.848901190909005143e-07 1.857956519279980038e-07 1.418869808081678584e-07 1.521610029283277706e-07 8.290302183569631919e-08 5.607424617497813598e-08
4.228902655466517231e-06 2.783712472754028363e-06 1.719756300144180162e-06 9.486847072332040758e-07 7.239058428495578265e-07 3.464102914774922054e-07 2.886337164896045694e-07 2.030885006393316400e-07 5.352269561728918436e-07 7.949445137285312206e-08 3.837912224257363451e-08
2.314240459749277007e-06 2.260825691892627608e-06 1.433580708709063169e-06 1.286667529850235952e-06 9.917051024269563254e-07 9.284705535255663639e-07 2.608637345432861519e-07 2.113760514676453013e-07 3.796996069387904304e-07 3.318160124386961001e-07 1.557775036317154026e-07
3.673739307160585635e-06 2.045031277341362076e-06 1.794701415517547396e-06 7.418303489991107360e-07 3.708074029895705089e-07 2.536364179632232751e-07 1.988010112948455727e-07 1.491408612931849142e-07 1.040143454514438265e-07 9.915543501274843466e-08 2.974632266216331066e-07
5.467395193051299473e-07 4.947883843226366627e-07 4.848204815609912650e-07 3.930566111881705286e-07 1.679210989224661831e-06 3.502898700266372806e-07 8.211610029905503560e-07 1.767353407947179060e-07 1.726003666790705767e-07 9.019132586282437220e-08 1.109423655490460837e-07
1.487581506231778278e-06 1.306687256453069726e-06 8.932913579550422207e-07 7.114810716242399188e-07 4.878414406051715717e-07 1.246226459258048775e-06 4.054924253888756538e-07 1.756708528626604712e-07 1.759643365103411370e-07 7.730005506704022089e-08 3.186578747392969472e-08
1.584689815366648430e-06 4.768157471073060754e-06 3.318047321627085026e-06 3.251771983836203790e-07 2.279873344013848618e-07 2.026797615363758506e-07 3.033556204482497609e-07 1.281595738728952094e-07 9.439254324261175619e-08 6.357309101808842378e-08 1.246507190757949255e-07
4.287221088736360953e-06 3.128688171173288729e-06 1.458874706360826359e-06 5.764334230245361191e-07 3.758871416118932310e-07 2.657964816242249053e-07 2.183778385508692203e-07 6.743911268109387035e-07 1.308793929091485296e-07 1.634663397531732280e-07 2.137840571383905181e-07
1.217392901649147206e-05 3.863542039094811862e-06 2.284233370575919521e-06 2.276626959271579520e-06 5.719339311060953558e-07 1.056343189107553936e-06 2.531777006367523224e-07 3.082154203693840793e-07 2.705290055068163588e-07 7.334567341728394443e-08 8.906437198251654724e-08
4.847658062722391093e-06 3.358238830718342727e-06 1.520483757105983453e-06 6.768555738967648148e-07 1.004072237967608119e-06 2.800778086194200470e-07 1.979455297622030508e-07 5.918449156852552389e-07 2.616651218117703003e-07 1.598006678345932617e-07 8.719597706592357308e-08
4.580748490620518723e-07 4.834842938813557753e-07 4.198399783669354195e-07 2.735270534140116970e-07 2.223629435637691642e-07 2.082065597887345228e-07 1.875983247949117219e-07 1.538075278456051157e-07 1.362199997635222298e-07 3.373947259224718387e-07 6.817126944229163901e-08
4.384533096842252189e-06 1.318715742090820466e-06 7.539132070785350344e-07 6.354234316645740698e-07 4.284444723603848976e-07 1.200428101654886438e-06 2.254362456358776621e-07 9.646393314586180443e-07 1.564657086563742143e-07 9.229208280674494662e-08 9.389601275855250732e-08
4.284603527431668538e-06 2.570556516801314581e-06 1.505705754523354928e-06 4.810746985243100603e-07 3.399177209142718820e-07 2.723887884508068330e-07 1.991557650928373865e-07 1.356398320804530306e-07 1.553984491595820268e-07 1.577588339025995061e-07 3.167373792878604125e-08
7.877644473282954575e-07 5.649211750110351779e-07 6.118436188711968385e-07 4.135384959351738484e-07 3.078638609920905471e-07 3.906278759658458010e-07 2.126036967425636075e-07 1.478428936955493017e-07 1.541988630677253887e-07 1.342118765808707747e-07 2.042810948757196749e-07
2.429834941059167393e-06 2.146306697175458365e-06 1.762511834021413000e-06 1.210301992723152583e-06 1.565121377098792623e-06 3.713152232343700476e-07 2.302566590274179823e-07 3.836575677092157081e-07 1.310043888285614923e-07 7.650343436181652207e-08 1.261961756981386371e-07
2.751696312106595304e-06 2.226253639178048270e-06 1.240158192790226009e-06 6.520713139578322551e-07 3.034281636064645437e-07 2.712235636510833333e-07 1.996111763833764058e-07 1.463295441084291120e-07 1.877025643513435259e-07 8.673813295206905075e-08 5.835004652596887176e-08
6.580385754373434295e-06 6.853645662085569549e-06 1.950606032633039258e-06 1.243298663299471612e-06 6.282755041137900434e-07 1.828280745851929711e-06 1.961588852121635515e-07 1.532179684007869060e-07 4.972344372549256442e-07 8.023226979570019278e-08 1.663961863194338488e-07
5.510707410236746356e-07 5.370663120292163831e-07 3.845173418734823923e-07 2.976645827492697591e-07 2.664834578102093044e-06 6.413869193179092481e-07 2.136151656201643180e-07 1.346656034463221596e-07 9.137385033109582862e-08 3.434632884231469512e-07 3.763575213700484027e-08
1.336229478336511374e-06 1.012724110082403453e-06 6.638959134979866640e-07 3.816898738477798064e-07 3.367040421927488476e-07 2.723473014181896192e-07 2.461470765490396607e-07 2.037146352938373648e-07 1.295682917740495803e-07 2.502297527934669923e-07 6.197711397282072738e-08
3.956729766696961089e-06 3.992070824483038653e-06 3.716899765596881498e-06 1.996876089826459230e-06 9.878843164456629591e-07 7.739400009350016140e-07 2.325358678114475107e-07 2.108255959367381548e-07 9.835201557198145161e-08 2.214566211268963325e-07 1.028336936104820074e-07
3.767078958085944210e-06 1.567118444741733822e-06 1.568297765781968032e-06 6.715480251303118736e-07 4.543798640749010648e-07 3.728929345957825419e-07 2.741443020901727783e-07 4.859964720529248399e-07 1.338662142386634951e-07 5.330166884632422866e-08 4.669689531870197717e-08
9.115062063857968680e-07 5.109661756933306370e-07 4.831980458748752258e-07 5.066695747750560181e-07 3.679923578682083229e-07 3.123083315069882381e-07 3.745761912692127561e-07 2.019585410243273335e-07 2.385215154018070565e-07 1.157743480160439753e-07 5.098194715107504863e-08
4.290307268191122745e-06 2.153890081688087799e-06 1.591691053080453084e-06 1.244404079144807243e-06 8.564199567797755015e-07 1.327532676984671085e-06 2.310161682665587897e-07 1.428159232559483015e-07 1.015504913339261301e-07 8.686034672852207549e-08 2.777188307361929345e-07
3.381816258162895304e-06 1.724623389626823445e-06 4.186232832553705571e-07 3.332659953228284459e-07 3.386621616225676218e-07 1.555539819409673940e-06 1.665424631097294344e-07 1.249578561933086218e-07 1.662678544729585181e-07 1.074027657646536530e-07 2.188741886206709347e-07
3.684077025498621614e-06 2.180091080132031190e-06 1.118920402835649134e-06 3.081477449463913797e-07 1.173869934012843654e-06 1.851993563709719334e-07 1.281725129544722431e-07 1.258767394484031907e-07 2.203103435076744567e-07 1.071510387402649703e-07 7.384903436584613547e-08
3.812910704784118967e-06 4.599178438534336201e-06 4.701944102171330128e-06 2.013363589621695945e-06 5.873432446630782813e-07 3.993180123494224186e-07 2.043695270981725490e-07 1.197140019018418679e-07 9.021301170770359986e-08 1.662556365645894203e-07 7.687882980357157901e-08
4.750761211250029208e-06 3.520800034522917212e-06 2.623716607352790670e-06 1.645541961263237746e-06 5.146798009589826609e-07 2.513315691323440691e-07 1.726542980341298702e-07 1.675239594003763494e-07 1.288013839176624217e-07 3.899377838335619613e-07 6.022501063114072131e-08
1.800846575933194885e-06 1.369420183612326277e-06 1.065540412527211580e-06 1.247786625265203281e-06 5.477341361406934597e-07 7.730497287704942260e-07 2.761315083725463613e-07 1.577470234748120415e-07 1.940993664728222622e-07 8.938896147454593455e-07 4.570336030005537782e-08
3.646572455600083119e-06 1.594966683014414521e-06 4.904759245407766639e-07 3.001957976039875915e-07 2.352642506308316671e-07 2.083529678852869924e-07 1.677476918042963152e-07 1.630831929527861359e-07 9.551787457883571562e-08 6.183847708830101168e-08 1.817930395253667340e-07
1.099871332540648877e-06 3.633089754607161784e-07 3.499401859064524193e-07 2.900275065439543574e-07 2.485593191252933931e-07 2.040395896192429549e-07 2.043163639041826651e-07 1.399292435152584962e-07 8.893391664846965123e-08 1.016039065275613067e-07 3.842255878860085989e-08
6.452785784035924539e-07 5.839990504484426249e-07 8.326394231810455051e-07 6.966122751287871074e-07 2.929601174221546019e-07 7.467240714541742517e-07 4.387603846824442905e-07 2.584091696353614244e-07 9.446889979803233078e-08 1.823014549181515191e-07 4.340971327030158809e-08
3.665452996067309108e-06 1.129067612636244642e-05 6.192032195071610039e-06 4.264334729528358154e-07 3.405102961395185404e-07 2.217384003783989803e-06 3.840913398694279494e-07 3.287749129528815486e-07 4.777773988213314978e-07 4.633101539518805351e-08 3.044367543662279521e-07
2.087702528402310367e-06 8.824721668639794915e-07 8.538350225150761519e-07 8.394156741717104786e-07 3.018587431878692317e-07 2.258711401951843991e-07 1.855511431728031726e-07 1.718737734321746136e-06 2.026125518292016083e-07 6.454878913864393445e-08 7.543161443719180678e-08
3.213893629218203228e-06 3.084684483863508182e-06 1.785038666862770747e-06 6.397853015323178966e-07 5.652247064062562181e-07 9.099253218150844691e-07 3.022788733563764259e-07 1.288381025023906247e-07 1.337910438570900942e-07 7.692141294990311679e-08 7.095329237850604336e-08
5.425369381057362309e-07 5.042484253570601576e-07 4.327330991696261856e-07 3.978264720397428619e-07 3.273952797860553174e-07 2.667852717121297884e-07 2.011557390353776125e-07 1.438035165863449255e-07 2.604695372236059683e-07 1.067361354434040367e-07 2.604614895144541947e-08
2.929208189864422326e-06 2.815627176365524039e-06 1.164710822507151788e-06 5.994782386454082746e-07 2.936664905856351201e-07 2.162207867802038532e-07 1.778494812312813845e-07 1.424861715852327528e-07 1.016059284900991994e-07 1.234055742928885380e-07 6.133834243471325614e-08
3.097230035813798943e-07 3.602237661423633503e-07 3.409215719700148712e-07 2.714562517574757066e-07 2.261789802851282143e-07 2.040376681671029283e-07 1.749810492389238434e-07 1.153328483082163196e-07 9.642917807201269631e-08 1.822456854546649175e-07 7.060980258737382406e-07
4.235976878867792621e-07 3.312154142514460826e-07 4.660319661258541499e-07 3.961930560921890253e-07 2.726044807851461174e-07 3.074053319784804716e-07 2.049529970658648432e-07 1.988370706785981277e-07 8.327829988616081271e-08 5.125218875535896345e-08 3.135732102221757550e-08
2.338563079576706561e-06 1.658912545263416861e-06 1.012240818703839559e-06 3.879887892756149620e-07 3.055921431456871427e-07 3.124896489163520140e-07 3.421004289430382988e-07 1.319940451062947354e-07 9.290904979718355688e-08 7.862917140539826064e-08 5.740921939733519651e-08
9.070605673070144663e-07 1.101954981957913643e-06 6.145914554601795902e-07 6.715214626254560931e-07 4.126723174785668814e-07 4.161167279313028610e-07 2.496239491068959941e-07 4.992686614551302412e-07 1.066068755406005735e-07 6.731363812755393733e-08 5.484748602649203816e-08
3.256011562145321260e-06 3.020008723820211942e-06 1.669652474397398477e-06 2.886216534049853123e-07 1.897908386805453424e-07 1.610696097599842019e-07 1.436413880204007490e-07 1.547152344157962870e-06 3.798204744211830513e-07 1.528407995174241022e-07 4.266354987273445729e-08
4.657397900927154727e-06 2.406711080128504781e-06 9.300735330532044894e-07 3.750618609062735800e-07 3.147962208727345599e-07 2.393355116253018962e-07 2.216556676491726081e-07 1.515206308427968083e-07 4.703745469383676852e-07 3.227046482350221262e-07 7.920427063020184244e-08
4.329108322077893248e-06 2.451003221458533294e-06 1.394082183163985980e-06 4.192530475190266256e-07 2.790773487450347187e-07 2.526942806805009587e-07 1.353313000729000881e-07 1.012486963876599324e-07 1.291082793636903778e-07 3.197768312397143618e-07 3.950976643561661649e-08
5.171090527687573671e-07 4.468751240281253943e-07 3.679111259541265206e-07 3.265036884707237404e-07 2.320746587994919480e-07 2.165809716540689418e-07 1.679820426901296710e-07 3.176257171698415348e-07 1.282528896276490297e-07 1.401350533918883536e-07 1.738753039640168008e-07
1.260828265574244505e-06 1.015376304768556261e-06 1.496837426234802438e-06 8.873407209032654211e-07 1.125206215474765815e-06 2.647077257999383376e-07 1.905371561336172149e-07 1.313447960922473047e-07 4.730323792145774224e-07 9.496611688703030831e-08 2.317117779934728163e-08
5.458315505593873992e-06 2.799010257894761190e-06 1.357332449639102011e-06 1.161505689991052697e-06 9.251334039805855676e-07 5.778058696628855564e-07 1.970852955120097964e-07 1.321259211898881962e-07 7.213370512394413867e-08 7.154868019867404432e-08 2.814039331793959914e-08
3.420508724299116872e-07 2.789200732147769156e-07 3.060138798324411778e-07 6.211025164053669838e-07 6.299350269500431625e-07 4.555493773325362308e-07 3.423768998911547877e-07 2.504354997806627699e-07 2.307268924315778754e-07 6.796473289887011364e-08 3.208435634124751482e-07
5.065132141929283894e-07 4.942848867220634983e-07 4.189075825270286119e-07 3.445688402685683612e-07 2.865712109249649545e-07 2.221868614835483208e-07 1.786673447723440418e-07 1.654235071914392378e-07 8.843689254788657775e-08 5.816615900421453874e-08 1.208680339874464539e-07
1.671105292051040413e-06 1.049714866257809529e-06 3.026004855798324159e-06 3.893652212727029090e-06 2.153491141575601827e-06 2.061084751628031844e-07 1.442299400073215237e-07 1.068820257869054683e-07 8.620412041626951853e-08 1.014254877355250200e-07 3.921563610357609043e-07
1.229185382528464849e-06 1.179907967068126561e-06 6.054445868229352965e-07 4.041944216454772402e-07 3.088027419878634535e-07 2.347760324593590642e-07 1.710851846249773628e-07 1.263970154160355762e-07 9.377860899479943603e-08 2.131654348316205766e-07 3.219113034168203510e-08
2.860381957388290755e-06 2.771330098001597252e-06 2.068024564175057250e-06 1.641477937790123754e-06 1.460625535235018211e-06 1.286391235310719372e-06 4.833552218326289240e-07 2.235169354381093737e-07 2.825871711112891702e-07 6.163944901872484231e-08 1.937245831301644980e-07
1.993587722612702971e-06 5.735558954912388692e-07 2.739319861472811587e-07 2.568757880250645275e-07 2.056000509952976051e-07 1.944862401392729513e-07 4.523651651798645917e-07 1.098900164289624903e-07 1.852353542798398510e-07 4.567311627580731208e-07 4.873387256642610271e-08
4.890284427806404110e-06 1.775480649632801148e-06 4.880959514607009681e-07 3.454175666186134040e-07 2.459703542020455071e-07 2.148786615473981283e-07 3.990811213487528334e-07 1.215589929787851445e-07 3.365058684250146434e-07 5.776599135866593350e-08 5.043474636255387765e-08
4.959822110116601162e-06 3.876993011549043005e-06 2.285911272959728373e-06 9.412164882029619839e-07 3.502836473828896816e-07 2.096760133697561645e-07 1.863623308764101053e-07 1.184109853706319840e-07 8.604285736923208651e-08 1.034452407155639920e-07 1.271843290971833308e-07
2.687195008751220364e-06 2.866744344449975177e-06 8.940757023840535222e-07 6.453234355075667893e-07 8.517538950335009815e-07 6.110776318000808778e-07 3.920568608740704736e-07 1.071671382081769885e-07 9.004247122803952806e-08 4.575913291459027884e-08 2.802771956354057639e-08
7.421005411206946256e-06 3.014637144584352747e-06 1.672856531601233173e-06 1.030474549346624543e-06 2.978603271193703581e-07 2.544834622691066536e-07 1.906727878232075493e-07 1.163753333083772189e-07 1.166978038421048737e-07 1.784362832563837356e-07 3.156453500302798968e-08
5.217639403002199452e-06 2.665831376812182046e-06 1.162820006414083122e-06 6.176030282245247146e-07 3.543780670779761625e-07 2.514945235381714158e-07 1.617602711486264800e-07 3.166170669510020428e-07 1.582084891374555637e-07 3.214080801678625948e-07 3.378979647216840629e-08
6.626319213754008940e-06 3.348840010492543834e-06 1.043211529182443932e-06 2.682462246801884709e-07 2.488900446087070999e-07 3.028593037870601158e-07 2.512069803816974919e-07 1.273917453097579982e-07 8.417822419410644710e-08 5.681520195086337495e-08 3.794116496888756504e-08
2.710947202502533293e-06 9.959026467302537131e-07 9.937568894496714915e-07 2.095798762743809564e-06 2.919638304026568564e-07 2.475218803830844934e-07 1.619743636498165307e-07 1.145461752679738399e-07 8.006542007091677222e-08 5.418882088762376390e-08 1.363305353194965518e-07
