4.544640136498564420e-07 5.766342956410820859e-07 5.184550727980467712e-07 3.884783602670323001e-07 4.187647925345473436e-07 2.137174611021080072e-07 1.592359890380383409e-07 1.826572245824361179e-07 9.251783141277081918e-08 1.981895754287237113e-07
2.012537255391337205e-06 1.971773637785699177e-06 1.711183418443040806e-06 5.557967761326649391e-07 3.930013413223085625e-07 2.867498807369181198e-07 2.144729307949410050e-07 1.492009396791450126e-07 9.664468754181651526e-08 1.240708548129402147e-07
5.734086470047296331e-07 4.473650023245954033e-07 3.964328411870910948e-07 2.765479707637314056e-07 3.411854252760843282e-07 1.770965746271173372e-07 1.277489809659855112e-07 9.095970926858253241e-08 6.597815287780576580e-08 6.295236620442552325e-08
4.478960409391756418e-07 3.923554622680890547e-07 3.853735839631563896e-07 4.182239349758290438e-07 2.666089717232392435e-07 1.814361232196583613e-07 1.391054555840955603e-07 1.429619362233185022e-07 7.811182363581363325e-08 7.570882427369972137e-08
1.914986632772463643e-06 5.001958979931401333e-07 3.368722361289288797e-07 2.301472322803804495e-07 1.980952003905091736e-07 1.681994245664085618e-07 1.351653754631673995e-07 1.226194456044481314e-07 1.173157827336341150e-07 9.921939146483945125e-08
2.165463196171110147e-06 1.868120081825806571e-06 1.387547461483402506e-06 7.300078099396661147e-07 6.933643428204323380e-07 1.161837502750025570e-06 2.295961882978983446e-07 5.051457246143318147e-07 1.136026966472883481e-07 1.031830978769158455e-07
5.798915586082447511e-07 4.838884190659694235e-07 4.058370982170359878e-07 3.575864308926482999e-07 2.879644002633195861e-07 2.775392621729123053e-07 3.117346388832513239e-07 2.886168821546991511e-07 9.634830730910824843e-08 4.391558657610208196e-08
1.490159315967637999e-06 7.487119332023438987e-07 5.192776611510918452e-07 3.860987419507822364e-07 3.000049987790734935e-07 2.323985388528396033e-07 1.733686425816704096e-07 1.172862381910782040e-07 1.442637378590330213e-07 7.613470964701423276e-08
2.167312209626136617e-06 1.784673316389005616e-06 2.236106641397157571e-06 7.019473290703222184e-07 3.275344846781863875e-07 4.787372215515605268e-07 2.040845669514457769e-07 1.263251434690780356e-07 1.391732590783551647e-07 6.450658463373313323e-08
8.109185642862034764e-07 6.407362938869673793e-07 7.001567744364868657e-07 3.242768833666423521e-07 2.411825836026711344e-07 2.735918955695997945e-07 1.675173006751960153e-07 2.319879285917744362e-07 2.474555501676070924e-07 5.034052577932245766e-07
9.514019924001214591e-07 6.845553504748537676e-07 1.120463266822260256e-06 4.035011272228925828e-07 3.077779660217083963e-07 2.367058180988440105e-07 1.676682569486195593e-07 1.197188093367412670e-07 1.974260240170566411e-07 6.204021154653178598e-08
5.554015966391411804e-07 7.469692579180618240e-07 5.782463386145137050e-07 3.943294369845549701e-07 2.699512750589579116e-07 2.699637762295099324e-07 2.691435512693855976e-07 1.255194431953769301e-07 1.104228032984132367e-07 6.327429597882470875e-08
6.665137756480319659e-07 5.194070144164022287e-07 4.166789198228136208e-07 3.546057664361184352e-07 2.912401996191709596e-07 2.279561923593704186e-07 2.601555059877757512e-07 2.235272692855784652e-07 2.436389707980718480e-07 4.627660461068603639e-08
3.910982607216421602e-06 3.114124590247219711e-06 8.665682274152132585e-07 1.042045865210201575e-06 2.410833723106419103e-07 2.263021928793568549e-07 2.762056436220065552e-07 2.894519172943166920e-07 9.775352279060770474e-08 8.764958521003748682e-08
2.463089678671515238e-06 8.662324148906875598e-07 4.859231869549011267e-07 3.891493130353688764e-07 3.021102510798712966e-07 2.229114716437584250e-07 2.205966363294933578e-07 2.412402135748423375e-07 1.435889856724406646e-07 8.723925213611077526e-08
9.126560151659127553e-07 6.700679627208873840e-07 4.164009817931337607e-07 5.504202131173609740e-07 3.359784005084758778e-07 2.688925148163245966e-07 3.106335809976656198e-07 1.562303647485014826e-07 1.740407814328939120e-07 2.217871260800528785e-07
8.335792580781577274e-07 7.824814715322636905e-07 5.086783956206048152e-07 3.808899004001732242e-07 2.342097539995790099e-07 2.565210232840651269e-07 3.734515798455868595e-07 2.846596184852303941e-07 1.714260580901582013e-07 6.859644408329196267e-08
1.565925893951853828e-06 8.000790652102005942e-07 5.963042249131143111e-07 4.011789810732699969e-07 3.060919501736743016e-07 2.831542524617810379e-07 1.887121952836253778e-07 1.061345012208892059e-07 6.394839587167390477e-08 7.075819407038070181e-08
5.415569322455728259e-07 3.973148443984467314e-07 3.555808041797014443e-07 2.769011397296304754e-07 2.144952501234187318e-07 3.053460876516901143e-07 1.962923146020676531e-07 1.411315023956752843e-07 2.240526121710003845e-07 1.407202860140138795e-07
1.172281164944079894e-06 5.714339417342131660e-07 3.978763494177645946e-07 2.746010444905588261e-07 2.381773716736332576e-07 1.624903389262159672e-06 2.371359839303133900e-07 9.934017896681719541e-08 6.029433160717116980e-07 3.330881577521743214e-07
5.517245113654500607e-07 4.324540984690644798e-07 3.507741166193557970e-07 2.808221038147540053e-07 2.197416717804648737e-07 1.922228023380855874e-07 2.059645930987813903e-07 1.383879846773965502e-07 5.757836446826577816e-08 9.376378336460717050e-08
5.401546438069897133e-07 4.756273079604886197e-07 5.864075915286698083e-07 2.435566988004824299e-07 1.914328787181257014e-07 1.568217562191723042e-07 1.195934217186171900e-07 9.245825643680930116e-08 1.645035702451131539e-07 3.346010082681325631e-07
5.193834630023587732e-07 3.665691650079492137e-07 2.809984540999143572e-07 2.147622084713725260e-07 1.775090159547441777e-07 1.398191023803369729e-07 1.107293555906039290e-07 1.883857075617911077e-07 8.985253263020494066e-08 6.550803313538174641e-08
1.586668802985964034e-06 9.022747273429160346e-07 5.342505924566502184e-07 6.235404967747332685e-07 3.365321944229045728e-07 3.672434155042276474e-07 1.464786362193307915e-07 9.499568971814952165e-08 5.831909167044967944e-08 4.440421369143984076e-08
1.023646172465237950e-06 8.715530358450958262e-07 4.541092922203334467e-07 3.906641821058081879e-07 7.006282720547064430e-07 2.032311428210475786e-07 1.392582364744332365e-07 2.167177463407292738e-07 6.641130806132075548e-08 1.106493140826792975e-07
2.352476654101111320e-06 1.864437006449322262e-06 2.437625501417133057e-06 1.134705105520634842e-06 7.600758467455709800e-07 2.278521192507115906e-07 1.635009289384276232e-07 2.275940746951757126e-07 8.496051488440532417e-08 1.094015911665198229e-07
4.536375115445302196e-07 3.929388988493642958e-07 2.776179341467978940e-07 2.349563927392607588e-07 2.036741476760372761e-07 3.837419105227851489e-07 1.297540054016641122e-07 1.360000980308974442e-07 1.590457880686473407e-07 2.403413868030601767e-07
1.075645976474501122e-06 1.335889048338626693e-06 6.572288761685479779e-07 4.674509423836511817e-07 2.511664452001068885e-07 1.991219403557318633e-07 1.525175580217141141e-07 9.716489663147504320e-08 1.897065340901377221e-07 5.973636079559136115e-08
6.575183408967179820e-07 9.256023759346601097e-07 3.484760556130369100e-07 2.833411664089791011e-07 4.315610982508445130e-07 4.270676896485030951e-07 2.442323642020860302e-07 5.110525636290649464e-07 3.323019274604871654e-07 1.842845912896160337e-07
1.942233522097264859e-06 4.849432392265821044e-07 3.567190693457831401e-07 3.181122069595398763e-07 2.716837526491110596e-07 1.898955436062562667e-07 5.961517658194870633e-07 5.443894621712311251e-07 1.518549028930989341e-07 2.568017872991468316e-07
3.239083668567777707e-06 8.146030814462232644e-07 4.084454671563160151e-07 3.016203629677824304e-07 2.214038972490806381e-07 1.733671308048644327e-07 1.203913691900868436e-07 8.264531663595388994e-08 5.253467988713348594e-08 3.944739151739550887e-08
3.027739135377595765e-07 4.002505907440805098e-07 2.629623596419291612e-07 2.386342170343774254e-07 2.491259521077656607e-07 1.732542993017405024e-07 1.967999737018188066e-07 7.297311570989503080e-07 8.505467942508551270e-08 3.082671982394799911e-08
3.729922071893119354e-07 2.149998818682573410e-07 2.016531524529531264e-07 1.561600784498038319e-07 1.199686528927323752e-07 4.231214893898010629e-07 6.963293880219871679e-07 4.150229886157400192e-07 9.600441763658596493e-07 1.879455735078452942e-07
9.078684487794240720e-07 9.003978735107054952e-07 6.908007571370117200e-07 3.508877454146791273e-07 3.141958705398044042e-07 2.477447295362582750e-07 1.818715084589556349e-07 9.600625453096522460e-08 5.816363877285329010e-08 3.522298422314062454e-08
3.075680210849466940e-06 1.925677629858061420e-06 5.842693625862753287e-07 6.495358341611510427e-07 6.279884204876877821e-07 2.013388951207536424e-07 1.415347427589948510e-07 1.362948336317986132e-07 1.356540263125889793e-07 9.566070315297833917e-08
3.199648873178810431e-07 3.675574765849368591e-07 2.706171985794643158e-07 3.012988111971387719e-07 8.135128844065974831e-07 2.374760247539576942e-06 1.909502715478288583e-07 4.634317150700910123e-07 6.113328701805257933e-08 6.511449111983548600e-08
6.413557804458043575e-07 4.757595288120703405e-07 4.980527599958277235e-07 3.226749433740266158e-07 2.812260405205811216e-07 2.193703818276513948e-07 1.313707116714774307e-07 8.628059690599208547e-08 1.179241313876837934e-07 3.369301994407028456e-07
4.412184619872214582e-07 3.735357920441065710e-07 3.145244002935328222e-07 1.088239982956999208e-06 1.443836765734614213e-06 3.310791238295136249e-07 1.466127088438187122e-07 1.692491321358056508e-07 5.078549111326688897e-08 1.406020677280811282e-07
1.340740915008570502e-06 9.581397469096470592e-07 5.857159500407655840e-07 4.346859798497677077e-07 2.885061826496353612e-07 3.424103841543985654e-07 1.450564231160002865e-07 8.940296770187404836e-08 4.968286370804397427e-08 4.895152170022165323e-08
5.088049502191860404e-07 4.444571062571736898e-07 5.510245202750282148e-07 4.574884303171096784e-07 3.421734115104290799e-07 2.396345075228307953e-07 3.394620428003440605e-07 1.569201051108823455e-07 1.286571257736390929e-07 2.841115494515409244e-08
2.146683576760483390e-06 1.338151516785288529e-06 5.349960387032341628e-07 1.372584350117767626e-06 5.244330623809100628e-07 2.387941812913543022e-07 1.760468568992883902e-07 8.229116242835631154e-08 4.628560273174055371e-08 3.600736649376010560e-08
7.683842732111707578e-07 3.964256912357222247e-07 3.288129232297183061e-07 4.735839084110065519e-06 6.566068713430159775e-07 1.587086421111572391e-07 2.945087209727501302e-07 1.141633754789658957e-07 8.273859092206389890e-08 3.114138759579813279e-08
8.285617435071186509e-07 5.224312010402690738e-07 4.218606073935792838e-07 3.034407132292861162e-07 2.317414144615403947e-07 1.850820930790993867e-07 1.373667271375923007e-07 7.307936745888652800e-08 5.913671780157536361e-08 9.021057624327327231e-08
1.097832903176330793e-06 7.397965903148424761e-07 3.691754818379073781e-07 3.108148121687510923e-07 2.547088202067827026e-07 1.937086564513812641e-07 1.300033395275519339e-07 8.437599816248105616e-08 5.412010249137391454e-08 5.407087938391787199e-07
8.801951424334101496e-07 4.138467840854635570e-07 3.135252126139740269e-07 2.289559081804954809e-07 1.806347207199067676e-07 1.407537252248573624e-07 1.812654186845179599e-07 2.363899017621854975e-07 5.574562634515113759e-08 3.144055759446509764e-08
9.116771389004114441e-07 1.664857817390053500e-06 4.333430210442319427e-07 2.166774696270438887e-07 1.644113816072177049e-07 1.428403319183141151e-07 2.918485489076574609e-07 1.657640362100796552e-07 6.851853524413129374e-08 1.789669421089842272e-07
1.726965746295084453e-06 6.189922180695718567e-07 3.719791330555022619e-07 4.965994670474982315e-07 6.066793950187148283e-07 2.258217336031634860e-07 2.591044381793068587e-07 7.523899575726795370e-08 5.196857076314870916e-08 7.155009382040310025e-08
1.121729903281640088e-06 1.139466679346896833e-06 7.379437474622032632e-07 9.999148886695464655e-07 2.823254884322543119e-07 1.950718334967144051e-07 1.405206280466209237e-07 1.022067339514837982e-06 1.104588703931745109e-07 7.512446525659344853e-08
8.228092140740116758e-07 5.123644637491438972e-07 3.414715705003937437e-07 2.949183679044167845e-07 2.170286850276162382e-07 1.236316943091299005e-06 1.342601575519362236e-07 2.035837343795822177e-07 3.134934643073257903e-07 3.246257081266723851e-08
1.907794804353325363e-06 1.515842713565811862e-06 6.810036522986883112e-07 4.594556895755155219e-07 3.064042500910257626e-07 2.088065426265749983e-07 1.387554404663766670e-07 8.428689701970171095e-08 6.079463338530180292e-08 9.775206415229409662e-08
5.142112352494740497e-07 3.976495104679475735e-07 4.213277182969958591e-07 5.976550955943299461e-07 6.676768652506699945e-07 1.753915569078281453e-07 1.221527065760063734e-07 9.285063269439044072e-08 4.128603884572112693e-07 2.447976767861786149e-07
1.673777414549941633e-06 6.399561011232414002e-07 5.484535814369957168e-07 5.116100569428371956e-07 3.459483845885110391e-07 2.058207131936594638e-07 1.392155313958901632e-07 2.477994077050778502e-07 7.896190741430271001e-08 4.549376019404707554e-08
6.762324827900185952e-07 6.728675845936253462e-07 4.599975442501719496e-07 3.254617432414070638e-07 2.446610888036090070e-07 1.938590863866384425e-07 1.330758631176539609e-07 8.900211390373253016e-08 6.142328911264991231e-08 2.645293504608288490e-08
8.564500321341364350e-07 9.119013147023239410e-07 8.663290765629292947e-07 3.884000841645985103e-07 2.939851714082716871e-07 1.758699645534568344e-07 1.269194944773615029e-07 1.983565881075078519e-07 4.910821895723932745e-08 3.275764582072355854e-08
4.781387018268113242e-07 3.800413731000631896e-07 3.270800061372251177e-07 2.683713273258732251e-07 2.337368956177546678e-07 1.873305329193965020e-07 1.239224629997747702e-07 8.229335701772982143e-08 5.389531831568361018e-08 4.923094608256842287e-08
4.665241056170124546e-07 3.445849526670783056e-07 2.739590475068534877e-07 3.087303597418575190e-07 2.461088375104542823e-07 1.972372783954447799e-07 1.648663412000406030e-07 2.346291171574851073e-07 3.346723452350074928e-07 5.421249648295881257e-08
1.073793651015216038e-06 4.703307225304858579e-07 3.519324500742705973e-07 2.570035825043381427e-07 2.017086548085479114e-07 2.512864477180073280e-07 1.416515940369312583e-07 1.662877069656655285e-07 7.762599939440009268e-08 5.715993045285080070e-08
3.848058079297737191e-07 3.409139599879201109e-07 2.730072786628742269e-07 2.314331162895605977e-07 1.887529454314562513e-07 1.602871863615847838e-07 1.845888459865640291e-07 3.955334121727024322e-07 5.697088514314621970e-08 7.362007603769470708e-07
3.664712526924275843e-07 3.266588026045809199e-07 3.306413608296117673e-07 2.924628844057497913e-07 1.909741165317647405e-07 1.530588471126903702e-07 2.520023998139131653e-07 9.801172701195811347e-08 1.643249717624342460e-07 4.169975573469476008e-08
1.187799330229129387e-06 3.661726770164116064e-07 3.572063942115229758e-07 2.816393464624964362e-07 2.710431924158969446e-07 2.317732517564341750e-07 1.224578581399109019e-07 9.672525450580938635e-08 6.613086418994640524e-08 8.948146345068037460e-08
1.901115264853126494e-06 9.129443499866559733e-07 1.018549974177684944e-06 6.491108962432548275e-07 2.220019288769137899e-07 4.601935923100918272e-07 2.959412364640385020e-07 1.255069139455962522e-06 4.909202910508706297e-08 2.061044785552705732e-08
1.236070069127148608e-06 4.118432766102561490e-07 3.301100909559741872e-07 2.742292831031168721e-07 2.168664609406263083e-07 1.633328092042105838e-07 2.649060504885504714e-07 1.457502754705226032e-07 6.573627018107151743e-08 3.877456352239959400e-08
4.533334639902527842e-07 3.669181094254152853e-07 3.279696984186786526e-07 2.793028220832103322e-07 1.696107459431450214e-06 2.008513719896881704e-07 1.413823204754043466e-07 9.019142447270558890e-08 7.858750535422685554e-08 4.141312246405286404e-08
4.791129365966620944e-07 3.661826369239683085e-07 3.290726472228099931e-07 3.119362563286425866e-07 2.242239069854633166e-07 4.132301985862944797e-07 1.188566369679016305e-07 7.331398122413579805e-08 5.345517343922112302e-08 4.102570675279497171e-08
3.111775674053048045e-06 1.991875979733510778e-06 1.345351144856655752e-06 1.654988157155247120e-06 2.356526670955386814e-07 1.820849724786001213e-07 1.186813905401482925e-07 3.752327525019560485e-07 1.061692684592685651e-07 7.543777601078244983e-08
6.735198800682340096e-07 5.017534054074589191e-07 2.264008428924424148e-06 6.923851705035472405e-07 1.192619830907456638e-06 2.024473421688074553e-07 1.243757275498086001e-07 1.706451385735136750e-07 9.553170402707303548e-08 9.613068571744323046e-08
4.092799318310649627e-06 5.805627434267626137e-06 1.467362035867707065e-06 8.075628551728364839e-07 2.481151250356302014e-07 1.664935352463525075e-07 1.162857232667559281e-07 1.030332746480024474e-07 7.290570394452544598e-08 3.189501415292021799e-08
2.526771496128159513e-06 8.643014058941929275e-07 4.961171338835519266e-07 6.320297310946103038e-07 2.482086356164015942e-07 1.866682440661160296e-07 1.184967533364039752e-07 4.460364845818798114e-07 1.297781885879301012e-07 2.637345042767951995e-08
3.194553939288967695e-07 2.023720030344854557e-07 1.490395399048874004e-07 6.053458719146388901e-07 6.889571561704578664e-07 2.055766766779241472e-07 1.258809080691694759e-07 7.862397013917590433e-08 5.078998177210446973e-08 8.113357420810828612e-08
5.382711451516877582e-07 3.221774324237578705e-07 2.546742420706128742e-07 1.807082974159699110e-07 1.295394510354908932e-07 1.061536412383889860e-07 8.806005587454491824e-08 6.771822844833388171e-08 4.281662125053335420e-08 3.263126470002232677e-08
4.702423285774847577e-07 3.632897050651823165e-07 3.140923407844145479e-07 2.710577167276462670e-07 2.392758894343743498e-07 2.508031287667243377e-07 1.223703455304217037e-07 9.237908181767573713e-08 8.492186424496978393e-08 1.371020418345616003e-07
5.335852277835189752e-07 5.788760650041025767e-07 4.280361675856438000e-07 2.865759842470750170e-07 1.160385869774256115e-06 2.813433315018116098e-07 1.397178236248523412e-07 1.587486216446872740e-07 7.044164939679868576e-08 2.829481831423738264e-08
3.101081254893273556e-06 4.110973614213046050e-06 1.384706730499847602e-06 6.407070646255025592e-07 4.374093752809384417e-07 1.588892809151884185e-07 9.798041383470374464e-08 6.786948292718928830e-08 4.658642800839384025e-08 3.036204233439186973e-08
9.789320243193930179e-07 1.352403896053322112e-06 5.873848016421547434e-07 3.660947883110640310e-07 2.847936243097053829e-07 4.607342168651256414e-07 1.115759629879636474e-06 3.588136022584611569e-07 2.114863470541595051e-07 9.656281454407022884e-08
1.275418217374987216e-06 9.056039934566946898e-07 3.855153028706618099e-07 3.453921625856373146e-07 2.198947885091808827e-07 1.506044221953392562e-07 6.231448522983406525e-07 3.626044338913703754e-07 1.677635029962864914e-07 2.755012778267373748e-07
8.882458741413171683e-07 2.477045291024992376e-06 2.133192799766967576e-06 3.767244457477706172e-07 2.363956831734313554e-07 2.300679675078432198e-06 1.231295423259911360e-07 9.920561923206476917e-08 1.499885632927375084e-07 1.819706742419894687e-07
9.750845445116894663e-07 4.900694305114321844e-07 2.837252577510517930e-07 2.942412592626151875e-07 3.019187181881610119e-07 2.145124717205478168e-07 1.041244816681081933e-07 8.489346949440705502e-08 3.413992538909866151e-07 4.687462441378922447e-07
2.656941267256407683e-06 7.957501520682501932e-07 3.616390578213861874e-07 2.708174764686237195e-07 1.489962802064749828e-06 1.710737956537281020e-07 4.194752354467139743e-07 1.350299357307302559e-07 1.335416028183807388e-07 5.930889216188475544e-08
1.546969886849496329e-06 1.075344115986530106e-06 1.292734886647891106e-06 9.199736902404898493e-07 3.804641872735966197e-07 2.075868611676941171e-07 3.851460952225438783e-07 8.654980968129780832e-08 5.302550886005518197e-08 1.026469721103069139e-07
1.537174043115245445e-06 1.586847587086831181e-06 1.305473990803376999e-06 1.750983715495573093e-06 5.134929139684113456e-07 3.700152152170151158e-07 6.372015939155801173e-07 1.554931447023041013e-07 1.524208588047178281e-07 1.340077514106002151e-07
3.823863732955625617e-07 3.562988206676890618e-07 3.459731412790370901e-07 5.255427413621918407e-07 3.729896925310337020e-07 1.651918311840643459e-07 1.038405605552143625e-07 7.886222426489769608e-08 2.587180912253994247e-07 4.797134499094343837e-08
8.146942862311072564e-07 8.701459977528865363e-07 4.357944583355106354e-07 3.840744945234381121e-07 2.339876473856239060e-07 4.342686366359630957e-07 1.213999794809297880e-07 8.358682243564706621e-08 2.794365554090947482e-07 2.534027794695891252e-08
1.115274355823863607e-06 2.149725457768553920e-05 2.005045398129338973e-06 1.209665585195619749e-06 3.302922991307775492e-07 1.610660988960531056e-07 1.439843128811574903e-07 8.313834391070393732e-08 6.248183278395752972e-08 5.315582357888797478e-08
3.607125561461068434e-07 2.667595623248860916e-07 2.064628061667880383e-07 1.777595172864331840e-07 1.422687870460702642e-07 1.162842760307427758e-07 1.329924586927936187e-07 1.475122541602223428e-07 1.457787080547587717e-07 6.366468898727142889e-08
1.538521050113153105e-06 2.200334746224676728e-06 7.018231790504876007e-06 1.276140272851021205e-05 2.871454791645197770e-07 1.486077100948966314e-07 8.789145366326899531e-08 7.551134454047860800e-07 5.129689042539539523e-08 2.236823599469812297e-07
5.119249842027272986e-07 3.113125860350001526e-07 1.825029332658040458e-07 1.248896921070957983e-07 1.057569208732201616e-07 9.410270084733148928e-08 9.355011012395262031e-08 1.323866077696179310e-07 1.372326459300641772e-07 6.532792654447204789e-08
9.190978124690616687e-07 1.064355245989310229e-06 1.789177738976677360e-06 6.750609174682919080e-07 2.901960853100010130e-07 1.328589827640862397e-07 1.438095602462395790e-07 1.566404933729912165e-07 1.057165134789388451e-07 1.137363254584034392e-07
8.370363208487636750e-07 4.175580736546036708e-07 3.451440660562505693e-07 3.002828714105091427e-07 2.257387564472705024e-07 1.692944736567166371e-07 2.312131176076411288e-07 1.685383656586166594e-07 2.006207414368365370e-07 2.844442073102106620e-08
1.911499952759324031e-06 8.881176081410599367e-07 1.034821016670382986e-06 3.793822306554292135e-07 2.290415394272057148e-07 2.018345740380235972e-07 2.450662984361189222e-07 9.880039664839992779e-08 2.768674208639273123e-07 3.537322822000496453e-08
3.063421104797729144e-07 2.495390583049838152e-07 1.862560213925817125e-07 1.415085428388819290e-07 1.377169970515051129e-07 1.301758041824390293e-07 3.409181686909964914e-07 1.968905558831875557e-07 6.798295958144405026e-08 6.640430708552208987e-08
1.419442308121797691e-06 6.285700696815607814e-07 1.777619014741169104e-07 1.602056767212533072e-07 1.464896441759847160e-07 2.140214735520648437e-07 5.269857993923296108e-07 6.405920586438295530e-08 5.326734099708845921e-08 8.901977878282492603e-08
3.412040234190766802e-06 1.678397815698041661e-06 2.410450409499386951e-06 3.551745055157458746e-07 1.612146121829020743e-07 1.253365534374817961e-07 1.078838098409424466e-07 2.185236409543214189e-07 1.320104443957664548e-07 3.759424786139129556e-08
3.572466387501314051e-07 2.606622358582480478e-07 2.128333187316709504e-07 2.138786910451650372e-07 1.693691138543373349e-07 1.072438150850210193e-07 7.665896506813189302e-08 8.657002955222600154e-08 3.342526434062373430e-07 4.496136418274069953e-08
5.894496303433383022e-07 5.087031372875079100e-07 3.261860796683850716e-07 2.732401001533093328e-07 2.066733188341249618e-07 3.707626509724503599e-07 6.183687364847093814e-07 6.560721362584175931e-08 4.765074594001361580e-08 3.085303985876557210e-08
6.094260149165618237e-07 5.577004039549319783e-07 4.548019447153522329e-07 4.546855058756765875e-07 1.046224811618159922e-06 5.362452712866941288e-07 1.175734321319169199e-07 2.173816083764472909e-07 7.692946989993810315e-08 2.533177851777919045e-07
6.199759617449085503e-07 4.909606522599254334e-07 3.219967846071383194e-07 2.644492710223417826e-07 2.184984199284627376e-07 1.445675526231971496e-07 9.657173593084602790e-08 6.635706722921068371e-08 7.088120250166283611e-08 6.736657800006437596e-08
7.442856654962407116e-07 4.695654287968652244e-07 4.128199544912381924e-07 2.406705227890567032e-07 3.096708291166484367e-07 6.660853015249249572e-07 1.252094993192896551e-07 1.208180085496113233e-07 5.553819045130246146e-08 5.312647058940430920e-08
2.735334699426691863e-07 2.504277312471620182e-07 3.021693840896133866e-07 2.912769057873658233e-07 9.626804348325328825e-07 8.656945915659155193e-07 1.158957529180212115e-07 6.398178005778510991e-08 8.274988511853765810e-08 3.769799195683130523e-07
2.332227521304583704e-07 2.118154725011980896e-07 1.909649780745935488e-07 1.618841311232875192e-07 1.331198149094875225e-07 9.873000687225690674e-08 7.596892611841574180e-08 7.087712974034978621e-07 3.306431328437636455e-08 8.577910257828697178e-08
4.755689269615537981e-07 3.797219334512065487e-07 2.949429597506542095e-07 2.980022954676174644e-07 2.111397566922959742e-07 1.821106857200105142e-07 1.350083573929282196e-06 9.629009893258292630e-08 7.506983201005890925e-08 5.673485143468155269e-08
1.534551314492888778e-06 7.530993311305591660e-07 4.630619237903470204e-07 2.972330271156647221e-07 1.327092778381092007e-06 2.791928742798962639e-07 2.235942718585909904e-07 6.071172145699678927e-07 5.431693032571656735e-08 1.502343167441028289e-07
1.313189390200366099e-06 9.227797107722282536e-07 8.812691785620519269e-07 5.019944969495156366e-07 2.821964796044682396e-07 1.536472371670184450e-07 1.988813233866890689e-07 1.179431809620532490e-07 1.114061192577489799e-06 3.109306772790382885e-08
5.480103852115543817e-07 3.602963026652860897e-07 2.872303658543435421e-07 9.693471837244168085e-07 1.398395590176601359e-07 1.050624216354831830e-07 8.198414470159346709e-08 1.048833039121064793e-07 7.739771240450741660e-08 1.993042548919525511e-07
4.756357922867551938e-07 3.435720041690851559e-07 2.382061674852899307e-07 1.923672512116788823e-07 1.533083795393855619e-07 1.230534586323217986e-07 7.978953190617527034e-08 5.616278000424565411e-08 3.894146622641668533e-08 3.883380402830279124e-08
5.443812546207984981e-07 2.940385486376756037e-07 2.084253286307676884e-07 1.602155015147697417e-07 1.378938521054662920e-07 1.299707950608739562e-06 2.080553055956402526e-07 6.679075328810370823e-08 4.452813675735818167e-08 2.509433918415116173e-08
1.482785588082604177e-06 5.655663009585217265e-07 3.613392747499740807e-07 2.533970601696268793e-07 1.769896496538875672e-07 1.614636684332163335e-07 2.066427143162361785e-07 7.455726599911340394e-08 1.761148001805659589e-07 1.444724090294108893e-07
8.230952486328448103e-07 4.956958209770652658e-07 3.555379903831764572e-07 5.769163043360134109e-07 4.788151127248848132e-07 2.646365279547223015e-07 1.257761714849401918e-07 5.180653294680988645e-08 7.996904620642568899e-08 2.670260939819459446e-08
4.462839451003934288e-07 3.524503409873649971e-07 2.450148880264641594e-07 1.942755172093909454e-07 1.546166828673403226e-07 1.262129211773225868e-07 1.486279761286573082e-07 5.744115294625317583e-08 1.452474710842341888e-07 1.643809983315399128e-08
7.756880989096598788e-07 4.522201263244970939e-07 5.752994965723681092e-07 6.850710735688990984e-07 3.609976665528959061e-07 1.424263441871629525e-07 8.862107880890941206e-08 7.757104587486202087e-08 1.133670451719041089e-07 2.792443273836505278e-07
5.122475401058428228e-07 4.855080907985421816e-07 4.155843717117440442e-07 2.981254315647578208e-07 2.214171131734614053e-07 2.128324070779013326e-07 1.081497223497509806e-06 8.689367422900225834e-08 4.877404976686449778e-08 2.766266058888701570e-08
1.479879763650140749e-06 1.035899379291197092e-06 7.644924638995654272e-07 1.438490279485665470e-06 2.501960552879132090e-07 1.580677608553401030e-07 1.051850079764340093e-07 1.767139931467260161e-07 1.379433081728651163e-07 1.964259852563830625e-08
2.853846243562386816e-07 2.755909345615391637e-07 2.288525881357289356e-07 1.821998865238393607e-07 1.345538246792479480e-07 9.655837436506528781e-08 7.512167052300664417e-08 1.985276874795222049e-07 4.046273722936015250e-08 1.411751436870859302e-08
1.256939906232857094e-06 7.998670314393137488e-07 8.397218213604107648e-07 8.446186620252099958e-07 3.435429055621172365e-07 2.403955427651510501e-07 2.355516849836410271e-07 1.082566984206238074e-07 1.130663728050750123e-07 1.172835463237819844e-07
3.797429908568865972e-06 8.270187656578394266e-07 8.322494299566113739e-07 5.154911178426407052e-07 2.283683570461202245e-07 9.878151891456198981e-08 7.878104370556354883e-08 4.865428259838502667e-08 9.275778437570023272e-08 1.212872062704704039e-07
3.804042334363636814e-07 4.090066097684444516e-07 5.531409942258011906e-07 1.154850219774521099e-06 2.959667854468588026e-07 6.202471931966557392e-07 1.097933299504091477e-07 6.621030446580506956e-08 5.177775312438040198e-08 2.288709008324289144e-08
2.514211258645910555e-07 2.533623364164329394e-07 8.893754137182577581e-07 1.937980884857132568e-07 1.289798428015670411e-07 9.015126195199842635e-08 4.835252585705671568e-07 5.517287480380765157e-08 2.605543352655381479e-07 2.352590304385022124e-07
2.863121828125856011e-07 2.436402646257154487e-07 2.218050912083404382e-07 1.690907074524571652e-07 1.247631092718507662e-07 9.628325004488097668e-08 7.422664944448019909e-08 5.228339172100977198e-08 3.975489443399063846e-08 3.098060322509541953e-08
3.069525885435249984e-07 2.540131471002673829e-07 1.966640896088404519e-07 1.576312350673801699e-07 1.212703756756975418e-07 2.629284806481622947e-07 5.175477056613284498e-07 6.610654500114685499e-07 3.115379206272803286e-08 3.923522324464705234e-08
2.199079148516390250e-07 1.948833489922248274e-07 1.646737812505233704e-07 1.482138607650744641e-07 1.292593935140848387e-07 1.002616993952018775e-07 7.113980904816268621e-08 1.999084812201440915e-07 8.210545580788576032e-08 2.381283575140693758e-08
1.524516317766109513e-06 9.503471346407397830e-07 4.371546524543793441e-07 1.676182025016580728e-07 1.681907869606866552e-07 9.590741137717935934e-08 7.442067172589803705e-08 1.008781461681581145e-07 6.843623649844700723e-08 4.882292177465376135e-08
2.506557241502309242e-07 3.453679474864851070e-07 2.489407291576293393e-07 1.271844880090234002e-06 8.079320577630109380e-07 1.756092160002862281e-07 1.334152404153655857e-07 4.514681413003214459e-07 9.901660819617173204e-08 2.886221651588455890e-07
1.279443228996073566e-06 8.058474938739397871e-07 1.687296732725670416e-06 4.786247407815051244e-07 4.506650985010983428e-07 1.856128994753396038e-07 1.001628520277435856e-07 6.042395372304733546e-08 3.628559080304669816e-08 1.948563507596875652e-08
8.275803024594194871e-07 4.543263982627134914e-07 3.068178877730766497e-07 5.848944229386416699e-07 2.768710664715053033e-07 1.347663098142409532e-07 1.283728337624255630e-07 4.506820632527717066e-07 7.302040118894824851e-08 1.593485075702674378e-07
4.290281691671503580e-07 3.695869305112374260e-07 3.933324124678693986e-07 8.367888176397787693e-07 2.232461305075690695e-07 2.109985492362396603e-07 1.385520632319169847e-07 1.114003357816771713e-07 4.352029946397168829e-08 3.025398280871165637e-08
6.616306648878889487e-07 3.067873400019935404e-07 2.487518308730343392e-07 2.268211193290220056e-07 1.707087060912226847e-07 1.277443363379704706e-07 8.233779762371625500e-08 1.642760156145129365e-07 3.152343499070468704e-08 1.900253581697844299e-07
