6.637773393931181163e-07 5.425273106250362635e-07 5.187656431576462814e-07 4.538149631733034330e-07 3.975233073186539609e-07 3.533651352980403230e-07 3.047787749077176762e-07 2.620417462505560680e-07 2.310197098050987713e-07 1.934899788924336159e-07 1.520609323398714331e-07 1.216213592437289457e-07 9.767120934638224416e-08 7.470643768536588750e-08 1.495518020092145384e-07 5.006267639404768683e-08 1.678320283455915196e-07 5.630523836195014528e-08 3.711947602560267189e-08 9.055902241718169706e-08 1.612016247562023244e-07 1.041713228073935030e-07 2.992495537440582148e-08 7.086361897760543036e-07 6.494574476479879573e-08
3.712107158389188477e-07 3.448420231588755769e-07 3.088044837379750949e-07 3.122262891663458050e-07 2.747358603581250546e-07 2.678574266467442225e-07 2.412815659191202817e-07 2.189426922568815066e-07 1.998304196288615539e-07 1.665595656089739280e-07 1.448982180409837172e-07 1.091892059606772551e-07 9.081929589899173385e-08 6.531367296590431996e-08 4.382020560197097684e-08 3.447385819200618544e-08 3.693432683620325027e-08 1.139053201568420031e-07 1.937827907326274510e-07 6.711489463897580940e-08 2.882609661720328402e-07 1.108317154467270503e-07 8.495199860951336602e-08 8.694173838227220383e-08 2.033352814433826529e-07
7.477951719053007856e-07 6.342221993892463215e-07 5.554444817423842551e-07 5.602352936701082697e-07 4.705411418044814926e-07 4.454174735688656525e-07 3.558103916924926827e-07 2.852292007573922215e-07 2.325808820379274937e-07 2.058061619164785168e-07 1.881207386663218793e-07 1.590156420152147741e-07 5.980675398597724560e-07 1.062688641842936235e-07 1.384320458621013552e-07 8.166674256937710668e-07 7.146187556218989347e-08 4.884050702254777758e-08 8.454992211801109953e-08 2.720736736751750874e-08 7.642363468919793538e-09 1.074334254459591671e-07 4.162278787747853720e-07 3.620221081546996941e-07 7.297824578016509136e-08
7.700507845313187027e-07 5.613125465982168197e-07 5.805362624696405166e-07 4.975102680750890262e-07 4.860141176726894803e-07 4.282372290165914517e-07 3.651564904852021724e-07 2.882196990267584485e-07 2.158117666672932162e-07 1.869668736587686765e-07 1.790701485437371657e-07 1.503580102174642332e-07 1.105505070950744655e-07 8.317450597780012343e-08 5.991570135999632739e-08 4.703768560701037531e-08 3.884802516890575099e-08 2.950588500611093843e-08 5.851218401133655714e-08 9.242572316469696479e-08 6.654454585175957161e-08 3.749516231348918137e-07 8.665173592772517588e-08 1.238458697902937875e-08 4.767116618511376708e-08
3.795897215346550513e-07 3.829828603518350969e-07 4.377853039145040577e-07 3.425259573276916187e-07 2.814561684114220638e-07 2.139256481777025356e-07 1.909629237180877976e-07 1.629498344138178074e-07 1.465660101560810938e-07 1.240357863611212517e-07 1.007565077006912687e-07 8.886304019772501107e-08 8.211973333879382393e-08 7.935785356661497190e-08 7.487021727502107732e-08 6.183514777140367961e-08 5.134990742676953016e-08 5.049152268299927267e-08 6.351567936133574331e-08 3.478708346786242936e-08 1.015746132077666143e-07 2.254734161680461722e-08 5.434408837871602923e-08 1.181514912969736205e-08 7.729086277320162752e-08
1.196562988666995990e-06 1.017566153337600592e-06 9.794011327141594964e-07 6.086981921959035772e-07 4.073231201846819940e-07 3.968480477741208999e-07 5.063156054690209783e-07 5.084647917442610138e-07 2.880936220643735419e-07 2.285144813321108737e-07 1.903766344754753875e-07 1.455670339638755404e-07 1.189943712129781586e-07 9.623425537780685536e-08 1.842189970349750549e-07 5.874164813909102001e-08 4.898164808490289185e-08 3.700304279110724357e-08 1.953922815367714165e-08 9.391146384121703871e-09 4.837481172972543271e-07 2.375729732932895856e-08 2.465545084289002566e-07 2.150834564681850017e-07 1.314688057338766560e-07
6.991670447677376442e-07 5.486353060267815809e-07 5.527163383298019058e-07 5.400751812032728644e-07 4.598619339148159256e-07 3.701210476035230661e-07 2.980159111572691446e-07 2.665673500878202764e-07 2.351809915172559031e-07 1.973481163076968928e-07 1.678248977175023455e-07 1.539471521138518069e-07 1.000499166216016918e-07 7.236877072779877007e-08 9.624433566304035351e-08 4.998671070142864180e-08 5.876372287503984685e-08 1.836332803596711242e-08 4.184245656870754073e-08 1.727241321649307692e-07 9.949584716959193802e-08 4.581575472173458518e-08 1.258981978803454098e-07 9.376356326792049967e-08 7.865791548622623827e-08
8.867424061071880001e-07 1.450209845584417298e-06 7.674491788329116797e-07 6.221489484030817422e-07 4.778364278890029055e-07 3.869579580710956803e-07 3.801456183314354281e-07 2.722696585174502758e-06 3.658587877993585709e-06 1.162353010634361916e-06 6.723630130697385430e-07 1.941359235297226236e-07 1.235749869025207210e-07 1.749266359708171921e-07 4.286008638043727353e-08 3.480862226562117061e-08 6.937987180105585176e-08 1.050450665753308040e-08 1.152840734088567804e-08 1.153148384009724190e-07 6.748685681325472369e-08 9.857901413658016836e-08 2.354665025736152119e-08 2.109332820759572932e-08 1.493700547525741664e-07
6.791817436932919615e-07 6.267392885958038988e-07 5.615837994686004839e-07 4.990713690096416944e-07 4.125827367018863653e-07 3.463442600362788557e-07 3.155880901051233423e-07 2.756684496453058219e-07 2.514789585831141085e-07 2.272650666285152469e-07 1.884048399611147032e-07 1.696738714174478231e-07 1.137218735044723689e-07 8.886620177838018343e-08 6.434660113855883629e-08 4.072558719867685277e-08 2.310085156968527832e-08 6.895615441378437110e-08 4.272230907328370860e-08 1.336943559917740927e-07 6.109414403089184472e-07 5.748156639843800398e-08 1.248707302201220587e-07 3.878551265281054632e-08 9.215563206578404288e-08
8.160915425056551967e-07 1.290883590130611185e-06 9.983477427730469530e-07 4.247976679250099000e-07 5.669876860005381244e-07 3.183204794417561616e-07 3.103786470300705360e-07 3.332333992288646710e-07 2.354907770337027652e-07 1.971141494302756495e-07 1.776904347631473679e-07 2.738106127875193383e-07 1.150896527191647627e-07 1.720322139378505691e-07 1.335676997297173534e-06 6.843779926259484406e-08 3.089038524560985128e-07 1.484693680203914272e-08 2.143452289177160909e-08 2.606233774606582148e-07 7.572097986330241214e-09 1.449977567932062905e-08 5.053129097711229735e-09 2.767361060795296287e-08 1.300894274531661819e-07
6.020071031060498502e-07 6.109865299988854166e-07 6.367476221929313783e-07 5.631988939496049001e-07 4.659444138707287163e-07 3.864984895576247630e-07 3.255172800186415001e-07 2.621246935985159135e-07 2.142057024368127304e-07 1.782707429266912467e-07 1.530768363196227497e-07 1.304871244992555878e-07 9.452491641028613075e-08 7.395541561910784199e-08 5.602308962725922777e-08 6.629145406414841265e-08 4.016357126291721406e-08 2.283445129092429785e-08 9.394242982854366673e-09 4.424621607927793353e-09 4.233728520450630341e-08 2.451948893766638857e-08 1.556516403921542458e-07 1.325438476510088989e-09 2.338727669519831177e-09
4.079507011966436207e-07 4.115405107490184123e-07 3.668062475319063351e-07 3.776648621602580145e-07 3.355589942111875206e-07 3.086082921518377035e-07 2.765810987175070694e-07 2.539108013774777141e-07 2.218823047331907849e-07 1.875923590191432442e-07 1.563665118574102783e-07 2.414510480962460490e-07 1.107485261972381159e-07 2.150016043964969709e-07 1.192030733956467459e-07 7.281481041081294432e-08 4.211952622417623985e-08 2.234742358490264115e-08 1.493332607837191549e-08 9.747050438519551904e-09 5.912109150552743908e-09 1.004943869122226414e-08 4.028218774838407533e-08 1.639771318056550555e-07 3.057574507735466128e-07
6.870811097391615362e-07 6.245117957720031111e-07 5.216868575068557166e-07 4.508472635333150400e-07 4.442396476471443448e-07 3.893563388140314231e-07 3.549227476110883893e-07 3.067991189738026488e-07 2.935643412273944256e-07 2.324316130232044928e-07 1.697574324142328417e-07 1.333735178178852286e-07 9.832176687068097896e-08 7.069896135755529904e-08 4.834930066097533255e-08 1.851450615383527975e-07 1.710546233362487877e-08 8.902178054943714995e-09 5.070779841940205738e-09 3.463602544651396288e-09 1.199398553892330640e-08 1.457016908120107037e-09 3.603235356310643198e-07 1.267382630571882045e-07 1.821232451368329492e-09
1.276472065914191405e-06 8.880215277629502768e-07 8.846738144984816008e-07 7.187079466028015007e-07 4.659011812321709952e-07 2.432009347101324719e-07 2.513865736726181027e-07 1.573063080704833037e-07 1.232518566414652553e-07 1.545137923033779423e-07 1.658232043676523619e-07 9.519409584361720662e-08 7.983977231861449940e-08 3.968535231841843809e-07 6.462319138162761103e-08 1.640712271543012823e-07 3.586722933729713852e-08 3.321492796896583531e-07 2.717425741576219293e-08 5.536336090242966941e-08 8.839250744103694761e-09 9.396123250937532107e-09 3.969383079120926901e-09 1.518983152868037669e-08 1.961944554583850870e-07
3.405750017849561998e-07 3.521912862407379194e-07 2.489255838427878939e-07 2.372544451609375183e-07 2.161338146942412881e-07 1.898628693570588100e-07 1.617295744553787259e-07 1.506662105511342440e-07 1.478122110485418152e-07 1.483029119351240786e-07 1.280102491546765503e-07 9.343371100631562185e-08 8.359826741212441745e-08 7.580787062360365971e-08 7.020236375948185047e-08 2.496843676393881759e-07 4.063341246089308250e-08 4.169112971749134539e-08 2.835936315483599414e-08 1.264126766992814675e-07 2.788710790271580914e-08 8.171555384777240544e-09 2.336521139630211786e-08 1.796155176274135366e-07 7.578390341364651919e-08
2.631107960574489262e-06 1.845780357829634652e-06 8.460577107476703163e-07 4.848633651141701872e-07 4.238782054278998242e-07 3.705048774707220418e-07 3.123266173841589307e-07 2.759289351562598022e-07 2.338441325846670215e-07 2.214017467800129125e-07 9.030197679995760610e-07 1.465778701834258671e-07 9.318838228434707746e-08 7.287877629452196675e-08 4.943314175363927841e-08 9.843466276685749274e-08 2.658358093888340686e-08 2.554245132270005412e-08 5.352417799368810954e-08 9.178347971144394891e-08 9.303800345219617542e-09 1.127217588416180417e-07 1.790783811827930613e-07 1.018485204732879379e-07 6.318188455481440788e-08
5.373283088402417659e-07 5.869004939617167973e-07 4.511574908492464282e-07 4.263727711089229500e-07 5.487297148462021525e-07 4.329076110590927170e-07 3.411550028322206113e-07 2.677929374418213893e-07 2.404352413114492992e-07 2.016798329891879617e-07 2.387490002914730527e-07 1.505774594794796854e-07 9.112489847183254745e-08 6.744145118204140573e-08 6.008473371387047008e-08 3.853131711053556146e-07 3.999429567987831274e-08 2.309565625368658609e-08 1.673686991926063203e-08 8.954332329457427288e-09 6.754600477581792703e-08 2.982358549520618540e-07 1.404301592858856521e-08 9.577242241645446986e-08 9.152591362479112645e-08
6.186793566798361328e-07 6.462614765489365084e-07 5.354607732984164869e-07 4.311971377291001667e-07 3.809400303095258747e-07 3.279488938450112678e-07 3.135527160805059329e-07 2.746000398494244055e-07 1.166844187767436500e-06 2.857315277006205349e-07 1.827989961775240039e-07 3.047536581205554008e-07 1.011918462808235507e-07 9.728797657527569708e-08 1.495013250855191967e-07 4.405817111900341227e-08 2.989713727653276565e-08 2.247594852183756885e-08 3.478781932357819824e-08 2.739144237697512884e-08 4.993756222699523414e-09 2.572046062216280163e-09 2.948964466330027024e-07 4.129526614265679824e-08 3.110133759605896161e-07
5.051268581953559286e-07 4.257704640885671638e-07 3.546586562763742734e-07 3.195224514495435086e-07 3.208436915185265198e-07 3.267704998546233326e-07 3.221497079926559686e-07 3.133714394673597841e-07 4.831615959213859317e-07 4.045892518774405645e-07 1.564791886564982077e-07 1.444695431098107070e-07 1.452583540845367500e-07 2.603090256782878275e-07 4.692414880849010732e-08 5.101206900618015680e-08 1.516728306457695840e-07 9.610755530560856406e-08 8.419907942967813255e-09 4.354239027910480635e-09 2.269687955438282492e-08 3.445800083340380655e-08 2.830352833312912754e-07 9.459354012868450657e-08 8.093839112312470469e-08
1.091970642808822341e-06 7.936704029341192780e-07 8.879234007520455852e-07 5.011844320586910471e-07 4.911098865640139527e-07 3.824403089532151787e-07 3.764495064440315792e-07 3.131832461281745327e-07 2.619314155027100453e-07 1.980546424673639355e-07 1.606295747106796940e-07 1.384439144876349862e-07 1.056594248201937252e-07 8.987870949127934454e-08 6.125600690176074983e-08 3.741579897694749652e-08 3.186748059110232363e-08 1.453927348234055405e-08 1.599837513255526483e-07 5.357419146985238547e-09 2.062941257427354290e-08 9.803794820686209267e-09 5.248987279030861926e-09 4.170235491054490583e-08 1.986876902530163837e-08
4.586247621446295283e-07 4.098488989834532746e-07 4.447120680193725970e-07 4.339058908434013654e-07 3.828132726447781377e-07 3.418169827652586763e-07 2.985438386229763986e-07 2.621796398142357222e-07 2.158777937513376392e-07 1.781585070690309476e-07 1.478518879327473410e-07 1.100036798113077417e-07 1.255853913753814026e-07 7.180683663041361785e-08 1.840694073438394454e-07 7.946978148289191745e-08 2.781926501660823583e-08 1.952918985198736843e-08 1.653077435357264564e-07 1.586737581568501839e-08 1.060187385447408186e-07 4.637120038526627528e-08 3.555723528855347858e-07 3.161549632109516886e-07 1.025288928325919584e-07
2.727947437738636433e-07 2.962143451131507528e-07 3.303997508267081670e-07 3.260150285999386336e-07 2.756666782438815372e-07 2.589232720078821205e-07 2.409050180271863013e-07 1.866929060521731989e-07 1.584017329970353074e-07 1.331681784931356490e-07 1.079561567445994405e-07 8.766830289805510006e-08 1.508649544985710439e-07 6.364276579227856576e-07 4.983888237157860623e-08 1.312591930782383518e-07 4.454935787185206683e-08 1.061604795565033028e-08 7.167171839787048247e-09 1.717779492808714583e-07 2.489440353348597355e-07 5.781998701078468496e-08 8.882073357411613510e-09 3.085112290470815446e-07 1.815989742524736767e-07
4.358480088801860836e-07 2.801309894815763953e-07 2.988942330396461193e-07 2.217917608999120574e-07 2.079911463503947395e-07 1.846219704003482638e-07 2.829731220126879129e-07 3.185493397275396682e-07 1.819726359338361000e-07 1.638496374864763878e-07 2.232838552293542143e-07 7.914097899510738913e-07 2.135826814861857366e-07 1.054484149891961235e-07 6.451329622386890720e-08 5.108542142428296801e-08 9.131064597826749287e-08 2.246338993710070244e-08 1.584674451947911330e-08 2.825364519485922814e-07 2.120843161215521031e-07 5.488622171963059616e-09 1.960623890233687197e-07 2.667283284461723847e-08 2.313103333384861067e-07
2.675053435060211213e-07 2.273969384203622765e-07 2.196438218683673155e-07 2.098563790586215836e-07 1.891281454978913872e-07 1.760629070548353114e-07 1.809043695518867040e-07 1.955441735431907803e-07 1.460974370842106771e-07 1.428165419684052282e-07 2.139800392846290340e-07 1.529582388543003861e-07 9.669792248636469539e-08 6.660849774628110412e-08 4.268617437910314650e-08 3.538826440807871955e-08 2.942240166960211141e-07 3.339113751150037164e-08 7.980316971199395954e-08 1.842436151258629798e-07 1.840256029720244196e-08 4.274523291240123045e-08 8.410448521728934442e-08 5.124986471262429208e-08 2.696858719330135997e-07
4.755444213818312609e-07 4.228229061965954771e-07 4.299548322608624974e-07 3.885911395954359087e-07 3.200822748980193892e-07 2.953332932241878819e-07 2.396348370788969955e-07 2.079115625541936084e-07 1.719071114753209667e-07 1.445795805289706462e-07 1.223899549192650496e-07 9.437862649363443754e-08 7.354573945801266641e-08 6.158177068752659927e-08 5.938864863631021839e-08 1.796118967282364181e-07 5.456859660732332535e-08 2.255801475922221329e-08 4.635453608968030630e-08 1.269839443475376408e-08 7.319835437472923710e-09 4.973009882741194594e-08 7.981047558082824043e-08 5.094990941432755952e-08 1.089423991908399394e-07
3.898882870956299527e-07 3.848897217429513861e-07 3.616186709030992469e-07 3.265267869221524224e-07 2.778759874173663249e-07 2.403257258043815420e-07 2.184205022737587863e-07 2.004725513141398871e-07 1.799518825889757748e-07 1.574863606669086849e-07 1.530344780438927767e-07 1.451462743374461830e-07 9.428455033697871303e-08 7.026785357759990661e-08 5.947741399871504781e-08 6.743382996376840285e-08 1.126387539528458360e-07 1.134651287470881996e-07 2.511579792021333432e-08 3.427383696989375977e-08 1.945428993658415185e-08 7.475231507398510303e-09 3.695838304457046221e-08 1.799998282073483800e-07 3.480415366060176746e-08
3.155007347269370180e-07 4.974162619131306397e-07 2.931302650451986708e-07 2.685466611105560277e-07 2.775154389683807214e-07 5.113385000932805454e-07 3.835865488828798916e-07 2.172098852500483386e-06 1.264921160237294850e-07 9.941827202347872555e-08 7.884468267096474822e-08 5.599096341716545998e-08 9.823786544866452044e-08 5.299584294236550240e-08 1.326586485633454573e-06 7.485152391918606350e-08 4.079357252942493090e-08 2.338505885535174576e-07 5.081233865338035785e-08 1.261572361519290888e-08 2.075103614950275769e-08 4.167751698017692030e-08 2.235217372645534367e-07 1.840129993072293496e-07 7.902736625015077116e-07
3.619495817267069381e-07 3.027062436324832262e-07 3.227332211822561485e-07 3.289407701319254543e-07 2.260078444703822883e-07 1.959184407983603454e-07 1.533435427243115906e-07 1.329880217218115895e-07 1.716710858936011178e-07 1.459025021426650443e-07 1.101152742507179457e-07 8.901183979391929785e-08 7.158414304289410932e-08 5.991219740900141330e-08 5.295854098718468321e-08 1.859370186913586330e-07 1.729631983551722855e-07 1.201052620972685520e-07 3.763696923113115765e-07 4.655311894340455551e-08 1.593715698904209436e-07 2.848435311382080885e-08 1.157989150532232618e-07 7.876651256135759591e-08 8.383070058185538817e-08
1.422198493099376078e-06 6.575112014850503783e-07 5.044100785683520336e-07 5.057420799110337495e-07 5.684381997212001727e-07 4.691112624638276932e-07 3.737080382636750625e-07 2.595931533224031990e-07 2.124394627473387003e-07 1.637354497478652854e-07 1.413261855777637546e-07 1.120355051108005544e-07 8.917831053067766154e-08 7.334169568632162873e-08 1.086367327965014656e-07 6.269453996077163329e-08 9.296022028175779123e-08 1.915796481716684380e-08 7.671591547151249996e-09 4.747308687085882794e-09 4.772699455011031304e-09 3.000402960314464758e-08 3.607411844716362895e-08 7.423511434504538854e-08 7.288130679648216741e-08
4.097607058566091850e-07 4.281104360149490000e-07 3.678135165330331802e-07 3.416069003620934336e-07 2.759575243433948949e-07 2.424451174307860006e-07 2.108096879347543486e-07 1.760427240547086287e-07 1.501192427869924992e-07 1.377220307974777052e-07 1.269159437202440808e-07 9.639866541924340838e-08 7.942249346762420200e-08 6.194181481634729937e-08 5.080496884142527188e-08 3.595437748218392434e-08 4.531949000483409087e-08 2.664466217582966956e-08 9.345700290131275576e-09 4.112084912968973495e-07 9.410863396575055526e-09 7.727284594994900549e-09 6.147600807500225280e-09 3.635044838764124692e-09 1.272131679762479682e-07
1.058143395027535828e-06 7.225571322269042499e-07 6.693270670530219598e-07 4.994104309690256710e-07 3.884774143617130700e-07 3.484405558625594485e-07 3.316291624312897379e-07 2.293249809002033004e-07 2.045559032005909686e-07 2.070786412349267773e-07 1.665856538964734850e-07 1.314066541713627018e-07 1.766197974476707637e-07 1.022055113235510962e-07 7.789453006801703891e-07 4.086234582941273596e-08 1.620189302102442058e-08 9.323555770243658442e-09 6.553010528275224592e-09 3.591575622140867966e-09 6.731834693635637538e-08 2.154854222515764243e-08 1.050494713676029696e-08 9.297088818932968766e-08 2.035993729711845996e-08
4.735565275788238437e-07 4.140327317739418019e-07 3.752854941383299900e-07 3.481051549696985203e-07 3.042173934370290577e-07 2.883585792225648979e-07 2.712959304852044079e-07 7.764415936850586397e-07 9.038332725245765287e-07 1.613037960903636726e-07 1.143782029552870783e-07 8.314194516267544689e-08 6.199845629420190915e-08 8.289801404732608994e-08 3.596098822996616592e-08 2.692211595635688056e-08 3.324785813336220292e-08 9.703031352032839534e-09 3.135236880747629680e-08 1.664705019237143357e-07 8.953787093408367042e-08 7.929737290982610500e-08 1.400757805457475225e-07 3.646646838117959712e-08 1.814000533280044000e-08
3.239439076245058105e-07 3.385567314547063268e-07 3.566523467082891035e-07 3.661928044182548432e-07 3.095941519976753527e-07 2.790072183076272537e-07 2.286498985661088586e-07 1.729297936421799522e-07 1.725356543989320234e-07 1.081708103659275591e-07 1.095082127972809501e-07 8.103175713784665723e-08 5.418794134480712380e-07 1.601517398145036758e-07 5.649500020946014112e-08 2.109593176688649816e-07 2.158722096014215757e-08 1.774318206146737896e-07 5.472198482235809675e-08 2.403320746344680850e-08 1.318625618068206305e-07 8.333130146080224543e-09 1.656372806891897598e-08 2.481061016802122509e-07 2.431140574218176537e-07
5.302182272359015012e-07 5.065991137591223708e-07 3.586625812898254543e-07 3.425960413415082748e-07 2.821716562034300666e-07 2.634879186626820533e-07 2.448801342867352800e-07 2.285856558362289084e-07 1.905423524477969042e-07 1.574878883014214962e-07 1.266140785408183241e-07 1.036551377852482777e-07 8.585612938835444464e-08 7.475397392388618238e-08 8.088072366119983046e-08 2.535184221174905666e-07 1.633976187499437105e-07 2.339370788209504907e-08 5.531600843322200846e-08 4.289853009362725824e-08 1.058835236903288615e-07 4.149917260725797915e-08 1.459087366112827752e-08 1.171158721698562781e-08 1.290894894471560737e-08
1.127860219396481554e-06 9.039818920401272394e-07 1.087716719889516478e-06 1.291200387769582421e-06 1.399802220802826014e-06 2.641033021890321339e-07 2.344886639244868026e-07 3.344335706145784570e-07 9.085999183825375393e-07 1.967815767105581967e-07 1.424934723206632174e-07 1.137999459489259143e-07 8.545559233495438467e-08 5.880039236494938270e-08 3.781374607689424859e-08 2.544377900933616764e-08 1.654150421527254760e-08 1.083841816083037597e-08 7.407174379969307715e-09 3.149146616199405544e-08 7.850286436164406980e-09 2.944926686776494151e-07 7.467321109436893075e-09 3.364137829192879156e-08 3.955193897116313833e-09
6.705199939962285622e-07 6.725317870631470720e-07 6.031386748261979423e-07 6.142930224861309299e-07 6.361649693106283951e-07 4.859328050582746708e-07 3.651323673761948055e-07 2.890050415230511855e-07 2.492559376037842242e-07 1.906558067991106234e-07 1.684411585801746713e-07 1.446618482470500033e-07 1.217136286063832912e-07 1.044321704183990655e-06 4.559876481757468298e-07 1.156657514239210327e-07 2.356367115267066378e-08 1.490539233960742384e-08 1.028328095090267364e-08 3.360882421111327503e-07 3.135677672092227042e-08 2.270141891152479194e-08 4.296044396498124736e-08 1.082717106441725916e-07 1.128591845517118967e-08
8.365095525665931303e-07 8.434063936594185886e-07 5.604716666937610620e-07 4.803504553720684793e-07 4.126772756878445679e-07 3.519415917274317507e-07 2.591954339042419181e-07 2.183284514188805724e-07 1.997577927868426745e-07 1.867216731538672946e-07 1.066541182900103181e-07 9.157393030398664584e-08 1.670677681936900477e-07 6.852964857150392836e-08 4.374052752724515322e-08 2.435705618410539271e-08 1.436041994925462249e-08 9.741846123062001670e-09 2.132902935162634680e-08 6.649649270653231500e-09 5.449662153957565239e-09 6.251808175243291169e-09 3.227360374997118658e-07 1.004522287798148197e-07 5.766116806894414905e-09
4.973182917504292137e-07 4.513073680862638643e-07 3.791869672044273308e-07 3.218478398177703241e-07 3.433674881925918170e-07 3.622326804607409403e-07 3.269198788907891334e-07 7.665243285918481128e-07 1.630938716330687558e-06 2.526588890645139274e-07 1.817160012997894853e-07 9.299918835032984072e-08 6.452657586963326815e-08 4.672287036417079016e-08 1.179647621102905931e-07 3.608619462067256253e-08 1.880425344251891937e-07 1.187611126196206877e-08 8.100647660631004865e-09 3.742507324448191152e-08 3.876035737464389909e-08 2.847071483508246261e-07 8.237038392193856099e-08 3.064929721574851513e-07 1.858231593157926797e-07
4.511930253481707956e-07 4.058874847217826839e-07 3.704735142536470302e-07 3.649579253283396668e-07 3.030565604956741290e-07 2.580615390207880350e-07 2.171148754765279434e-07 1.608752674570473369e-07 1.552141200583147918e-07 1.412335920122693863e-07 1.285865559448192075e-07 1.186566241231404597e-07 2.159898841752302254e-06 3.630565082302228223e-07 5.927164962429587990e-08 4.690436495260938163e-08 4.017112491498839156e-08 2.593743806606383501e-08 1.350829792993072803e-08 1.079735858989530308e-08 7.919665600810679408e-08 3.046650221404546236e-09 5.274325205452096356e-09 7.880662615918807538e-09 1.274388266198095941e-07
8.710326065966000482e-07 7.696882047084999696e-07 5.785791863528437986e-07 5.253171053912026715e-07 4.027878610344260051e-07 3.567478289820317588e-07 3.812509893860408676e-07 4.745251644415886975e-07 4.986646878233416491e-07 2.295156848249559802e-07 1.472611623289010567e-07 1.125171387419037693e-07 8.645774793539828414e-08 2.105934197584471411e-07 5.916666576264732837e-08 2.972844003489626309e-08 1.665727385505773661e-08 1.002945264839373391e-08 6.551447035802260019e-09 1.160708680498689541e-08 3.422741186373097810e-09 5.152747959668790707e-09 9.520001534710214766e-09 4.533937207088393830e-08 2.099105721805204975e-07
9.781479160272017928e-07 9.090850381612527818e-07 6.509300182557835470e-07 5.522299055689326964e-07 4.504703270096833383e-07 3.784318518080020650e-07 3.598552597202538220e-07 3.428533029078569968e-07 2.367858258687030286e-07 1.877262969639712567e-07 1.477588314522680431e-07 1.105935056125065792e-07 8.373910077029868249e-08 6.073643407130674877e-08 4.431872520537100259e-08 3.947910242598250262e-08 3.340178537631239739e-08 1.397384231642931073e-07 1.079624464857480810e-08 4.394407091150281899e-09 3.567027642212672723e-08 1.178411030627455464e-07 5.936410214101140882e-09 1.831840329736504941e-08 7.226246151176807559e-08
7.378105741434845009e-07 5.996434668383219160e-07 5.181745015975664010e-07 4.419044663077856811e-07 3.777756058968912427e-07 4.813548117663191122e-07 3.958157065819924679e-07 3.298197150102293487e-07 2.487437071338834997e-07 2.228924518674605528e-07 1.450674745511396261e-07 1.503947789712214462e-06 2.785242452967966672e-07 6.446361412380740795e-08 4.824709009513271619e-08 3.606045521170418164e-08 3.602345502241099011e-08 4.941475701553699440e-08 3.978822328000531120e-09 2.272583316031890450e-09 2.979406880117994740e-07 1.597432635608523088e-07 1.219480084274314735e-08 7.671230386014242946e-08 2.696246488129598170e-10
5.166388586899286503e-06 2.489007128144134338e-06 1.755597200862577886e-06 1.163411248057581817e-06 5.455992021440064857e-07 4.642147716822364351e-07 3.575193836794642338e-07 2.738276608501118519e-07 2.265297417188823856e-07 2.211050302474832244e-07 1.715485608431450546e-07 1.254353163291459317e-07 8.993263475587376377e-08 6.201420134735987685e-08 4.749123408626163686e-08 2.928243667144092992e-08 3.150130621524499193e-08 9.608891251676802098e-09 5.914619883324955989e-08 4.761676860557747324e-09 5.002152901657707825e-08 5.376701519693347605e-10 7.419169546063090199e-08 3.939055889961826582e-10 2.504026719951461012e-07
3.641845172652757867e-07 5.241976249197046212e-07 1.037786589512408762e-06 4.179773240877447895e-06 2.950258769573470088e-07 2.199965931589651222e-07 1.852473798950408584e-07 1.680176574954590211e-07 2.059078501304365144e-07 1.391379266933018749e-07 1.075659200050895028e-07 9.431125827064002276e-08 7.046871292968470974e-08 1.010808359000753952e-07 4.083347307913100344e-08 3.379882480783467178e-08 2.174236177966477042e-08 1.742385029546542034e-08 1.232010038345811098e-08 1.686661516332071839e-08 3.443376111892773350e-07 1.318548957112188124e-07 8.435673860712655635e-08 2.310589475812221277e-08 3.483853639253415965e-11
3.748930695755979632e-07 3.381681579960599784e-07 2.892445432467883202e-07 2.313915642855478214e-07 2.266937292791174479e-07 1.781206690395387843e-07 1.478785907540949755e-07 1.233518773999929481e-07 1.077749060321500094e-07 9.136245502745812534e-08 5.634446553696790262e-07 4.761706412343481649e-06 9.691774851770233572e-08 8.070633801230683623e-08 6.264510764801280928e-08 1.078939904295295770e-07 2.824663508068767451e-08 1.712539802409912361e-08 8.858253246449240669e-09 7.568019448101692377e-09 1.336300280207823959e-06 4.766137199957237266e-08 1.322550305007519901e-08 2.559182166092583037e-08 5.342518525521302890e-10
4.772957029312389729e-07 3.635699896610909303e-07 2.957159218664848244e-07 2.123625640451265939e-07 2.012115200101018949e-07 1.492494814472173420e-07 1.316162581577115145e-07 3.882672405651472800e-07 1.375775666920817196e-07 1.271879565956160849e-07 1.153720051627428496e-07 8.997791610606313611e-08 8.471719910269339845e-08 4.583087067168953713e-08 3.519819071696083041e-08 3.100094414225584447e-08 2.711753367506121619e-08 2.950431393595097655e-08 3.929668357883670595e-08 9.887042667482345437e-09 5.995279593873822502e-09 3.155327919769196860e-08 8.413698850066343665e-10 6.325997649624288556e-08 1.570874800826343603e-08
6.058564012947600750e-07 5.231277284541609778e-07 4.776362074194315905e-07 4.410910355290915967e-07 3.798983801647975194e-07 3.176505832433489521e-07 2.136889698150530548e-07 1.561520131734542970e-07 1.215155902039499787e-07 1.177595189228714356e-07 1.198251720620948119e-07 1.110428490009700168e-07 1.062728541982622106e-07 6.422736750960060860e-08 6.280064459902477080e-08 3.539783942950361553e-08 2.217780584027958584e-08 1.613186966493989509e-08 9.348912160346205522e-09 5.857511701216278198e-09 3.111618033249225589e-09 1.614269535001051705e-09 1.625621597797100518e-08 3.998386198660214437e-10 2.339757081025097857e-10
5.057736682952676120e-07 4.138386419973792296e-07 4.768585134535281237e-07 4.270307221952389815e-07 3.330800783943158404e-07 2.722629857544595578e-07 2.608187800785968196e-07 2.250590827873448484e-07 2.114460456303705525e-07 3.394956482905167682e-07 1.347641913435454788e-07 1.118527143505198994e-07 8.780475668066188507e-08 2.299919071199963444e-07 1.188653667519606360e-07 2.777594116413051164e-08 1.795241461209495619e-08 1.069107113749004460e-08 6.035488936171822645e-09 3.472694013900081941e-09 1.991500103963927281e-09 1.327375548009292506e-09 8.069384794580178814e-10 6.597564174749106733e-08 4.529565308357813982e-08
4.360170314496061861e-07 3.409188229826272254e-07 3.352306035013903883e-07 2.749131149066012123e-07 3.112105062942672146e-07 2.361497453299877392e-07 2.322116501914521466e-07 1.967865016280780706e-07 1.751160473698311313e-07 2.718029812922006904e-07 1.822918360581410721e-07 1.776539455131595019e-07 8.222184135631699459e-08 6.239124619137523429e-08 4.773936078003168537e-08 2.128722251419919951e-07 2.498745937949811498e-08 1.559458043619879699e-08 1.294587926785503529e-08 3.411586768818488936e-07 2.595691901775767127e-08 2.260394930684930495e-09 7.964834529095320014e-10 4.852243417075766526e-10 3.051817592131202115e-08
1.297164424174848734e-06 9.080392743081066302e-07 5.899772583362051105e-07 5.002911704909962509e-07 3.960304754611700089e-07 3.372385513490341722e-07 2.972587472440436492e-07 2.752432215763092060e-07 2.167629160845979250e-07 2.863354035206020224e-07 1.644981582278974561e-07 1.272421111684749337e-07 1.096624274717928848e-07 8.627477714917405112e-08 7.144684220869128972e-08 5.971945343133716431e-07 7.305157014963259191e-08 2.784388148833837595e-08 5.018037717848137727e-08 1.871733033176082635e-08 1.086021370889794340e-08 3.368270987740394336e-08 1.322944318030810247e-07 1.265336209927044142e-07 9.418397053743138223e-08
5.376945112994296917e-07 5.479494163196218266e-07 4.269299454345651559e-07 3.420491266531610568e-07 3.751236598727374574e-07 3.463871910212226170e-07 5.037614777446032284e-07 2.503458848842442295e-07 2.103942942948589772e-07 1.637644654020248415e-07 1.166983124228991825e-07 9.871832796780216963e-08 8.548482135576151410e-08 9.283195328187362104e-08 2.063728436562414798e-07 3.445662947114284625e-08 3.209844979577889906e-08 8.246196744564492373e-07 2.106278651334174616e-08 7.178144269637770150e-09 1.365747197104397791e-08 7.011851888023174514e-07 1.515901509087253977e-09 1.568462438723407913e-07 1.008910669277972223e-07
4.438855708097916717e-07 2.062479876361811821e-06 1.044143986376111836e-06 3.894474696624145068e-07 3.466787216065291095e-07 2.235556188776297204e-07 2.082298384233392589e-07 1.697969962126221910e-07 1.412715113310785197e-07 1.388317097696482143e-07 1.436578081761813906e-07 9.850053163182427783e-08 7.366706248293365813e-08 5.637331628914526404e-08 4.664996487843715627e-08 2.309946457902607170e-07 2.652635309620834352e-08 1.458975965052633562e-08 8.262466013682481649e-09 5.286617336927523879e-09 5.071201184219068119e-09 3.607329691280208756e-07 1.726391193999362375e-07 2.693911473975544991e-09 2.608704048861927055e-08
4.322650625726060511e-07 4.737046361139734137e-07 4.169093043839761373e-07 3.584410805797707315e-07 2.789924733649838596e-07 2.102939333989743413e-07 2.015828024860541691e-07 1.757100220966647534e-07 1.490988414155468295e-07 1.291145945157858220e-07 1.105592904271180419e-07 9.627642485005433774e-08 7.846321768902438940e-08 6.000169450726152125e-08 4.702337309821200783e-08 3.748116213971993946e-08 5.450485616461064038e-08 1.525771840566009545e-08 1.133044270560282984e-07 6.178236612305607917e-09 6.434875501571701465e-07 1.982022716772277169e-08 1.038393624989494399e-08 1.901806141591737732e-07 5.801554846893202082e-08
3.251982183889212341e-07 2.959219436786789281e-07 2.608560143807266070e-07 2.413229215249629108e-07 2.021986654909824083e-07 1.890387338633514477e-07 1.612131314024979874e-07 1.327284155298493823e-07 1.153659347770955818e-07 1.013056012452178804e-07 8.250336213379100858e-08 6.620309851871957430e-08 5.548468984736474627e-08 5.112624564983340622e-08 4.273725653630311562e-08 3.359394901417627085e-08 3.802165945694068134e-07 2.229639918957670187e-08 1.203541139571300613e-08 7.425218602802717557e-09 3.749790074068606373e-09 6.489651175910301452e-08 1.587087523312043438e-09 3.690008283350322965e-08 1.873384764351843914e-07
4.908771884721206825e-07 5.123536245171018310e-07 4.993630987650069195e-07 9.941191347504753132e-07 3.893286834435314319e-07 2.260852465671846384e-07 2.196299106191283630e-07 2.092102780621065017e-07 1.452136070491018345e-07 1.218024959598567465e-07 9.763139909685739762e-08 8.841953867332378639e-08 5.932677863530068507e-08 5.129685404214628734e-08 4.362532114653101049e-08 3.436970311238456703e-08 2.781588750675651176e-08 1.922475650693545803e-08 1.948477196177060281e-08 4.403122180000693532e-08 3.197998367752648438e-08 7.841617478159336690e-08 1.064471499850614085e-09 7.614987070360796374e-08 8.667400461663274980e-09
7.824113781554034395e-07 5.949881988048467732e-07 3.902499084853717173e-07 3.627365982033870881e-07 3.050862946947680720e-07 3.317412647971383761e-07 4.357724119791480655e-07 3.100669360492408249e-06 1.678358399243660956e-07 4.193327459857200754e-07 1.485857493317341427e-06 1.959842269128549139e-07 6.069584465004288166e-08 4.502847615972596649e-08 3.360070673732867752e-08 2.977682175157411591e-08 1.837890756557144158e-08 1.186124741719579842e-08 6.591345596525156765e-09 4.494478308683557454e-09 5.941159701154168928e-09 1.203892792531309786e-08 6.546886236264379689e-09 1.210583707987293954e-09 1.250463168346776830e-08
4.044507056760846668e-07 3.524502723277647361e-07 2.788687566830210003e-07 3.018980085774577209e-07 2.530883690567188727e-07 2.547383219026646559e-07 2.347475258929871080e-07 1.963442136869991276e-07 1.592391654115547839e-07 1.351108261726634332e-07 1.229699105342594535e-07 9.807682184926908566e-08 7.507917483669489958e-08 8.980507130834970044e-08 7.102794065806251446e-07 6.364173517757920003e-08 1.753372435760738159e-07 2.159668920610147771e-08 5.814577763594029807e-09 4.773607191805373917e-09 8.802567887306313676e-09 2.573385475710757244e-07 6.192108867616350145e-07 5.562955251033785891e-08 5.067072600011040173e-08
2.785059495504782456e-06 1.164116386243641553e-06 7.337905159735690522e-07 8.285361723863676371e-07 5.738857142762436783e-07 5.176651204285418494e-07 3.143068264497472716e-07 2.189852078479638182e-07 2.084781136617297286e-07 2.097389538460539471e-07 2.212508123958043416e-07 4.634302486224653101e-07 6.631164084359196477e-08 5.466116456243008500e-07 6.025602978025034814e-08 2.024628852100771321e-08 1.615697790166560584e-08 8.995960628484727683e-09 8.643296927344169446e-09 9.601246342198402402e-09 6.767498823810654492e-08 1.619616014311093165e-07 1.262901362671937092e-08 3.871173082141887089e-07 8.485022940793495083e-08
3.719494318789730701e-07 3.409411657641989733e-07 2.922918033511607035e-07 2.517896459680759037e-07 1.920433389166827755e-07 1.684929592468193216e-07 1.406219889183999560e-07 1.280696100308745323e-07 1.384534783407783641e-07 1.465569485872944530e-07 1.123013769516832673e-07 1.114815862795242333e-07 9.604474550719674996e-08 6.600306013047337326e-08 5.339966948263301275e-08 4.403758276937213535e-08 3.679777618342253404e-08 4.653915249116019344e-07 1.464448577217866318e-08 2.782797367292527442e-09 1.524393933695725804e-09 8.309222521961458678e-10 1.026364176042883261e-06 8.507599310847597719e-08 3.702898212343696109e-08
2.531911789116492173e-07 2.380526344936129135e-07 3.168790451960982314e-07 2.764978201952317249e-07 2.614847011215640932e-07 2.224887867898291256e-07 1.946254226448832731e-07 1.569867492711848417e-07 1.331411353776549079e-07 1.250756698808378120e-07 1.082498205314260644e-07 8.771425492901727487e-08 6.820724926703376717e-08 5.859827823382719284e-08 8.577397108673159287e-08 3.750420943837507924e-08 2.949319814229028718e-08 9.243102568191631530e-08 2.935145826398709533e-08 2.336234752394466283e-08 3.049108914535411295e-08 6.875357834681928063e-08 1.689139442699629346e-07 3.627010002269792730e-07 1.839582417221040439e-07
3.404065725594780942e-07 2.783940926320837926e-07 2.593094710444067584e-07 2.539759638319797114e-07 2.390651846080073792e-07 2.310058258314951316e-07 1.944551919447442936e-07 1.980644633948627565e-07 1.468879428160160429e-07 1.199876906496472342e-07 9.679451274504095980e-08 8.202355350338270756e-08 1.044978684057342458e-07 8.044829984167953308e-08 5.113131259124741676e-08 3.648226990324428877e-08 2.617578842234962372e-08 1.500283196299183165e-08 1.053704471366642299e-08 8.034080581768441892e-08 4.714772386096785265e-09 2.601374150178721638e-09 7.268661506707379352e-09 7.289610061644062698e-08 1.683780495611683998e-07
5.021484780876051414e-07 3.827956871918122370e-07 3.139642165016375093e-07 2.664888483614151441e-07 2.165658939656158566e-07 1.865689961674752683e-07 1.699920380102871721e-07 1.748449998575471917e-07 1.414586453217115628e-07 1.311454628207458976e-07 7.456222111863206751e-07 9.071003268127816689e-07 6.024073147747294239e-08 3.931211449734439290e-08 3.064690827284633919e-08 2.439912550907436416e-08 1.990724433312557687e-08 7.859829718077868719e-08 3.801430524994888387e-07 1.275040264013616285e-07 3.971677406294468423e-08 5.498032344677655724e-07 1.447010651769557283e-08 5.561517754234123883e-08 5.662230700970180055e-08
1.806196056008957427e-06 1.420884284807341385e-06 1.989211218710607896e-06 1.222799923960557176e-06 8.611543190033638876e-07 5.169552932979358088e-07 2.297722843160317926e-06 4.659358398657448007e-07 2.716773045277788931e-07 2.180941414117556355e-07 6.761021823818021655e-07 1.170609552953609453e-07 8.170568327081584095e-08 3.782973137300103558e-07 7.759164285389928345e-08 8.621526894719509701e-08 6.615050651358695547e-08 1.495719948618040461e-08 8.397806191970420073e-08 5.980924399754807761e-09 4.880618883719703437e-09 1.689849770868290331e-08 5.456843516029416172e-08 2.303680266710021402e-07 1.545683407338047599e-07
4.650721413905027349e-07 3.934608774176677466e-07 3.704294928932137916e-07 3.279173134097801747e-07 2.666060724867152645e-07 2.491645188870260512e-07 2.131570003424720246e-07 1.782922909914486625e-07 1.431730647732756491e-07 1.080258811287812440e-07 8.709144152870370549e-08 7.384188077973583072e-08 6.518043010272559167e-08 5.901461073453732773e-08 4.927482501246122114e-08 3.284118298789528194e-08 7.676406496321641229e-08 1.452275548522688205e-08 1.039458592092882436e-08 6.255956930665005141e-08 2.953399768102050816e-07 1.661139414813022247e-07 6.442800050401007377e-09 2.000866565291368497e-08 1.763834693078307841e-07
1.881816016148537179e-06 1.809667633607892697e-06 6.599110640501329481e-07 3.513877399342903399e-07 3.114687135427632137e-07 2.636014110027222988e-07 2.379833968614836484e-07 1.971625210321344311e-07 1.750660593181715846e-07 1.895865335332684274e-07 1.137723567456743004e-07 8.332679554549546470e-08 6.108220326001044719e-08 4.502870927577536135e-08 3.499272854913568202e-08 2.442992175545327596e-08 4.651975139745264022e-08 5.701781998036906213e-08 9.476901058637843621e-09 6.643734191582454024e-09 4.242419338181602112e-09 7.353243051801897112e-08 6.989852653722077245e-09 2.701179739971808581e-07 2.314564202543149518e-08
4.277034600724610774e-07 3.875910628892143207e-07 3.648197323710436703e-07 3.204964293747908052e-07 2.500853090973228299e-07 2.182183012659303702e-07 2.648197886077802693e-07 1.297054592708729056e-06 2.273116332200212646e-07 1.486008568089696974e-07 1.298901263934781848e-07 1.169419340613152870e-07 5.217275035829657097e-07 6.963106550070628914e-08 4.184927224303381045e-08 3.059452753068655141e-08 1.847136103369371633e-08 1.225640869794419010e-08 7.272153346661441756e-09 5.057384292084796699e-09 1.035734388784009970e-07 4.327088821294190565e-09 5.535985951790287244e-09 8.656191160683617405e-08 1.403576199944628826e-07
3.312612420560055755e-07 3.068320732094572761e-07 2.502147834539443864e-07 2.213363988367412375e-07 2.329043054501090467e-07 2.128619188851093654e-07 1.719262233572963530e-07 1.582858030668819784e-07 1.315789959278516942e-07 1.088224628947323388e-07 8.647984458396670284e-08 6.947394583346497789e-08 5.697509749158076576e-08 4.232717213441182128e-08 3.380107054397628669e-08 2.505014578297114653e-08 1.913083700156090176e-08 1.477924718156037621e-08 1.019743514841170486e-08 7.479535773989549561e-09 1.788066511646445824e-08 2.653124566855668038e-09 1.568288955146982930e-09 8.383874566040184881e-09 1.805160629060428407e-08
1.737319224920004981e-06 2.551571866606293124e-06 2.116244087057751664e-06 1.710689224564122744e-06 1.167148027715164802e-06 4.496876745495693543e-07 2.757401809947058068e-07 2.237280174307820696e-07 1.909139011937467393e-07 1.501423573880015138e-07 1.308450907858146868e-07 1.053210539127246016e-07 8.593964302571997276e-08 1.710721316018033667e-07 2.235587865731339265e-07 3.083157171971611313e-08 1.637008419806187683e-08 1.746597725713853814e-08 1.322222452073505616e-07 1.067188122317195912e-08 4.398163068011583152e-08 1.121163558977366176e-07 2.673519355382921907e-07 7.830319389639667259e-08 7.393658849699631374e-08
5.765277098390697151e-07 4.560972318777638074e-07 3.358886838044111088e-07 2.857643070323471748e-07 2.116732640799074706e-07 1.855329493130729310e-07 1.471459069472549073e-07 1.211071615580857912e-07 1.001502597308161292e-07 9.373397960128634946e-08 8.643270882362359366e-08 7.383555347671343158e-08 5.726606497772227474e-08 5.140136590115247501e-08 6.515050812847952001e-08 2.537525149755213733e-08 1.082386528841240193e-07 1.605351920107813889e-08 9.750063901004429016e-09 1.114730544672876811e-08 2.458920527029472621e-07 1.861254982176366263e-08 4.986299507263730008e-08 1.152208909399902153e-07 1.614187075615429213e-07
6.064494563964636900e-07 7.624601895036183779e-07 1.103835232009310406e-06 6.700563054691037300e-07 4.938709728900920723e-07 3.819742304875559399e-07 2.519103355819250630e-07 1.722431629641961803e-07 1.360053796047118866e-07 1.246367802149646294e-07 1.004864763905975144e-07 8.072817485194214097e-08 6.644666637208810600e-08 5.173763515182106306e-08 4.071569497322422063e-08 3.286202994138595170e-08 2.416267964003040302e-08 4.885185577629063790e-08 3.133696115516427516e-08 9.135253591922191070e-09 1.168092053518074086e-08 5.035959636524647576e-08 4.779920893149083357e-07 1.749489013628468970e-08 1.519195551440306737e-07
4.137742198528532649e-07 3.645711876743007536e-07 3.393560391835366548e-07 2.905512291236066998e-07 2.235225963789236294e-07 2.019164791970097621e-07 1.825955474741519714e-07 1.607849340861576426e-07 1.535848026048524682e-07 1.374162381992575203e-07 1.239657586904957351e-07 1.523191204527945256e-07 8.295733985746777625e-08 6.754164693549807069e-08 7.539385329818222881e-08 3.837155598569345322e-08 2.505866771869838586e-08 1.777903675818023150e-08 3.617116667613514711e-07 2.675561218261266382e-08 3.609398902656559220e-09 1.755371249418446631e-09 1.314599779700376200e-09 3.034744276523367287e-07 1.902528478527001839e-07
8.775220342727152329e-07 8.352117944336138164e-07 6.094239314343759979e-07 5.187223574742521613e-07 3.671877253610647349e-07 3.014199340995412810e-07 2.779265860222659599e-07 2.652778749698886385e-07 1.117390362696967156e-06 2.008304545256820522e-07 1.321304583881777823e-07 1.080801294239402850e-07 8.440213779289279593e-08 6.146763060523661868e-08 5.742252484692150738e-08 3.967269585496551603e-08 2.522110277829715738e-08 1.607118038453442913e-08 1.545780856221038313e-08 1.767931247029694116e-07 2.805926070102422368e-08 2.865693397550667443e-09 1.820161998993294106e-07 4.552303444499680663e-08 2.102757266710667246e-08
1.139391761029173637e-06 6.481519511718894497e-06 1.456820666380936523e-06 5.994225029987936437e-07 2.230761516195591493e-07 1.674781957532854899e-07 1.496664483906388059e-07 1.490832536776126500e-07 7.912736325972990575e-07 1.737638887163387123e-07 9.299516518268546829e-08 6.990358239577903733e-08 6.313667844370140252e-08 5.534115111135884340e-08 6.583238683795014755e-08 2.315565338319471517e-08 1.569909005428291646e-08 1.389953907834036074e-08 5.938617971924202023e-08 5.078571346942308860e-09 3.470560127376904416e-09 3.939814620107187066e-09 8.401189715968499154e-07 1.740447854568920884e-08 2.888723816725364573e-07
4.748475528679399513e-07 4.913698092959854269e-07 5.033499214059961749e-07 3.137443725802181310e-07 2.665575812364843850e-07 2.405056058431253919e-07 2.052940446568820570e-07 1.854081390257551647e-07 1.907124897844870495e-07 1.477146862767346590e-07 1.486913323557212844e-07 2.453858295071389671e-07 3.233286962336604495e-07 4.752747071300171967e-08 3.599418469917586562e-08 2.650915199545648035e-08 2.086833440614881338e-08 1.373663577007017574e-08 1.070482545953999181e-08 9.681042232900054393e-09 2.708297044465387518e-08 1.076908107934892950e-08 3.441387501060768014e-09 3.689133730093274052e-09 3.112469506900495634e-08
2.194210858413719579e-06 2.089731969905294316e-06 2.147619875963526004e-06 1.965720234260167868e-06 1.631784684819306080e-06 1.126391527747027999e-06 7.802302929659559955e-07 4.734821451346945713e-07 3.108896147927596049e-07 2.477867188041258878e-07 3.852139512674191751e-06 1.378556420719356086e-07 1.172074982850430164e-07 6.227396427149808828e-08 6.044858928146900092e-08 1.839966422095689758e-07 1.582934331066506884e-08 1.234734199813229514e-08 8.876691517983305159e-09 8.703557447735000909e-09 9.227004484404582519e-08 1.102763763717507648e-08 7.445141230565601800e-09 9.387084618787450537e-10 1.014131192730939748e-08
1.748815633593075846e-07 1.740586447683374879e-07 1.760654842727663315e-07 1.826542762603670862e-07 3.931163296334551117e-07 3.326388957424001927e-06 6.264331483121400426e-06 4.175362868557485913e-07 1.677324998779720892e-07 1.216509528683278517e-07 9.282468743473333575e-08 6.818708484414637878e-08 5.159519391509300253e-08 4.612489629148675255e-08 6.071963854322594418e-07 1.750301961863459208e-07 1.392473798411520549e-08 8.834889683919176057e-09 1.841815669585742841e-08 7.513114347825117241e-09 6.853303855363145741e-09 4.497823766685871642e-08 8.070561040317060619e-08 6.932369354707949988e-08 3.143805767750635869e-08
1.804626743217307121e-06 1.407127416334123764e-06 5.647207705506769868e-06 2.067857504954690981e-06 3.764084372587856268e-07 4.622130709816489556e-07 3.889901608476896517e-07 3.039735762544459874e-07 2.185684882119941079e-07 1.569225152705286080e-07 1.234942577353583366e-07 1.719555860489518225e-07 8.040036007145992226e-08 5.166575472918746540e-08 3.016710523712292806e-08 2.414249816624428986e-08 1.827118373421157069e-08 3.568920974127649636e-08 1.128503912801488584e-08 4.307389847780471246e-09 2.803382530223883248e-09 2.759150327740094954e-09 4.525735035990739486e-08 3.385967261243503756e-08 1.331721698382924413e-07
3.111320006793551087e-07 2.819533350370430614e-07 3.390331323443590923e-07 3.482384118212523943e-07 4.000044045368255229e-07 5.095968554447227744e-07 4.792662202375549187e-07 2.592694201051402198e-07 1.895210543730069237e-07 1.874931581256579871e-07 1.674257309775362463e-07 1.539283141157038812e-07 7.437043543867293701e-08 5.487064370227408763e-08 4.142156913663750873e-08 2.744515825770695781e-08 2.119088052668330561e-08 1.448062853500011752e-08 1.082671377568362600e-08 8.549141441893941593e-09 5.200556788119304013e-09 2.267521513069382005e-07 3.855205896188864159e-07 1.824682768829519668e-08 7.074975868158072171e-08
5.056864118011197659e-07 4.306085404216657202e-07 4.476333406226255288e-07 4.235872547481938254e-07 2.789700077807584308e-07 2.614577605276604854e-07 2.671430761151154135e-07 1.971641273377435503e-07 2.063817693067617538e-07 1.340632396880527453e-07 1.046932163255006657e-07 8.311850983939366001e-08 6.244212083123973615e-08 4.431344630386709862e-08 7.410799812041715214e-08 1.783359380794784147e-08 1.270746650467840190e-08 1.255044711019975912e-08 3.416357028538577104e-08 3.413816383449298847e-07 2.352441624050457926e-08 6.178802926988571047e-09 6.619946845136492642e-09 1.913642154070285848e-08 1.568097019952088278e-07
5.492641300798418377e-07 7.674386347608001391e-07 1.695120335088905477e-06 1.285427195347122318e-05 2.572264204426072061e-06 6.988929324468562299e-07 3.177167489979012391e-07 1.806085839350622183e-07 1.553354203721564150e-07 1.198455437375604866e-07 1.146714434338074877e-07 1.022952084824781763e-07 6.774092320877215865e-07 1.395248214282602150e-07 5.896720440625396869e-08 5.992396958522069585e-08 3.746487528158511323e-08 1.801119644443519755e-08 4.300427491692478610e-08 7.790468938162509792e-09 3.725491621269649763e-09 1.971803250988431156e-09 2.371451451398225329e-09 1.076340975444038419e-08 1.466900893937346799e-08
1.254233194180264408e-06 9.165307644105992550e-07 1.097903835770945188e-06 9.371966588330356761e-07 1.024251319798602141e-06 8.824039511424864521e-07 6.949465551084316617e-07 1.509537108176961694e-07 1.402267944702265516e-07 1.129540179892885596e-07 9.403539782116321650e-08 6.528950873632028793e-08 7.157673857187082233e-08 9.533453139377766342e-07 4.179083706512771261e-08 1.298402848794477876e-07 1.684026300521897535e-08 1.023900014851409488e-08 5.120168870490108900e-09 2.914934566811811282e-09 3.726546496214813493e-09 3.857579752614578364e-08 1.925432086255329506e-08 4.404390398490493621e-08 8.927422039820734079e-08
1.352124456514106361e-06 1.367763863433544441e-06 1.115011553912348504e-06 9.778919161937345327e-07 7.424092931249275311e-07 5.838714424552888809e-07 5.027420755456610833e-07 2.072889340116584519e-07 1.820430742237746314e-07 1.583977397573724380e-07 1.226283352703065328e-07 8.920839499276910870e-08 7.113208363072231990e-08 5.611383764845061869e-08 5.556302869479616063e-08 2.986312286523152951e-08 1.840479022096103564e-08 1.228540318140354713e-08 8.055935479553609422e-09 4.222549716062830446e-09 2.820262435471815684e-09 3.098289950867662133e-08 5.250184086857025996e-08 2.149478348859246041e-07 1.960784249640445800e-08
2.316936586292210058e-07 2.331873846461718411e-07 1.567102891009142293e-07 9.348234339879895677e-08 1.545933767247033645e-07 1.152603113442960936e-07 9.721841596585075931e-08 1.107938955555534739e-07 1.858746692351654154e-07 1.051955814704937810e-07 9.186740529070067326e-08 9.208960113847589225e-08 9.514676631905650246e-08 7.635567382448943397e-08 5.201467412106241712e-08 2.988373371183542686e-08 2.145725468278345477e-08 1.431151338804527785e-08 9.761817137315060015e-09 6.155859103938457947e-09 2.430919751124190193e-08 5.813006015098004876e-09 6.447679815647032910e-08 1.368498560442059728e-08 1.754028928764902958e-07
1.023354442730899365e-06 3.810606515954682376e-06 5.323933686752742065e-07 3.617818912005077648e-07 2.675972737532851885e-07 2.081264746778006539e-07 1.774928629449945465e-07 1.409317531587260185e-07 1.120011287748599028e-07 1.017803974856326022e-07 9.246422214637312784e-08 8.372251915855051578e-08 7.785351294263299673e-08 6.431664030174451295e-08 4.350846701998669682e-08 2.529332435292776961e-08 1.711624262000120119e-08 1.247248490092469511e-08 9.405140589570212663e-09 8.085877868847855551e-08 1.142818156769181236e-08 1.463768680987468813e-08 2.951881856015260777e-07 1.389106124053368075e-09 2.709921729614748383e-07
1.058006009449617540e-06 7.205720395892299311e-07 6.227464788867974617e-07 5.272981888730900182e-07 4.249819273879417118e-07 2.335979858484339102e-07 1.936959946452250125e-07 1.731983443247917303e-07 1.672995588603937346e-07 1.794060188920611635e-07 1.447054915872510341e-06 1.967390357810686884e-07 8.604989229924560798e-08 4.968131673085281778e-08 1.386567091601532826e-07 5.647437718494165452e-08 2.035766710158004812e-08 1.344668578825303640e-08 6.853741526204701318e-09 1.320675886688870419e-08 6.201309274021012863e-09 5.173404735855267656e-08 4.017629906990425271e-10 3.615715216973800392e-08 6.429335707489141813e-10
7.986889138627313146e-07 1.344795128120854165e-06 1.396278316973908304e-06 7.165440249820275211e-07 4.901882741076146986e-07 3.166269722652956669e-07 2.113183214362943228e-07 1.948971272697582742e-07 1.501828620657362331e-07 1.738876591381807022e-07 5.723304305767680951e-06 4.393117191923395530e-07 6.457816752385535592e-08 4.902801158668738607e-08 4.357232906283791044e-08 1.122544753969915274e-07 3.364627480062917730e-08 1.823002743440413302e-08 1.293158388027320250e-08 8.568302053086927727e-09 1.071464429311113011e-08 2.608883418220488298e-07 8.420581941790178170e-08 1.140955618748123329e-07 1.523001678663286267e-07
1.948157543086514758e-06 1.800547430104359814e-06 1.739460572808839540e-06 8.482359217814357023e-07 4.653687916043072910e-07 3.238500006899897349e-07 1.851787848955247404e-07 1.382692821036922343e-07 1.022045314943337224e-07 8.984201165236915047e-08 7.323815836094424514e-08 6.491918381423275040e-08 5.600547208954346843e-08 4.324338957955865707e-08 3.078938321058205707e-08 2.350250506791378132e-08 1.887217061425933641e-08 1.595581571748062248e-08 1.316037318827556506e-08 1.122081705358907756e-08 8.316214587850431120e-09 2.566913956120869542e-07 1.461752548664187440e-07 8.133178604818956511e-08 2.112035438523938251e-08
6.244657480264697405e-07 7.608890341126439694e-07 6.015393497057871257e-07 7.862390163926313846e-07 6.800640087370212047e-07 6.667242312742900464e-07 2.556947344126263215e-06 5.926075877427374023e-07 3.393766369665823687e-07 1.761373633038877382e-07 1.108339681754053444e-07 8.434411826019465980e-08 6.580917717830716935e-08 5.742301449526712771e-08 4.413121191576481802e-08 3.843768686280619195e-08 1.250563377272862152e-07 1.822520521565069259e-08 1.348281192011248660e-08 9.096250067058234719e-09 5.899270171536393701e-08 1.118337184398323235e-08 1.995602774996682765e-07 1.201363989358611856e-07 9.660006814883540165e-08
5.187290381871077694e-07 4.155241920951018060e-07 3.274136883997626284e-07 4.916331933252640443e-07 8.709671030732816868e-07 3.528945421928321764e-07 2.305743275679387466e-07 2.011672616500271238e-07 1.959664830561640029e-07 2.442927265744984698e-07 1.100270004920331267e-06 5.515250117158138693e-08 4.494204478911980298e-08 3.831446450099704943e-08 2.742918897027754208e-08 2.076817596324294663e-08 1.513381786573474283e-08 1.115685399485586968e-08 9.036949053148287059e-09 2.638466910847939182e-08 2.821852541368923813e-09 2.806632352864300232e-07 7.768568298741768272e-08 3.277924951869208852e-08 1.995683560802171237e-09
4.893596377725419476e-07 5.010401491189064882e-07 3.279106365271680612e-07 2.238365884168583800e-07 2.143801089793960191e-07 1.856067663960058498e-07 1.634425357170094960e-07 1.563361686010781954e-07 1.665322398804099285e-07 1.844853487942513521e-07 8.955468450556774201e-07 8.500769794810639971e-08 1.622350192569618567e-07 4.731819730749266051e-08 2.930402181438329696e-08 2.152981851385763266e-08 1.737127875629323231e-08 1.177553782122340701e-08 7.979137119290029439e-09 6.879751309946934908e-09 6.845937030248910891e-09 1.393285700631033640e-08 1.333923461132839718e-08 6.001035484083422089e-08 4.347016364305462914e-08
3.398451513236510793e-07 3.401359445000330141e-07 2.664035229419793263e-07 2.330438509096415371e-07 2.040461034515024712e-07 1.984039293923626695e-07 1.987966481502611536e-07 1.840295180445171526e-07 1.804120881231504008e-07 1.846064223399941556e-07 4.080797318053218840e-07 1.031293876827582500e-07 1.534828039969839457e-06 4.546648287971249057e-08 2.823235548569944360e-08 2.098310577954815523e-08 1.509441095654133817e-08 1.077443993778855084e-08 7.825954340513376150e-09 2.141299767593051870e-08 6.724881478511476846e-08 1.615546462593888113e-07 1.891007560801852296e-07 1.532442762143602568e-07 1.494962858472070710e-07
6.135228285408800275e-07 4.152227309650591386e-07 3.981856049452127304e-07 7.814656103069627607e-07 4.513845957800760002e-07 3.760462570057960979e-07 2.611013096217724353e-07 2.427675553483890659e-07 1.898571542916487235e-07 1.780077628505076866e-07 1.525889174314474093e-07 1.065642672414170454e-07 7.044476915088973683e-08 5.927052517172465321e-08 3.370577301415394831e-08 2.525346494558073764e-08 1.809671776393000446e-08 1.225326348329709284e-08 9.294754309341455822e-09 1.317099222970661024e-08 2.795382774922550225e-09 9.102579270021888097e-09 9.894136798539791022e-09 3.779630427688466896e-10 3.925435334044501303e-07
5.732399118431136312e-06 2.006127696016780819e-06 9.691409779864362054e-07 7.360091485556432015e-07 6.582393968336604967e-07 6.948158481996124170e-07 6.519004385383835409e-06 4.390598602733776760e-06 3.301726254522611099e-07 2.147901469428076838e-07 1.520558318398593633e-07 9.322432817330126036e-08 4.458398111760029544e-08 2.767330555237014675e-08 1.898969046093687757e-08 1.267176768144181880e-08 8.029584607070003391e-09 4.955692362970019332e-09 2.889022072520403130e-09 2.016173584642796428e-07 7.809240969288246848e-10 1.183907633273439980e-09 2.486070475216282527e-10 1.039626662209340963e-09 3.741199904563754040e-08
2.996626662365997618e-07 2.764218429324363622e-07 2.635866326257381831e-07 2.713482271582539500e-07 2.017867162302183217e-07 1.758855360002985809e-07 1.499465705031765486e-07 1.259029389217574785e-07 1.065661507198292493e-07 8.506554375574050259e-08 7.177891344903142123e-08 6.043997285662839612e-08 4.479580000286534902e-08 3.541208676176484104e-08 2.373623907565210415e-08 1.462013487712489212e-08 1.022340859011112808e-08 6.049229184476419275e-09 3.177303012415206654e-09 2.124007184701060816e-09 1.074526299979887440e-07 2.848175296327195795e-09 2.067225836680742750e-07 2.573020778286634610e-08 1.051053007942359412e-08
1.921823019527343369e-06 2.241881211270767006e-06 5.809995372093804670e-06 3.386976703360336514e-06 4.220786852999398452e-07 2.591484657666820567e-07 2.142066623682476517e-07 1.787292957304586316e-07 2.280076080072188847e-07 2.875377424372217494e-06 6.271057977882777215e-07 1.020150556326812461e-07 7.021188030082305551e-07 3.212302506276945386e-07 3.057462326798069364e-08 1.696851577682707689e-08 1.076581533807946061e-08 1.012237912014204279e-07 5.331842814540068030e-09 3.729060726214453100e-09 2.594500277118754245e-09 2.012969330018771666e-09 4.186969890624747218e-08 5.235867462334482247e-10 1.617049406850494354e-07
