1.921257522710478952e-06 1.609527258424732171e-06 1.204157780501639167e-06 8.351833759295900776e-07 6.043739640207645737e-07 4.778356517049825005e-07 3.598653981637486091e-07 2.841755574811673070e-07 2.493607573687573261e-07 1.678345595873845351e-07 1.648071475053517994e-07
2.189554927871660689e-06 1.696600236481523402e-06 1.387190838199871233e-06 9.498577830585261267e-07 7.112591235101489117e-07 5.493504288928046455e-07 4.114837027720151681e-07 3.264206304441507153e-07 1.989719786473438607e-07 1.162009595537930323e-07 6.203868181903732854e-08
1.382478051350981442e-06 1.285434940481133047e-06 1.166517922879257017e-06 9.249888658182855873e-07 7.242980586306559890e-07 5.526733085320622311e-07 4.076395748489666234e-07 2.850361294058056535e-07 1.791718889395747662e-07 1.039441182004701981e-07 6.384310457479958026e-08
1.415871916735099714e-06 1.094026506506001854e-06 1.135391111105523164e-06 8.883230762145122494e-07 7.505587570882646014e-07 5.888308249809541341e-07 5.184093825769288868e-07 4.178439815527749486e-07 2.428572957901264418e-07 9.289636554842320851e-08 1.353190765041489082e-07
1.572810746950493594e-06 1.423211629893013208e-06 1.146720534130810387e-06 9.019995760096650173e-07 6.627844260258029242e-07 4.833143582859996001e-07 3.677205530580732745e-07 2.536600161872460179e-07 1.782195670050177517e-07 1.156374663406119474e-07 7.426957065587267690e-08
1.615769211308025720e-06 1.367907187434018185e-06 1.089440420607977149e-06 8.037985683252629062e-07 6.615522353864770983e-07 5.314146050879872885e-07 4.158567071653337228e-07 3.172325989361984017e-07 2.859856876151083451e-07 3.860000283723880672e-07 1.854213019597454078e-07
1.669907148735721575e-06 1.469270687210913882e-06 1.296599786425301881e-06 9.620162217099153969e-07 7.678775965163993859e-07 5.654658103914403830e-07 4.643803368108099880e-07 2.959768761903841851e-07 1.488318737430060068e-07 8.714382067690510746e-08 1.111176064628249463e-07
1.750013373065079968e-06 1.523258592577131640e-06 1.293100346259107951e-06 1.016827609518156777e-06 7.444166377865652982e-07 5.453628856686683930e-07 4.229531078252733656e-07 3.588071737323247118e-07 2.188155520473524851e-07 1.417220601781970802e-07 5.049799717944131167e-08
1.488951558056712762e-06 1.311336870079976814e-06 1.238309019318936350e-06 9.467216578184458750e-07 7.005704510929280648e-07 5.581343216527751390e-07 3.807562738039737719e-07 2.637388906269555778e-07 1.651207874843968161e-07 9.565310530529636312e-08 1.293516415111977250e-07
1.738841328983420046e-06 2.069714301442132094e-06 1.138940007691795927e-06 8.987520589853803459e-07 6.986515771913592241e-07 5.568103208412205712e-07 4.028448624672973112e-07 2.668446782421348515e-07 1.796127250160060012e-07 1.067076775700129109e-07 8.800288829601236715e-08
1.856877706094908326e-06 1.644732729513479986e-06 1.505611161751137776e-06 1.328535594053978037e-06 1.038633685056342941e-06 7.903559432793950270e-07 5.136009883882013710e-07 3.933178974768530519e-07 2.189132954690925712e-07 1.424272559601928241e-07 8.046594906082914268e-08
1.759428674098667566e-06 1.567127159790502970e-06 1.211497313927125269e-06 9.035116044402412091e-07 6.477038217464945304e-07 5.561747106472842835e-07 6.395208327013775312e-07 4.729324644776762152e-07 2.747993096676530019e-07 1.417220672999921319e-07 1.209747495208159679e-07
1.338595690363576417e-06 1.228920569693049314e-06 1.142896266953156545e-06 9.729359348317259467e-07 7.495234015230925615e-07 6.215540031710242297e-07 4.355986371603423726e-07 3.594597100786558741e-07 1.588097815950886388e-07 1.900614816302305447e-07 1.355472694378442865e-07
2.360541222731334519e-06 1.960808074656633700e-06 1.510864936387662922e-06 1.153053202515904779e-06 9.053816443162631033e-07 6.619552628634752312e-07 4.931620726758747488e-07 2.810926423681649744e-07 1.569635610372627768e-07 8.947334821802142504e-08 6.726361924474316254e-08
1.467748953731599891e-06 1.363228274408497306e-06 1.247386725880468865e-06 1.044607001953344484e-06 7.965779977879297842e-07 6.145068797407541047e-07 4.469043697297172740e-07 3.066576331782071667e-07 1.682749191103293107e-07 1.533292352463172752e-07 4.678842097284700926e-08
2.240057765643489184e-06 1.824313203506806475e-06 1.620263362984723497e-06 1.258142766100973305e-06 9.576581153017852975e-07 7.209971780440794800e-07 4.831604240089659458e-07 3.029641076033672208e-07 1.670202971284923716e-07 1.394199621445207961e-07 8.996641298364822981e-08
1.922080060113572582e-06 1.608912544935368044e-06 1.408850557072279732e-06 1.008984724318871333e-06 7.677182967713412967e-07 6.163450881064988349e-07 4.446816800991211603e-07 3.311723773606545192e-07 2.053900292047720290e-07 9.695005999991799384e-08 1.253324455186222327e-07
2.269246846980169283e-06 1.746356280074960861e-06 1.336710507114248806e-06 9.884084256984096863e-07 7.084956458994724952e-07 5.493432763124393718e-07 4.848967788062271015e-07 3.300353753383237137e-07 1.991528821014571353e-07 1.063408033840395759e-07 4.305149885234158672e-08
1.523248375715560007e-06 1.365606612152242052e-06 1.180610738918681094e-06 9.597622923797224504e-07 7.850815739248934613e-07 5.881852022746818137e-07 4.530053462996267448e-07 3.453110378947012246e-07 2.225957161149452485e-07 1.407045673795830246e-07 1.255812732948811292e-07
2.029675897942151723e-06 2.172521086336581244e-06 1.723208462090021036e-06 1.293136466323497860e-06 9.870762788998786644e-07 7.591558622785284156e-07 5.485791027048363692e-07 3.670019225427144717e-07 2.018589630815545880e-07 9.705415841162531637e-08 1.116669740343045713e-07
1.602170366159907496e-06 1.354481740314679888e-06 1.127833323712349301e-06 9.449892314212619464e-07 7.703537641870408177e-07 6.462892611227247690e-07 4.263894092902675720e-07 3.094782952379337767e-07 2.468139425543977055e-07 2.063541802545719015e-07 2.375182354708483325e-07
1.295634768517208747e-06 1.180024226944786192e-06 9.408276832558029977e-07 7.479242989816963793e-07 6.165634386212082336e-07 4.940511186303693169e-07 3.666556269392677324e-07 2.832767342347692010e-07 2.959417439469963989e-07 2.818524361564684738e-07 2.164543235913604404e-07
1.795247826260674853e-06 1.430672691708362913e-06 1.281786130374134700e-06 1.120509544761581094e-06 8.841116891800209506e-07 6.760530696548002866e-07 4.969025512562627228e-07 3.452116993620519789e-07 2.273855502049452109e-07 1.239054230853196395e-07 7.235751159660379655e-08
1.873701475087939073e-06 1.560624907116393729e-06 1.359087327454898112e-06 1.103006448713279412e-06 8.689114491647652511e-07 6.550240872710550967e-07 4.626839266635007189e-07 3.121113889326403563e-07 1.879597451050228988e-07 9.977711581007134207e-08 1.173329288188804435e-07
1.467306673522938530e-06 1.311467457511565406e-06 1.070552098271813350e-06 8.668628931598627322e-07 7.422773508886721034e-07 5.750316666150625883e-07 4.371403528724578738e-07 2.952736435265587228e-07 2.507381473964544944e-07 3.011306881601365598e-07 1.247796071897348906e-07
1.409232346530261273e-06 1.178417970164339620e-06 1.027597136144568517e-06 9.334354834718960297e-07 7.632070019160653283e-07 5.873253387954664104e-07 4.244898314079021959e-07 2.869133150129742956e-07 1.505726338982803463e-07 9.569770067175628517e-08 1.613474603017626573e-07
2.089699251597245910e-06 1.656338932066236823e-06 1.393381861895529211e-06 1.093997735581902283e-06 8.038532973871975376e-07 5.781247074276155502e-07 4.376597908066598584e-07 2.955846092689694830e-07 1.559018731404727691e-07 9.212917063919116437e-08 2.620583972015504448e-07
1.943090273172545960e-06 1.792309860042723874e-06 1.535646006011128935e-06 1.185700660306462868e-06 9.094537437231083805e-07 6.783358784364614144e-07 5.039872456739799476e-07 2.804670265669300913e-07 1.722102214487556326e-07 9.220358545821124726e-08 7.798943907746311060e-08
2.518025018851393668e-06 1.847075845123829873e-06 1.314118693584667021e-06 1.136206857020942693e-06 7.428678010451176314e-07 5.754188761826068561e-07 4.216123740901246865e-07 2.917940848402381407e-07 1.693595582082979622e-07 8.924710641672383096e-08 4.787121065966221812e-08
1.843714352157293166e-06 1.718869753416314830e-06 1.395504006180051619e-06 1.183192977569052187e-06 9.165826122403197292e-07 6.433799089882630040e-07 4.257099518987173088e-07 3.138303619981890317e-07 1.854264239197471074e-07 8.704112620378795999e-08 1.116305356622522163e-07
1.869698194300796944e-06 1.664346710274167969e-06 1.426070365050944755e-06 1.093990941542237131e-06 7.614008163183339578e-07 6.438708031281942632e-07 4.542200372401022112e-07 3.048233976972192225e-07 1.729321508060467876e-07 7.751877063073852506e-08 5.321400173717307797e-08
1.973481744698452873e-06 1.686635919200986559e-06 1.408064309572758951e-06 1.195440623043575715e-06 9.700370214705608583e-07 7.124894662090366848e-07 4.941435643018605337e-07 3.281538056144255988e-07 1.757787493539695543e-07 9.382688435606509576e-08 1.016291686382033305e-07
1.515517541497270102e-06 1.308338712413288618e-06 1.147957098956562432e-06 9.575014737014098658e-07 7.246169859377484897e-07 5.690085356922519870e-07 4.209898221680140169e-07 3.895569835120909373e-07 1.800786139739928692e-07 1.080359914205633024e-07 6.199326519397504453e-08
1.415657539924817550e-06 1.181611981337125880e-06 1.045227980239411984e-06 9.106135449122565132e-07 6.922637604825653246e-07 5.364462194536234244e-07 3.949566076890211857e-07 2.659309842839407127e-07 2.037719077537270668e-07 1.415818653036240853e-07 5.619209043679170345e-08
1.449470392109163079e-06 1.283812148191204045e-06 1.109335198413883490e-06 9.323612679989210515e-07 7.026399749069529138e-07 5.187614254756742764e-07 3.314090354179726110e-07 2.063291059814845032e-07 1.304412795829045984e-07 9.036126485242656428e-08 3.509563584647776830e-08
1.759665274782174671e-06 1.594475004409210408e-06 1.279579159558022441e-06 9.968857906890759698e-07 7.917885817496536580e-07 5.819799634333692127e-07 4.197464269179166237e-07 2.904550653410759878e-07 1.915763169728196982e-07 1.238489433319302863e-07 8.919429716675004585e-08
1.670606156691248587e-06 1.556133662085649796e-06 1.265218621909765978e-06 1.090933070486326410e-06 9.580089588113100398e-07 7.663403435699317222e-07 5.284816267060271081e-07 3.416579450255803026e-07 1.997275484380134177e-07 6.809299949794730616e-08 7.495726600712150847e-08
1.978816923629098665e-06 1.540595850550278658e-06 1.215736869179013085e-06 1.014678482109645533e-06 8.171350880225123285e-07 6.330598351486640389e-07 4.764280499651188712e-07 3.145674351223819705e-07 1.959032952672113551e-07 1.583350433704652303e-07 6.222797010129685889e-08
2.226739272743417471e-06 1.759428261000514537e-06 1.238457678262732767e-06 8.755071722532671868e-07 6.329237773398275755e-07 5.004415985257352712e-07 3.866972148128322917e-07 3.434940206631758549e-07 1.650051454600008933e-07 1.357018327374970875e-07 7.368548960681392837e-08
1.906033186241999793e-06 1.610825877412512303e-06 1.246165564496997478e-06 8.596354550876741211e-07 6.160740086039144446e-07 4.939569095007138071e-07 4.138404970753210895e-07 2.644410138956514997e-07 1.494263883610638696e-07 1.774561416698277317e-07 7.415616573244198456e-08
1.689696878990825472e-06 1.757504499815338479e-06 1.436464953633086355e-06 1.172594949967810528e-06 8.182447988412418236e-07 6.271165344827166058e-07 5.191509916343157979e-07 4.131619890054118959e-07 1.892692495602725922e-07 8.405507070511578946e-08 7.935097156159052786e-08
1.344312309695124004e-06 1.212521967721420922e-06 1.082981325546968100e-06 8.338431645092576453e-07 6.174221334297293949e-07 4.697928072924775036e-07 3.577100367850390987e-07 2.551768059132036805e-07 1.678842797873629992e-07 2.396523511544778027e-07 3.785304847074369388e-07
1.105343947147826831e-06 9.579339751575585792e-07 8.385787738982629606e-07 7.109827380798088311e-07 5.930867826642256602e-07 5.181258140868999726e-07 4.051903994031090234e-07 2.686992227976011640e-07 2.361355430123558823e-07 2.241398361966982901e-07 2.640996954633963675e-07
1.553081644754832262e-06 1.358368325487967811e-06 1.159787880404874943e-06 9.353247456420818319e-07 7.312728708086960685e-07 5.285555459853460181e-07 3.542694048964086324e-07 2.634277964677757146e-07 1.412901138389293594e-07 1.222024714624789429e-07 3.171430998878494779e-08
1.740548458187452332e-06 1.564068278783673721e-06 9.872933357121297381e-07 7.962543112055445826e-07 6.257284351752319720e-07 5.113360148294909658e-07 3.959947998674651608e-07 2.682382319813940386e-07 1.557986513204500429e-07 1.152243026048741656e-07 1.483534581094471376e-07
1.111153936410605393e-06 1.054327009236772438e-06 1.060114163296386405e-06 7.542357601821588105e-07 5.744568905025642003e-07 5.105061700943580542e-07 4.192922885986318328e-07 3.731916721057182340e-07 2.466779143199454003e-07 1.257144831090914793e-07 8.287615107198243374e-08
1.630312449453150591e-06 1.370845204356235525e-06 1.109773334563744248e-06 8.542136349284137793e-07 7.285079356968779113e-07 5.556838725541663032e-07 3.965196970490043689e-07 2.487243402256770926e-07 1.494156595328577067e-07 9.065567759873844145e-08 4.835395972997885128e-08
1.023911035906756563e-06 8.825221481435170278e-07 7.697156650185009838e-07 6.725364158155932856e-07 5.898473824230449777e-07 4.717966861303736951e-07 3.406158146063794498e-07 2.763578024218673950e-07 1.897806459577808440e-07 1.053046801247894130e-07 2.219942207068434886e-07
1.857993637385532910e-06 1.538173363262801486e-06 1.366451334795594362e-06 1.122164774430837106e-06 8.558752085291596861e-07 6.491804297511576202e-07 4.786125526589588784e-07 3.240297215159816251e-07 1.771843412552547019e-07 1.551744055052968665e-07 7.060132197315666706e-08
1.620915617926071306e-06 1.542353828603592773e-06 1.280544748934511726e-06 1.038249162473136829e-06 7.406198651063208565e-07 6.086771857795210606e-07 4.158038057462644977e-07 2.580714821435387426e-07 2.030914046240136837e-07 6.836399355594980064e-08 9.172725624013718926e-08
1.961572797929344105e-06 1.579678010681140011e-06 1.263171207199330661e-06 1.063457882926294864e-06 8.607383384185905764e-07 6.831681269438678453e-07 4.857004605093871279e-07 3.035540334304273164e-07 1.750518679776301732e-07 1.038610036888213312e-07 8.845328952098317263e-08
1.831586191369154486e-06 1.587304115500598832e-06 1.397684710647646254e-06 1.311930255267407290e-06 9.358911605457787153e-07 6.638093937496941259e-07 4.388789821870540275e-07 2.808740538469955038e-07 1.559667812934311215e-07 5.870511217262187810e-08 6.525383465986625062e-08
1.946407769848503215e-06 1.159052087606589933e-06 9.531508000386945548e-07 7.887652851159946347e-07 6.316698649802625220e-07 5.262697425725533805e-07 3.729727459901972802e-07 2.716077361051867495e-07 1.829281019122436624e-07 1.593656669682628224e-07 2.881148343497348377e-07
1.646695210747269867e-06 1.475075793907216792e-06 1.132711715581988937e-06 9.235652447698655560e-07 7.239240499464360324e-07 5.316457937164077729e-07 4.062297480148166620e-07 2.780569504449797494e-07 1.831483332823923244e-07 1.019119306284514403e-07 8.121794478352089660e-08
1.892969354148771307e-06 1.412908308271546819e-06 1.213257440594047159e-06 9.950113506546066370e-07 8.173422917437096294e-07 6.342315791440508625e-07 4.592114130491949169e-07 4.267374130335563294e-07 1.798804861312289975e-07 1.062178626809628281e-07 7.598838019535332018e-08
1.709552733889198955e-06 1.402978123486503221e-06 1.319203357022525579e-06 1.164183333799642519e-06 9.390992934121192363e-07 7.589782279709653667e-07 6.114155773679266025e-07 3.672887672830944279e-07 1.398759974160419806e-07 5.442896427298863952e-08 4.177447933370849303e-08
1.133270360237217154e-06 1.004373544292429262e-06 1.003101593310577690e-06 9.115356630507743964e-07 7.916766532981867136e-07 6.462702832340372649e-07 5.015162267267226919e-07 3.635798068468836725e-07 2.294736500133006224e-07 1.092170052058090971e-07 7.546242361633206615e-08
1.288470020074568455e-06 1.183001539917243842e-06 1.084976187047775944e-06 8.682113273039641388e-07 7.065833247964260165e-07 5.895024667402257751e-07 4.355257550996572806e-07 2.679357737117634482e-07 1.275055217233354187e-07 9.474305177484084843e-08 2.468652551399704269e-07
1.428727471825431907e-06 1.249007151164969223e-06 9.876108241842090844e-07 8.128537544108020211e-07 6.514123128039977478e-07 5.409279472356872661e-07 4.490158974609365618e-07 3.352895229031195977e-07 2.185515397171387300e-07 1.084316862609677941e-07 4.042456479741148708e-08
2.744306819099051176e-06 3.208070738628931476e-06 1.417052242958116375e-06 7.195172294876206487e-07 5.379775127364545213e-07 4.435840338815800040e-07 3.848807714587588480e-07 2.811294669817749237e-07 1.645707402411399651e-07 1.091953368797879568e-07 5.911381259103741100e-08
1.116214115818617175e-06 1.045606686264687949e-06 9.239993623239825623e-07 7.642957508313853602e-07 6.306849526827117289e-07 4.983668571192750660e-07 3.709101542283924354e-07 2.707377765039520261e-07 2.243858692130019289e-07 1.456927488696041705e-07 8.240055123155831715e-08
1.273105122497119491e-06 1.032467786143312147e-06 8.926225945695761299e-07 7.628227024625203343e-07 6.562281476850636202e-07 5.138498999486085193e-07 4.290271530515538332e-07 2.936378523994013574e-07 1.840981994674348862e-07 1.321998078779521320e-07 7.834852708737638555e-08
1.630311657701531660e-06 1.403209223158975237e-06 1.183589168078718026e-06 8.489496756212091203e-07 6.116589692865222663e-07 4.388841899611336571e-07 3.365771688116250221e-07 2.291997879433414231e-07 1.459299919193426718e-07 8.393294332206686729e-08 2.290717772676296018e-07
1.789577562979889124e-06 1.576028747676206961e-06 1.323590995187597858e-06 1.246388558705188852e-06 8.312979823682508274e-07 6.256864688408579038e-07 4.316473735441531066e-07 3.155710797620885221e-07 1.613532217202728884e-07 1.135560788789763791e-07 4.553087857381229251e-08
2.037172251895877932e-06 2.293500186905460621e-06 1.302171282651767300e-06 1.138552115303465048e-06 9.136260547092909793e-07 6.157799999681715449e-07 4.476780776850577567e-07 3.036005149831675040e-07 2.309046884312080309e-07 9.864527428419474303e-08 6.115215845323774272e-08
1.465339012991967729e-06 1.267184011583611034e-06 1.036629631250353475e-06 8.452657921901231954e-07 7.073826548916893358e-07 5.850419400996414613e-07 4.290893928438072383e-07 2.943578121637029351e-07 1.582877647813647446e-07 1.347854490274567713e-07 8.591965680787167657e-08
1.243687969692486842e-06 1.138872415817516819e-06 9.993652398668184945e-07 8.962981130969934611e-07 7.354717256592737128e-07 5.862948784142196030e-07 4.207146261903407032e-07 2.953022005603239318e-07 1.530945259853151319e-07 1.059911536547625944e-07 1.197210370123999460e-07
1.415194106810793093e-06 1.273744243015167880e-06 1.029068565442601845e-06 9.268771065445041545e-07 7.149559263451592914e-07 5.483915016490719187e-07 3.822839911663146852e-07 2.615926067859693151e-07 1.551211752613242517e-07 1.980039876139209932e-07 2.440601278739117781e-08
1.391103563393099961e-06 1.220497228815855259e-06 1.112016436531730243e-06 8.896244125934311355e-07 7.057409994497865017e-07 6.030093587690416987e-07 4.982187373317972529e-07 3.887079680660113740e-07 2.482205546894468943e-07 1.879560774444096071e-07 1.043467753942376472e-07
2.214692497726584379e-06 1.645712933371512869e-06 1.230507014296393285e-06 8.687338675477689768e-07 6.319999962584406909e-07 5.274432657027880558e-07 3.764268149640458637e-07 3.490062683044323114e-07 2.056492591939616285e-07 1.315846379674372812e-07 9.139425639204242988e-08
1.611072056691090562e-06 1.447630844299093042e-06 1.246983362779024334e-06 1.026371531051695049e-06 8.136304936430116174e-07 5.850677708845019736e-07 4.515109579231977016e-07 3.148089431857130607e-07 1.802874101061556316e-07 1.114095370655363066e-07 4.615684833789508006e-08
1.557032227074169585e-06 1.342907431259645295e-06 1.088900542354366739e-06 8.422801982080458230e-07 6.586218303141564983e-07 5.668033364143843446e-07 4.109351769841383819e-07 2.952071181634092609e-07 1.517329525730433693e-07 7.944889903921032292e-08 8.685812698577938229e-08
1.450231865153406957e-06 1.182327175627059016e-06 1.028963657460511698e-06 8.477694436614501113e-07 6.912329866643600834e-07 5.344405823746197565e-07 3.922998808446006661e-07 2.641379561217223189e-07 1.685160082560739162e-07 1.508319079096564923e-07 1.715495292609761546e-07
1.800260288688199328e-06 1.572287263483022050e-06 1.319867655217335885e-06 1.044845052617432901e-06 7.997578521961377312e-07 6.647842451330868698e-07 4.509533516175922401e-07 3.388018104746102861e-07 1.556031542336618437e-07 1.891398224348890038e-07 7.453675254244804023e-08
1.728157361657299943e-06 1.639249615887064781e-06 1.448310077599739129e-06 1.183697921717441956e-06 1.143354527360325739e-06 9.181137074437599332e-07 5.535157806517575886e-07 2.916941267849380456e-07 1.740744563308317866e-07 9.126339077717394457e-08 5.371960729827773337e-08
1.826512468974704233e-06 1.581332222917928757e-06 1.253139475064402944e-06 9.411716001758915632e-07 6.693631637171282609e-07 4.894165707825065030e-07 3.580160875537465377e-07 2.482919847853674191e-07 1.555576201701456194e-07 8.320907293623084757e-08 4.169550551026117332e-08
1.766827459635953336e-06 1.559790948210724080e-06 1.166729631854908240e-06 1.020264282191975809e-06 1.318733824294621834e-06 5.512000728331831733e-07 3.746563456662507821e-07 2.397502561573003595e-07 1.437837389597832910e-07 1.332115539085204008e-07 4.331459325173440712e-08
2.009113916057990033e-06 1.515931892989866449e-06 1.144841880074494553e-06 9.388169900639062257e-07 6.918048379796946759e-07 5.173115391554358817e-07 3.984175374749712925e-07 3.083049633044982116e-07 1.392646420019936724e-07 6.122340224237331042e-08 6.469116780946752939e-08
1.469304875844449983e-06 1.355860332205121634e-06 1.105493634724769705e-06 9.221278459105938005e-07 7.509605042059424798e-07 5.819862961039263329e-07 4.519408974278306577e-07 2.822035802685899013e-07 2.707830974750068170e-07 1.260998092340093088e-07 5.259180684454947617e-08
1.749903806735073623e-06 1.455821076010227401e-06 1.369078254227300279e-06 1.178031667432521684e-06 8.739074144016031071e-07 6.311444911935958498e-07 4.228097687894150838e-07 2.654263044569502949e-07 1.453873217833309642e-07 6.306812506690936538e-08 9.706169540626551401e-08
1.567181662850265836e-06 1.412431175341655322e-06 1.205879132909019318e-06 1.059381802032643617e-06 8.470285181033919179e-07 6.813571061318944568e-07 4.952900535402087786e-07 3.411133852030235393e-07 2.833101016446585215e-07 8.417473406001952273e-08 1.039017664913121018e-07
1.655384419042805425e-06 1.143883492162131011e-06 9.680039464858432817e-07 8.540393656799555552e-07 6.962977282162278428e-07 5.661429407192485874e-07 3.862072075777255931e-07 2.345603527786229239e-07 1.569072792185360055e-07 9.895834073589707054e-08 4.367629265258480867e-08
1.350365183944236156e-06 1.333725700778723854e-06 9.747994143971171687e-07 7.396960215045823492e-07 6.481616748932968142e-07 5.333287829847355707e-07 4.460890685275273552e-07 2.812781239563592337e-07 2.137433646472304552e-07 9.456999808079389206e-08 3.570148520283728146e-08
1.608771974437142202e-06 1.515367294375495715e-06 1.341490934449832229e-06 1.065980460930494169e-06 8.452033875025065070e-07 6.601325347891887525e-07 4.935882609470021076e-07 2.942962156211423522e-07 1.886732471866597845e-07 1.231993961278527387e-07 4.648739301821479585e-08
2.157367853875946888e-06 1.657826567514880574e-06 1.237159863756885535e-06 8.585746230492434044e-07 5.940993357591537844e-07 4.411847142836406666e-07 3.209175933165470068e-07 3.144898116741040325e-07 1.325941148614352264e-07 1.272051414067057963e-07 7.880487731349811737e-08
1.209011422855831629e-06 1.112122988020274443e-06 9.573916016784421129e-07 8.392151778850324809e-07 6.676235807134864059e-07 5.255390814786262184e-07 3.938451682647653911e-07 2.617744016483516525e-07 2.667315426607943726e-07 1.488557930600980826e-07 1.945320144091071816e-07
1.557781242414803756e-06 1.321130752589280927e-06 1.108969108395586678e-06 8.379405388983449762e-07 6.415864825336380757e-07 4.813657105637450850e-07 3.571725776810649863e-07 2.465281041375487563e-07 2.095326577955511061e-07 1.488794680271146061e-07 6.558339336804519439e-08
1.752170063980559502e-06 1.432573715579377629e-06 1.144094386272333531e-06 1.000356163185172940e-06 8.125202404329848159e-07 5.914802762089469296e-07 4.192448860446680473e-07 2.995343756537588994e-07 2.020916941354204603e-07 7.143106223094427366e-08 3.922677310965157310e-08
1.973969508086454961e-06 1.691540524834918324e-06 1.365573904750817302e-06 1.076499646720468620e-06 8.109582600179731308e-07 5.943894701738428191e-07 4.199639760135132791e-07 2.722070510847246524e-07 1.887948335311543440e-07 9.034994247524498724e-08 4.334038955037246015e-08
1.886340049773377035e-06 1.575960723354394099e-06 1.297898311148315478e-06 9.593310796147750818e-07 7.789617838648584820e-07 5.954250487129185829e-07 4.056409232707511015e-07 2.644650265354437723e-07 1.214624880709991778e-07 7.946397382034043509e-08 6.592138598640641402e-08
4.366825727638227572e-06 1.810387914458910014e-06 1.248220438338620258e-06 1.037929380711574278e-06 8.046754369715657866e-07 5.813837047731783693e-07 4.343955166975515493e-07 2.650411336188002142e-07 1.457461895054865627e-07 8.163808118860338240e-08 4.787575290996913476e-08
1.513929233525814630e-06 1.368126318654933756e-06 1.151442462329834395e-06 8.912019443779365692e-07 7.629513306614197519e-07 5.439556848824457759e-07 3.813284041893081263e-07 2.633079536568415781e-07 2.722847476695734714e-07 2.766535682453534741e-07 7.737779208763011745e-08
8.149228688326536847e-07 9.912818118173475374e-07 8.526141136979132737e-07 7.412093175830006166e-07 6.857304343306155140e-07 6.702984545457597031e-07 5.824341184510029217e-07 3.924977606867401955e-07 1.695372930372712451e-07 9.975215603124136988e-08 1.166485763820297776e-07
1.262487347409339401e-06 1.172126725172398766e-06 1.031980324723282510e-06 9.383761802271020028e-07 7.588772761272203204e-07 5.247916980972732585e-07 3.706136412470723446e-07 2.448210688176574220e-07 2.123167751996927941e-07 1.009725233881639559e-07 4.610609709698121320e-08
1.348904060696773351e-06 1.072437613884705012e-06 9.728907139482130619e-07 9.191648338093302818e-07 7.418481336246294578e-07 5.939513670943261486e-07 4.354622014255390822e-07 2.905382698241060687e-07 2.668382124181672471e-07 8.982637042756671249e-08 5.460953417133777923e-08
1.692374046020720509e-06 1.189748369514155599e-06 1.061516307492135343e-06 1.180921419636942599e-06 7.845192453646664251e-07 5.703738470914543294e-07 3.826535230391163223e-07 3.171456055635358336e-07 2.184694754308292249e-07 1.051191691340458565e-07 6.230489442039186208e-08
1.497024947793078212e-06 1.271860124332344634e-06 1.101774266246193106e-06 9.440659688087753222e-07 7.360238711383808402e-07 5.345667548211224536e-07 3.953222978909694362e-07 2.605154004965733256e-07 1.525056434048121378e-07 9.362538878905807914e-08 4.365780371087447851e-08
1.262513453867182352e-06 9.926857046498388704e-07 2.463778940402742431e-06 5.862707373405194687e-07 5.142923644931508742e-07 4.192572666511176599e-07 3.051506298834280552e-07 2.878870758276831113e-07 2.628923474599302453e-07 1.492892924504921517e-07 2.264353845280626457e-07
1.083382150011173974e-06 1.096841168288616175e-06 9.952001050853515676e-07 8.697047919319221931e-07 7.306668975720572908e-07 5.725793386740568981e-07 3.886247294104582403e-07 2.489642964861542889e-07 1.798461747638078876e-07 1.154284093241712294e-07 3.976452311238199139e-08
1.485467400263489627e-06 1.364503274130626709e-06 1.185919916964909209e-06 9.028066635629840357e-07 7.270958469801809797e-07 5.731686731156855832e-07 4.144669931019190038e-07 3.628200384266765364e-07 1.447109404299735103e-07 6.936158307449398551e-08 3.398252488125251693e-08
1.547561604345762307e-06 1.428401793553945358e-06 1.120301723239215336e-06 9.199103815738141476e-07 7.078865784934935139e-07 5.282616795399899585e-07 3.516065933027290848e-07 2.322729840880375866e-07 1.657885938050698588e-07 1.597966483157887638e-07 5.202743971438055759e-08
1.885022809480134061e-06 1.533054706192193898e-06 1.302751940899262466e-06 1.111382938610630717e-06 1.164675217238863752e-06 6.544002171237924654e-07 4.544627515053791188e-07 2.648646581678849608e-07 1.451723862727115435e-07 7.682846817699058672e-08 7.797690246732745212e-08
1.584277849318746573e-06 1.441906558268813721e-06 1.310801146655536095e-06 1.050780627066340985e-06 8.450624486060482729e-07 6.273759369490633318e-07 4.101507680786989792e-07 2.588874659300914364e-07 1.593485355491109063e-07 1.385615858687819181e-07 4.695103223293734105e-08
1.503460640095547682e-06 1.296125265308889651e-06 1.128882803691513554e-06 9.263606019299108341e-07 7.337577775312927441e-07 5.217652557273415661e-07 3.905983448634177327e-07 2.657310737900843405e-07 1.508491497920846106e-07 1.786401102919516292e-07 1.463983483010259309e-07
1.401182091893132258e-06 1.273438356891001122e-06 1.084297121746337009e-06 9.161361899622320645e-07 7.440601791000048070e-07 5.365382968256370786e-07 3.810756854040110380e-07 2.230796269877024646e-07 1.320964618008114960e-07 1.872986693089015129e-07 1.598549486393162961e-07
2.089817929648357571e-06 1.637614216178723427e-06 1.410442287056333468e-06 1.098639407104775927e-06 8.202195347073140410e-07 5.406615406211816703e-07 3.647484723914689785e-07 2.332094214057921761e-07 1.817187143607696053e-07 1.369982870764135974e-07 5.927841033734499435e-08
1.266111654388423016e-06 1.059883738257412352e-06 8.864011055326938137e-07 7.903409327093283801e-07 6.371941968649663596e-07 4.815925875891933394e-07 4.277990179160722075e-07 2.695045840681206958e-07 1.968031829545303392e-07 1.221114469086520305e-07 3.021899755943158202e-08
1.194627028482675124e-06 1.145196597919384280e-06 1.059968395311656491e-06 7.567642731088037085e-07 7.040125659827240282e-07 7.121294153837301784e-07 3.472074765742313749e-07 2.858451080208636632e-07 1.830733184345238551e-07 9.279221990418791317e-08 1.435036369302470147e-07
1.262349094384960348e-06 1.140486860419539557e-06 9.574578022362232676e-07 8.256528602955469312e-07 7.130634687745498375e-07 6.147521679796227682e-07 5.004092192542386247e-07 3.332388972374255658e-07 1.581048766711677039e-07 6.675120983198916938e-08 8.538485181096622687e-08
1.836753858083430044e-06 1.438955615104884216e-06 1.187123543050383842e-06 9.177288291459828332e-07 8.590825352144664373e-07 7.406672750090270841e-07 4.861796932275687698e-07 2.634755099095776370e-07 1.337692658555945644e-07 6.915334091557204731e-08 1.208457539666426282e-07
1.887807704690904391e-06 1.650240688752996507e-06 1.413403056241931203e-06 1.165103786863912878e-06 9.212816804581311180e-07 7.315713924202869480e-07 4.169572403000339887e-07 2.652697510576791212e-07 9.855872167131345736e-08 5.978832929410443215e-08 6.826611464549830604e-08
1.650590834894017779e-06 1.560475362382415595e-06 1.089508249448232969e-06 8.830659711264726880e-07 9.079636755310632699e-07 5.544137035270401905e-07 4.551050261633146883e-07 2.791998632255787354e-07 1.324734768966883254e-07 6.534322855083219408e-08 2.430991920279493677e-07
1.288907920095639328e-06 1.162644245655106697e-06 1.023504260664271634e-06 9.010056260579996362e-07 7.687486812550693919e-07 5.744176037487132453e-07 4.224878270175608712e-07 3.286003323567209420e-07 1.512700636800744096e-07 7.844393684461176012e-08 1.022349977143897757e-07
1.444027711098418772e-06 1.095649555181412032e-06 9.761177749600618246e-07 8.098113388193447171e-07 6.507509549404857153e-07 4.999426496034814241e-07 3.849366759723218390e-07 2.655447483816951737e-07 1.471356549032875456e-07 7.848387179451360750e-08 5.810153638141197202e-08
1.831729282624015413e-06 1.596443126365789515e-06 1.353714427402930167e-06 1.111111158847498888e-06 8.873191645380724044e-07 6.833343742621447888e-07 4.466257395362335018e-07 2.444094007192976228e-07 1.402056272661502740e-07 6.151591289180163438e-08 1.086725428618186909e-07
1.721044461115931223e-06 1.487248565401180019e-06 1.172656866872698926e-06 9.375769707551722528e-07 7.237637250591680870e-07 5.337238929842923341e-07 3.688128699587108629e-07 2.317471074360365817e-07 1.625973255034581440e-07 1.238993403559876511e-07 4.500509853008364398e-08
1.977987507452731965e-06 1.469098870608937038e-06 1.288741545009445348e-06 1.087304251514655542e-06 7.834389167646185652e-07 5.432528150816057926e-07 4.081552976650484046e-07 2.932036135522642461e-07 3.324207945182434270e-07 1.058038122346875298e-07 9.057112237396199229e-08
1.621738250792359002e-06 1.465067617567797856e-06 1.212550488845736787e-06 9.401161417801296340e-07 7.123500861533119481e-07 5.513247220730947273e-07 4.276421020477872015e-07 2.988521983531595730e-07 1.252941440630471799e-07 6.696837895669854373e-08 6.563231215730810870e-08
1.677223619765400814e-06 1.333540652846287662e-06 1.050126267067828921e-06 8.312123173384077451e-07 6.824953318188074081e-07 5.508520445680230364e-07 3.921872829225886108e-07 2.464695011393524832e-07 1.962280477332410989e-07 6.978044393080120935e-08 1.297265762497968236e-07
1.488856598577019755e-06 1.279715174090940413e-06 1.073113160782710145e-06 8.776127417646408070e-07 6.947625812280270938e-07 5.287049455186686154e-07 3.850429230687796320e-07 2.568163968797630899e-07 1.769033114580890456e-07 8.382145473297483810e-08 5.307410132944532381e-08
1.563931963390911822e-06 1.428699347215879094e-06 1.227416703402230555e-06 1.054644757029401649e-06 8.395425491415642401e-07 6.239783604066461578e-07 4.499237246277765141e-07 2.722716843202376501e-07 1.889107265148707260e-07 1.285155741962207416e-07 3.632951679528336310e-08
1.596297405074473126e-06 1.365700482628997516e-06 1.224473941582504036e-06 9.746726841722005017e-07 7.006211660281007721e-07 4.966301106133992337e-07 3.716058509333406920e-07 2.604103060701596716e-07 1.446700232717024294e-07 7.891842158859775305e-08 4.092991260252952344e-08
1.552152049218494220e-06 1.276426769574259309e-06 1.105453601904707608e-06 8.866288102652459490e-07 6.579094048378826637e-07 5.079964897585451277e-07 3.858207995423783669e-07 2.376768183655808159e-07 1.633760026096030482e-07 7.489897558873614267e-08 1.055205948357386682e-07
2.153010949844110877e-06 2.028225089748042507e-06 1.767462085416804815e-06 1.284279855402676088e-06 9.784383881709102260e-07 6.184048761309546664e-07 3.673692643699841142e-07 1.952814926539570790e-07 1.182603983232114170e-07 4.968471283239580638e-08 2.627322490962162953e-08
1.228643200912307831e-06 1.371682646016093707e-06 1.165757982496547406e-06 6.642577717030566770e-07 7.658022774466315160e-07 4.776128702694178688e-07 3.879737151179775305e-07 2.465554727686016054e-07 1.858119465742250084e-07 1.654164552117915224e-07 2.344380369643605062e-07
1.081983238060665927e-06 1.024816044536885571e-06 8.763870204918635797e-07 7.307607152747890949e-07 6.317688898072531485e-07 4.866268295650651509e-07 3.720347591569997092e-07 2.442458447609899562e-07 1.841797894909957515e-07 1.016414983127381001e-07 4.278335232678257115e-08
1.687017062760695049e-06 1.462133595274747149e-06 1.241277821880141975e-06 9.740489329497595751e-07 7.945127680142719965e-07 5.615252640336376887e-07 4.119769235477231837e-07 2.540224667343154600e-07 1.478925791210519875e-07 1.015432118146588145e-07 4.039359547582931203e-08
1.173815180070232475e-06 1.779274798999727694e-06 6.439169143761749953e-07 5.324288448489986982e-07 4.338095857018523685e-07 5.031270218660345162e-07 4.939629489666276574e-07 4.163773042467125215e-07 3.965040855608752857e-07 2.191783731242275548e-07 9.572096607657516298e-08
1.392528894278915668e-06 1.356957068738457936e-06 1.243708686479796104e-06 9.851819523077231240e-07 7.388713825539392007e-07 5.171335079799458521e-07 3.780914124179557615e-07 2.634722542110916616e-07 1.823195986050044313e-07 9.081670230029917594e-08 1.582977577527584162e-07
1.340146955717005196e-06 1.109176268288332978e-06 9.312286171528038112e-07 8.498463572875462153e-07 6.430458260988117176e-07 4.857290369862337524e-07 3.765468830697047657e-07 2.947698136082428667e-07 1.880255169409000369e-07 1.123316039632201179e-07 1.976175372812322541e-07
1.674684209324902178e-06 1.239177494377248382e-06 1.175930577926355780e-06 8.650598328170459340e-07 6.195735032951057330e-07 5.141196151742262932e-07 5.779456337325213435e-07 3.384490701674933847e-07 1.677604909486493380e-07 8.858733627433988869e-08 1.228690535612238810e-07
1.562439757458409545e-06 1.262924564865841282e-06 1.097412398335190996e-06 8.669943429595726407e-07 6.805123670229444884e-07 5.414532873333082920e-07 4.008181361053040094e-07 2.552324374016626951e-07 1.635655573352770858e-07 2.343278939374967423e-07 4.658902811682146405e-08
9.492967269847893489e-07 8.930994456220377777e-07 9.888315073778343009e-07 8.176050812980897645e-07 7.804088539580186220e-07 6.888122158172299075e-07 5.859215639103724302e-07 4.453450025670741875e-07 1.963515073280887048e-07 5.743754426282785972e-08 1.430955410767466136e-07
1.113875730552383736e-06 1.050047063569768408e-06 8.910384928852331795e-07 8.611316620773482721e-07 6.593765894990257355e-07 5.059900393467641472e-07 3.601767612006477484e-07 2.252376752926305675e-07 2.877817927398113765e-07 1.499025219490010484e-07 2.822232453606210619e-07
1.024267046202341961e-06 8.857099267080956724e-07 8.127454095635435574e-07 6.626148888064621058e-07 5.224054030964578665e-07 4.564814469481928477e-07 3.406303954619433446e-07 3.189383677179967700e-07 2.668162803193426526e-07 1.365797111302392367e-07 6.184007602804649266e-08
1.417304286910071947e-06 1.195780047215269390e-06 9.917721430716554249e-07 8.162937857416810321e-07 6.435343746462560995e-07 5.105141430606006319e-07 3.788079168929251387e-07 4.276410898213004729e-07 2.743825106025422325e-07 7.727300392037691220e-08 1.299293589542621302e-07
5.385898957689939565e-06 2.079360456600014495e-06 1.283119643561553032e-06 7.713736576400997102e-07 7.024222651519874859e-07 5.321894481256072691e-07 3.696049256628742194e-07 2.735327530625068185e-07 2.366185207388626728e-07 1.050374057893664971e-07 1.554223567548246177e-07
1.212166731303448635e-06 1.087661789704711260e-06 1.027228147139332707e-06 1.037344313023872696e-06 8.296081173687148984e-07 5.789638327261414088e-07 3.961162585352328214e-07 2.321201529133100052e-07 2.022937336858577006e-07 1.637549230171042801e-07 8.342367361428164546e-08
1.643402825037022105e-06 1.600514894228008982e-06 1.220253246647559025e-06 9.289800141223490873e-07 6.641847836064843732e-07 4.911653457360602213e-07 3.534789943704882040e-07 2.451740323921156181e-07 1.378067922417519094e-07 1.464672318641071741e-07 8.480126220545534911e-08
1.259594823280758325e-06 1.173521246909046409e-06 9.399627954059772089e-07 7.289740952564562454e-07 5.951726640048722168e-07 4.743232338872842737e-07 3.446476484787589008e-07 2.344186963431023009e-07 1.462708309831386138e-07 7.283389778761748947e-08 1.070204743049854759e-07
1.997563299236085980e-06 1.600874725748924828e-06 1.363346294889549282e-06 1.166094916075042805e-06 7.139300197929129456e-07 5.157241508827914302e-07 3.554048166039309107e-07 2.521906176347885120e-07 1.227784524613922809e-07 7.576985305602117656e-08 2.542633728525688746e-08
1.524601241201279945e-06 1.298099863909046284e-06 1.067729038923037264e-06 8.300529094171249372e-07 6.551163727137393701e-07 4.600963472205295086e-07 3.250877954887939709e-07 2.237300524884060355e-07 1.610602663944295737e-07 1.317305419588884450e-07 4.662796559199347532e-08
1.200526806449356933e-06 9.564880166653482050e-07 8.672663388092573031e-07 7.751415773613159270e-07 6.416886188920405064e-07 5.258723455571213822e-07 3.812763657915882149e-07 2.581210237488537187e-07 1.808176651160083361e-07 1.037223111524779979e-07 2.176056254537890468e-07
1.040258139034867792e-06 9.594931125287542660e-07 1.025421347432292789e-06 8.688493101379136792e-07 7.413007524674214492e-07 5.830897104895986182e-07 4.832848825077389695e-07 3.006326819222601108e-07 2.371494036484525390e-07 1.249081409227485350e-07 3.427863888236037126e-08
1.460580968163349918e-06 1.465776111034246033e-06 1.109119697923929861e-06 1.342731850380976356e-06 1.121632730354972155e-06 7.156357436507063114e-07 5.082542483656007208e-07 3.093029213583541810e-07 1.960534622768478984e-07 1.404396823302680096e-07 5.766791335501605827e-08
1.913298167878795605e-06 1.634967952787682637e-06 1.238447997927899833e-06 9.705602811327111009e-07 7.024175561362088150e-07 5.208295864978274346e-07 3.647936683875251345e-07 3.044438602574800873e-07 1.866415937676324665e-07 6.060673782088078537e-08 2.264011055350609526e-08
1.224202287713781537e-06 1.243078443732854442e-06 1.320905457024203250e-06 9.870773670057659647e-07 7.647217818105356573e-07 5.902092497124960220e-07 4.076839389080566416e-07 2.742438906596703464e-07 1.810173591595870862e-07 1.100683485888992150e-07 6.950565259943502134e-08
1.394839699529066819e-06 1.288255510709661979e-06 1.091243080893499082e-06 9.334491828017202130e-07 7.371535839458712967e-07 5.697781025683766913e-07 5.123404757729745502e-07 2.837368760230894515e-07 1.436361787750341016e-07 8.456405708676642581e-08 1.156349552253292118e-07
1.043983335320134921e-06 9.907402690678125703e-07 9.086039144245743981e-07 7.366131449703002750e-07 5.766805464069663713e-07 4.630499119376395871e-07 3.598420236074275538e-07 2.520136134953398598e-07 1.573766157792419888e-07 8.981563309836059639e-08 6.062349749175352981e-08
1.621547993712100794e-06 1.448554316996615230e-06 1.287728090056629245e-06 9.925983811118652965e-07 7.845981202926593405e-07 7.268234847935134136e-07 4.259646552109666669e-07 2.867532363851188647e-07 1.669749650816884431e-07 1.211735508011769186e-07 3.563009733777712186e-08
1.229635873923875197e-06 1.136116876154227582e-06 1.036970088259526556e-06 1.011667784565971124e-06 8.890794944499512423e-07 8.545821233254976010e-07 5.193772648867850082e-07 2.720157864466227747e-07 1.222484681619806524e-07 1.238864515543153773e-07 1.710514653747784694e-07
5.654370656185074884e-06 1.371081781873365899e-06 1.264377270359416666e-06 9.421304098564389646e-07 7.130854865069711080e-07 5.598440055632796481e-07 4.280879765964998521e-07 2.906504812829436498e-07 1.312912487563478336e-07 4.525965305271714178e-08 6.280536602514863628e-08
1.341467176138249893e-06 1.207663638260471013e-06 1.107817771406196335e-06 9.368998701010578434e-07 7.440105705796595920e-07 8.490261769120532329e-07 4.510131589751703784e-07 2.724147446455930464e-07 1.024138306897211001e-07 1.287535285045992297e-07 1.316615928766270148e-07
1.277564108364507168e-06 1.087259919903443151e-06 9.481626375612084273e-07 7.764878553569445424e-07 5.824539922601275302e-07 4.315667785332685488e-07 4.156877075592464415e-07 2.250189017977672310e-07 2.097700009836762808e-07 1.265200946011801992e-07 8.613389037174895017e-08
1.441053375784652376e-06 1.229988714462062837e-06 1.125124745691518240e-06 8.915790178163794350e-07 7.131614346077228218e-07 5.691518730440011406e-07 3.883783531703003634e-07 2.565362935545587100e-07 1.667544625783824659e-07 9.229830931313417694e-08 1.136490404522065254e-07
1.340430762635337077e-06 1.152472576350237135e-06 9.279179307037692575e-07 7.661849602110529118e-07 6.555591809095037101e-07 5.129898915874489718e-07 3.687804869809955623e-07 2.540867067306067165e-07 1.689470009767810941e-07 1.158682430759622956e-07 4.252639266763872662e-08
1.267636567403047633e-06 1.138074146843553525e-06 1.001379839794724093e-06 8.997886233155449392e-07 7.181469704712083217e-07 5.307955471730435454e-07 3.625637540029740362e-07 2.484030945055245371e-07 1.394502993448943931e-07 6.771907758479856177e-08 1.252030558404410992e-07
1.457240295415187337e-06 1.442802992467511183e-06 1.061665772149647288e-06 8.230572254223491084e-07 6.668828201099486474e-07 5.376084161202664817e-07 4.196410915003406195e-07 2.706259259057155189e-07 2.141004709986637321e-07 1.235264385986435972e-07 5.706273686798872904e-08
1.483343478718843626e-06 1.419203601721731935e-06 9.076137262549351347e-07 7.391987211970005614e-07 6.156103242182342823e-07 5.530038980925697894e-07 3.585095830712192398e-07 2.278984462155268686e-07 1.882535846209925827e-07 7.087597162285010645e-08 1.108122664278415284e-07
2.402717668191949546e-06 1.276314781105198425e-06 1.154286447150763577e-06 8.744513157381252137e-07 6.617999270265673042e-07 5.479389318229474149e-07 3.782201367189805428e-07 2.610865459531130551e-07 1.883925590384463754e-07 1.461045576279310983e-07 8.949950071226291159e-08
1.251683143723156035e-06 1.169030815554160107e-06 9.348121450178586738e-07 7.915858047637550324e-07 6.412566705379641278e-07 5.180516556452765068e-07 3.847049281113169968e-07 2.820524834307675737e-07 2.258480293496445576e-07 8.728847959036040228e-08 2.621693237013704022e-08
1.591950365789783484e-06 1.158354408367691280e-06 9.459297519998906808e-07 8.449509181580974296e-07 7.009455566874164832e-07 5.323493179735202016e-07 3.817849641760276629e-07 2.644298512121436715e-07 1.414157190335904021e-07 1.747447177942638797e-07 4.478948273156712289e-08
1.110854720512120878e-06 9.741414594442495754e-07 8.312138303258577700e-07 7.386734004382488993e-07 6.448772427254225104e-07 5.181695417828638650e-07 4.010010875282159695e-07 2.772862509645588407e-07 1.808273101948699034e-07 8.338409917057073288e-08 1.031671500302274442e-07
1.426098321521621248e-06 1.348699429189264264e-06 1.086868348814023313e-06 8.438975708126867729e-07 6.559438746374280337e-07 4.813454900447482251e-07 3.470989973569433822e-07 2.807064709972676706e-07 1.445634000846451578e-07 1.054061129326217689e-07 5.287406281477577609e-08
1.610936868877518529e-06 1.217006903420226921e-06 1.036675247201240688e-06 8.335231033283869396e-07 6.490980471357482183e-07 5.066919435502737368e-07 4.799732693492110136e-07 2.472758306158986619e-07 1.376843457670718572e-07 6.872120194585957500e-08 4.258029374971758229e-08
1.078247509674532332e-06 9.028236842050408455e-07 7.582049892892391913e-07 6.500096840618377465e-07 5.832672870420910919e-07 4.658947269980475820e-07 4.762857548050201016e-07 2.546119734528675269e-07 1.836280288632900016e-07 1.169227226288843943e-07 1.043047332248899781e-07
1.713066518322304555e-06 1.544259675343255785e-06 1.239355720052365735e-06 9.998243657316248345e-07 7.723992256739970886e-07 5.676570911265180007e-07 3.782126347142222268e-07 2.289603110820126119e-07 1.330077134268436059e-07 7.882146289247681732e-08 2.726990475561312248e-08
1.424106248988053405e-06 1.203312607890716422e-06 1.094332108957141357e-06 9.439608793551283594e-07 7.032609955049223436e-07 5.184460926062592778e-07 3.837219168155759034e-07 2.441885530510785850e-07 1.977059770132779359e-07 1.804796341878426665e-07 7.911439073697631675e-08
1.325385537721992880e-06 1.132069974670070675e-06 1.028683947035297234e-06 8.518608331887468499e-07 6.385091299651882018e-07 4.862469342500592653e-07 3.676553534497567890e-07 2.334955596346371629e-07 1.356060043681274984e-07 8.883609433319766716e-08 5.257943070050830629e-08
1.516901115804571350e-06 1.377445368877138161e-06 1.159997420988900665e-06 8.603676221563159306e-07 6.551096384369706439e-07 4.681007622403275737e-07 3.378758045887132344e-07 2.460991298422447531e-07 1.569104687539631347e-07 1.216919369187973718e-07 6.186537035360577279e-08
1.230829898883351144e-06 1.119388558879674874e-06 9.088554862037200899e-07 7.245795206140540466e-07 6.112027597375261155e-07 4.988377101502236126e-07 3.793958809464766860e-07 2.786084094292942214e-07 1.978992820759870160e-07 1.351742995092003043e-07 4.420438956426830067e-08
1.039740967890074747e-06 8.598963046015426328e-07 7.403493460310109271e-07 6.593145384896275967e-07 6.218263627683948736e-07 4.636334928971179967e-07 3.368835761699144765e-07 2.246521803378544269e-07 2.338575255983120450e-07 1.150522820592432254e-07 2.098842696267377813e-07
1.958404826573864924e-06 1.704653348507254921e-06 1.539869162774407934e-06 1.438239589415139091e-06 1.116586216234506160e-06 8.493041142705122101e-07 4.548355774096452087e-07 2.241571438437926254e-07 1.152990491066531855e-07 8.697895195631206429e-08 1.301574644412924206e-07
1.123382334037455996e-06 1.067075433706007520e-06 9.461598436558052634e-07 8.734976413538424011e-07 7.652227455864512258e-07 6.101778543970795423e-07 4.271910238107655980e-07 2.908678164444634680e-07 2.830577307609675367e-07 1.887269486016964349e-07 6.396544946353240602e-08
1.312018182592589955e-06 1.263323421199692446e-06 1.017374910408144765e-06 8.253547271339499593e-07 6.824707742248007421e-07 5.373371280661471624e-07 4.081448427929981634e-07 4.629482109054393280e-07 1.579282380534626545e-07 8.372339198149401811e-08 3.913990170699294041e-08
1.383367105249097526e-06 1.213752410793053741e-06 1.053255808175855829e-06 8.449824077948020201e-07 6.992272779994585021e-07 5.478335923566907187e-07 3.875914845439374819e-07 2.582591625267792813e-07 1.366368856090152474e-07 2.396743624520947521e-07 1.526366712728459253e-07
1.128550518143217340e-06 9.337179499897939420e-07 7.906291820692595319e-07 7.399147285602568780e-07 6.690273872646738676e-07 5.644623091550107598e-07 4.832473554446873508e-07 3.902325142224735560e-07 1.495144205941354976e-07 1.418130098624720354e-07 3.302516273247387687e-08
1.318469007490277147e-06 1.091934149841509419e-06 9.683304933209484908e-07 8.300612558236203833e-07 8.143748508770739468e-07 6.726264233503685643e-07 4.869925056870776338e-07 3.262276760887906694e-07 1.133494814363759715e-07 4.109633860402093647e-08 2.213691047949940176e-08
1.702277803026159598e-06 1.159730779465358461e-06 9.949921241398197484e-07 8.874907198801677932e-07 6.448013977783126766e-07 5.634288125667075938e-07 3.634230656625798850e-07 3.494707112680989016e-07 1.520056627161747573e-07 8.103130335948490558e-08 1.031866007003794902e-07
2.705219380571321977e-06 3.357818989317927059e-06 1.996294690584509760e-06 9.097793750043502492e-07 6.853769336021965968e-07 5.057421681327216493e-07 4.027130063757033526e-07 2.408422289633859061e-07 2.282072418497634910e-07 6.484348000321928223e-08 4.266542626671484817e-08
1.441692098089796955e-06 1.383025091845061899e-06 1.144156263785290432e-06 8.760786620300616865e-07 6.952947270432429070e-07 4.865360063941480200e-07 3.312789244715939052e-07 2.337766433772961537e-07 2.061729396885288031e-07 1.067552893183544032e-07 7.708127840592206714e-08
1.495455757425606567e-06 1.323392010589432579e-06 1.046234292296173246e-06 8.699193684555697693e-07 7.157311403182506833e-07 5.327698583591687966e-07 3.933061755241208674e-07 2.673055808041704166e-07 1.590161825376203327e-07 1.414803672259138529e-07 7.625375300431713480e-08
1.327032858411113724e-06 1.002688439315672281e-06 9.274462307144108737e-07 7.884827068613919549e-07 6.023139372121569635e-07 5.115079449866481294e-07 3.549570095042034024e-07 2.494814666051509949e-07 1.505216842832554091e-07 1.554034650326069813e-07 1.118867021491240073e-07
1.114296542692191746e-06 9.484928162816419385e-07 8.783759764082576208e-07 7.677792906245275851e-07 6.519062749228767561e-07 4.780031757532702067e-07 3.540312225962150965e-07 2.472649926531960301e-07 1.637813584577689020e-07 8.828797976439611458e-08 5.468327048984687007e-08
9.625643208237599348e-07 9.005755928984930370e-07 8.605230129963179508e-07 7.638832073716125925e-07 6.408615555438521799e-07 4.969616550059967742e-07 4.206301028051396783e-07 3.034686675288248363e-07 1.525990461018102735e-07 1.658576865829205050e-07 7.911364344184595384e-08
1.926580607897450852e-06 1.078372432009805751e-06 8.045462882102193591e-07 7.064564007272253828e-07 5.796892080070556360e-07 4.747910281768228942e-07 3.855231842924638897e-07 2.953102054986125266e-07 1.996828356460365940e-07 1.358149308853850768e-07 7.082222414091281380e-08
1.288386498801637871e-06 1.206120519849761009e-06 1.002006885817304195e-06 7.883946411193907576e-07 6.542425940602868821e-07 4.974365917510697868e-07 3.463972969933016835e-07 2.357716044996158406e-07 1.499481822466473243e-07 8.059819311683405041e-08 5.463142615448113912e-08
1.409978882345387952e-06 1.062586561204506000e-06 9.313287637376935156e-07 8.287817994253416724e-07 6.252798335272657023e-07 4.705058414445731802e-07 3.720130311892753261e-07 8.527206677970161937e-07 1.652639564012677132e-07 1.128147340195353948e-07 4.646573889329397907e-08
1.555601915436436523e-06 1.365948813997978303e-06 1.122507473168674703e-06 8.957159787123485657e-07 6.965107920138580899e-07 4.961455900843700894e-07 3.440536562550764425e-07 2.165951550528935230e-07 1.840078469114445747e-07 1.078221727527872303e-07 4.969480654966254308e-08
1.168909427361304804e-06 9.779585891914667358e-07 8.918063953439514813e-07 7.788746668224835740e-07 6.107405784079323980e-07 4.764892001347229827e-07 4.112778203171967334e-07 2.328570177130758652e-07 1.357396090882014954e-07 8.244214814344068743e-08 3.706597963487825842e-08
1.982416587786689467e-06 1.331251769911791922e-06 1.113117107311383597e-06 8.999019571901007259e-07 7.350376059037719691e-07 5.185282332173284521e-07 3.696547523841278640e-07 2.440986887109776720e-07 1.308447936056652658e-07 9.979657441738500733e-08 1.123285224079724258e-07
1.489380993034772888e-06 1.184660657806966988e-06 1.010311062807605244e-06 8.438866750805497929e-07 6.733157054812609140e-07 4.972036209212528141e-07 4.005426864625327315e-07 4.129829764466315050e-07 1.214864760723314120e-07 1.536678403049967900e-07 1.813962267985822303e-07
1.255006938233426845e-06 1.258575070038804374e-06 1.073379802057825844e-06 8.033754962810230375e-07 6.255445011822987987e-07 4.654656697686037951e-07 3.214013649381485766e-07 2.186615421116557333e-07 1.456702896416593499e-07 1.017605569665978793e-07 1.454676012743379553e-07
1.147337044716852162e-06 1.004413209788317073e-06 8.885664680493727772e-07 7.906860022943109655e-07 5.992555743656348139e-07 4.610746817643852148e-07 3.429171472608457846e-07 2.306879474196068347e-07 1.515270078136558288e-07 1.414437956098451965e-07 4.928012571197994159e-08
1.180057907680174469e-06 1.067191670872844780e-06 9.050888290020955074e-07 8.031052765085890342e-07 6.397671235807135697e-07 5.046052031150378007e-07 3.655751050268975841e-07 2.481198846845838637e-07 1.419058398491492047e-07 6.772584516545090653e-08 6.850179327024599789e-08
1.049044097357774449e-06 8.699627168544657621e-07 7.760771636811547040e-07 6.180965485581999341e-07 5.578967682545910137e-07 5.584438337635733060e-07 3.245894240056717311e-07 3.576005691817394143e-07 1.839237349193771984e-07 7.484592979456185139e-08 5.125751774976992378e-08
1.480869122344236403e-06 1.215083333461828640e-06 1.102930087733261217e-06 9.151588568513275926e-07 7.233835026439707818e-07 5.202820172522763840e-07 3.566626452830430787e-07 2.233435108176677053e-07 1.375516555946588510e-07 7.339206067035232235e-08 4.243267438162601800e-08
1.310827421900853058e-06 1.582676761859322957e-06 1.157654421613070473e-06 8.926731226525049039e-07 6.913135517511766421e-07 4.582279182803784529e-07 3.238170489122207443e-07 2.046437503473485536e-07 1.124795953701935512e-07 7.005574550434028157e-08 1.858862600880396164e-07
2.565403088292370588e-06 5.941119073134065632e-06 1.014950897070668055e-06 8.187232673069871940e-07 6.273957203625089838e-07 4.775379903593920969e-07 3.535422969947202805e-07 2.529218962083735062e-07 1.537086209133859231e-07 1.079079021021678347e-07 5.518840654752341527e-08
1.103645390098525832e-06 1.060770869268713756e-06 9.946498283589269168e-07 7.696839973270673607e-07 6.264192268445697937e-07 5.267485386102856162e-07 3.756813150883952917e-07 2.798439722635547304e-07 1.319462091490442875e-07 1.313018703828702196e-07 3.609059423712859246e-08
1.376541011328702866e-06 1.174776681785428207e-06 9.943142092123765008e-07 8.328276025497592801e-07 5.985090417589842356e-07 4.329378438309842354e-07 3.052081444776707396e-07 3.599369571586339766e-07 4.152408331126305091e-07 1.271050763031467490e-07 6.173056303577928216e-08
1.391223255467656302e-06 1.338191800393628981e-06 9.594074355396049323e-07 8.394537103448587451e-07 6.928342065781428161e-07 5.533679820522595737e-07 3.927670018483083831e-07 2.706538019293299559e-07 2.126806471331270173e-07 7.434012547759764078e-08 5.620847518602721420e-08
9.023758864548065224e-07 7.878569602475866178e-07 7.116999295170790522e-07 6.291959971994726928e-07 7.146709168578002917e-07 5.511433567574218857e-07 3.246745209442498234e-07 3.292373229733507345e-07 1.534614723372205635e-07 1.232478366507429947e-07 1.251008791074496639e-07
8.315422405428983753e-07 8.174674175972431173e-07 7.522216687041431585e-07 6.507033944710461392e-07 5.761613621774503415e-07 4.622130427096705981e-07 3.344505708224062420e-07 2.517235655198901304e-07 1.822068974959623366e-07 1.267837520459025477e-07 1.164945547529567254e-07
1.791278809049980242e-06 1.117580015816559171e-06 8.947277899621159178e-07 7.335132121076097257e-07 6.320435153158466539e-07 5.269536972719002835e-07 3.967726468830273890e-07 3.066903627985745546e-07 1.591885494046194486e-07 7.674056828862451142e-08 5.937033011956778714e-08
1.785199070671325583e-06 1.126481330457164401e-06 1.107883299194895393e-06 1.326261620285847169e-06 7.471251227095319522e-07 6.194247878080818968e-07 4.409120318740206919e-07 4.042755141852701372e-07 1.510203013653829001e-07 6.184904710432753792e-08 8.138203814287375813e-08
1.133939737849835885e-06 1.045438694379702368e-06 8.504693312660602220e-07 7.579169987664544011e-07 6.045164127198628323e-07 4.664862038213138845e-07 3.488486707877463021e-07 2.893426616414848781e-07 1.411980477085436195e-07 7.288324078549241892e-08 2.255523326049123250e-08
1.213279135273739987e-06 1.146923324474461154e-06 1.013666459288299433e-06 8.471791279395233363e-07 7.049525432769486811e-07 6.719526205318413531e-07 6.191911118899896751e-07 3.082465595779551264e-07 1.923629055724926147e-07 6.787601197168257251e-08 3.025882472520924159e-07
2.505637896934911795e-06 2.035540175994934192e-06 1.202135166867921181e-06 7.798522964198901162e-07 5.975336797352305101e-07 4.766999215686925259e-07 3.856207094875329597e-07 2.374939922913510837e-07 1.324967278835278259e-07 6.732181776979001116e-08 5.559579400635115645e-08
1.545786159426765444e-06 1.306105486592071660e-06 1.103200082937109142e-06 9.011580166470252878e-07 6.726415056864392326e-07 5.028611100029913440e-07 3.381315692795384997e-07 2.209996136398222246e-07 1.250191739541391069e-07 7.749463812073311549e-08 4.154241094728981237e-08
1.518142921141650030e-06 1.383961284310373795e-06 1.166810915866917563e-06 1.011403895557980424e-06 8.183819732416986382e-07 5.758316577200529849e-07 3.435519440217609516e-07 2.257980893258901824e-07 1.120628996382816839e-07 6.313590807479950838e-08 1.186882315730407526e-07
1.248233960213054111e-06 1.294401755534090865e-06 1.062312479745825249e-06 8.864629645444535251e-07 7.265234247199734553e-07 7.371600159267954122e-07 3.669582707859148841e-07 2.692767062596846865e-07 1.904400559736223828e-07 7.381640307523830716e-08 5.936364674962514535e-08
1.439271205074636282e-06 1.554957388916214095e-06 1.076035978833979336e-06 8.242188019441087427e-07 6.807218272199900010e-07 5.092720118996654001e-07 3.687332152997497758e-07 2.488036379504615621e-07 1.385030691806846661e-07 1.195400978524398016e-07 4.841846551396683712e-08
1.495633826961199451e-06 1.341802241388622092e-06 1.130597322114585610e-06 9.156164864916948445e-07 7.282536566320551386e-07 4.919602716592225517e-07 3.536767606093795111e-07 2.245776750728494392e-07 1.357559696165246914e-07 9.853591511587204162e-08 1.246787764751410231e-07
9.927637584229054227e-07 8.353435953623194339e-07 8.524187599061795148e-07 8.531145820083256908e-07 8.068367497971762206e-07 7.680536651375538681e-07 5.706868011213233609e-07 2.722044220900584114e-07 1.103291704374808600e-07 8.416719174296679026e-08 6.288427151594578037e-08
1.238384666524137781e-06 1.089143042973468226e-06 9.766066650517757694e-07 8.225848611512112652e-07 6.738302720089098602e-07 5.781266595919021301e-07 3.903887620952419193e-07 2.299017500600442955e-07 1.448454246127315908e-07 8.816991273817644166e-08 4.790505983659750145e-08
9.998175714782996451e-07 9.731586662332672011e-07 8.171127945438414344e-07 6.784342122559540339e-07 5.634660594867030141e-07 4.696049139691390504e-07 4.676216218929178916e-07 2.242155696699612116e-07 2.467412139414268853e-07 1.092533055991651403e-07 2.202025074752170502e-07
1.366760426173218451e-06 1.332452099609373225e-06 1.123004878325111995e-06 8.238840104249115145e-07 5.976787002593243628e-07 4.645265707395717728e-07 3.377561327411626427e-07 2.198478744293548241e-07 1.275347630430902575e-07 6.641148885952383271e-08 3.189801447481632592e-08
1.132064327161073916e-06 1.154183340394733681e-06 9.981959329233181027e-07 8.412335055409636054e-07 7.008975893969398341e-07 5.905680823771126778e-07 5.620329357091866102e-07 2.932919710525186938e-07 2.235764176543617710e-07 6.805015050963451725e-08 9.401314547652552202e-08
1.628471581777968092e-06 1.274430747331419502e-06 1.038025055719105978e-06 8.319553487970164517e-07 6.430656586094214379e-07 4.707285122852426159e-07 3.185025004227720006e-07 2.021071875769465009e-07 1.305463597332763845e-07 1.062928502143728516e-07 1.513806629790720319e-07
1.007539270768906685e-06 9.422886081491304558e-07 8.774065071787095008e-07 7.131571860681026379e-07 6.269547272138633061e-07 5.200812606929325611e-07 4.201688734165118001e-07 2.349164652420648407e-07 1.586866800813180224e-07 1.241595084921066441e-07 3.710652582783108105e-08
7.498296892056269045e-07 7.026553192416259753e-07 6.651693839577673694e-07 6.570044320088903554e-07 6.192381223501955499e-07 5.573311280105867379e-07 4.064864763538281719e-07 2.639913794216979432e-07 1.159864800749033200e-07 7.450381530387978709e-08 1.068803293100998908e-07
1.670272577813776387e-06 1.407676775808470519e-06 1.075887394920089490e-06 8.616170022606921633e-07 7.133612656042637882e-07 5.518932964495122249e-07 4.007867945953584363e-07 4.955597811959662321e-07 2.172359846619185772e-07 6.508565459322630765e-08 1.313948681117372683e-07
1.938057750336047585e-06 1.374667289795275184e-06 8.342671759577358536e-07 7.439541120136469466e-07 6.501984426294806860e-07 5.046358963717508886e-07 3.732195404398601085e-07 3.062376238259413252e-07 2.201266467389912836e-07 1.368021697650092022e-07 3.451542722084531429e-08
1.186608009077014710e-06 1.165698097840758863e-06 1.007895826574027047e-06 7.830476112244352265e-07 7.625710829623613925e-07 5.137318427563148120e-07 3.440551003325418378e-07 2.380457631981701079e-07 1.222901349990068326e-07 1.383735649019077638e-07 3.287007686142686956e-08
1.180711207717765635e-06 1.082301676771285056e-06 9.324267050135162676e-07 7.541476463986549422e-07 5.834250321573248904e-07 4.141238888076369953e-07 3.772111546810955713e-07 2.168321647713666520e-07 1.177969265558706148e-07 6.989753840288011721e-08 9.483532596180171901e-08
8.868353073156602630e-07 9.765135062517383637e-07 8.858181913872647103e-07 7.694581387904889234e-07 6.503158214112273463e-07 5.118638424954871089e-07 3.768648702277395102e-07 2.393723330239049088e-07 1.629651776705028213e-07 7.531148193262974559e-08 5.628571877742114061e-08
1.810512990214329165e-06 1.508772513726519628e-06 1.001724579279838496e-06 8.904805311338282254e-07 7.417205305023387829e-07 4.838528538609678116e-07 3.664392195189576218e-07 2.389859331089223641e-07 1.462521646441717502e-07 5.969798896616734290e-08 1.777194523277431629e-08
1.196346963056995666e-06 1.242394309323036300e-06 1.070113052808411261e-06 9.322707663626637163e-07 7.389219584671429691e-07 4.999053983807606491e-07 4.011089937514575840e-07 5.111985260332688319e-07 1.475469664748845221e-07 1.245800114812250216e-07 3.773142134051339311e-08
1.198856422676270226e-06 1.060445043498848475e-06 1.042302710166010033e-06 7.894845159646414264e-07 8.345376343533202599e-07 5.754993434111175894e-07 3.978311243842300901e-07 2.511741160264301216e-07 1.073395969429370059e-07 9.905280765683025137e-08 6.868172562612806573e-08
1.604876559583435520e-06 1.481507001930220910e-06 1.198785663841259405e-06 9.763441675838910394e-07 7.186703229532433805e-07 5.451111484025439089e-07 3.671808716246570658e-07 2.229191293508182337e-07 1.247225884010194495e-07 5.877927967013671320e-08 3.342300168988795834e-08
1.370448515724177548e-06 1.000484566866265375e-06 8.523201503434898725e-07 7.458047776246794784e-07 6.334502714238237098e-07 4.982857702689820940e-07 3.739722164107779431e-07 2.434103023639701277e-07 1.835165483083865011e-07 7.498558088266754960e-08 1.026432245659680593e-07
1.344382145072011059e-06 1.128423829614435167e-06 9.331635303957964401e-07 8.159363165641574168e-07 7.053252727890297508e-07 5.019733963964128734e-07 3.409835161007360625e-07 2.734080534322948477e-07 1.241665183801598494e-07 7.518744194388736155e-08 3.199246000271468163e-08
1.629972873356869615e-06 1.414055107815842901e-06 1.151311094717154741e-06 9.173197443799459813e-07 7.493729113478853957e-07 5.349496202657111192e-07 3.471581850005951732e-07 2.171791762590284112e-07 1.280576696279730594e-07 7.145427671086200606e-08 2.263341538537673219e-08
1.448551059348514261e-06 1.119578526283027030e-06 1.005005430038547321e-06 8.933500956297948468e-07 7.666838551615019605e-07 5.791914668194781824e-07 4.295474607036259573e-07 3.413586158470239336e-07 1.212756311824806406e-07 1.204276244050799122e-07 6.720267262577618651e-08
1.117897350945741978e-06 9.859551445790328705e-07 8.603026283433527972e-07 8.122212681047092570e-07 6.924958022100705822e-07 5.650523618212206594e-07 4.112043846247113070e-07 2.620622415703837629e-07 1.262174177700756912e-07 8.867553481347426597e-08 1.145658864168433942e-07
1.838860992824549346e-06 1.561040410063782017e-06 1.351420262505760949e-06 1.130241101221409871e-06 8.881606897192800944e-07 6.774008825109120501e-07 4.831654060770595265e-07 1.874884588319244849e-07 9.918657743259280309e-08 5.549026383511392682e-08 5.097339831501055092e-08
1.869249596597842369e-06 1.601242804843765164e-06 1.803454016845725369e-06 1.135232708486306402e-06 8.929210745048459925e-07 6.288138622422715507e-07 3.923823169194153611e-07 2.175839269450530765e-07 1.280797955888622980e-07 6.913968893398560632e-08 1.619132036958843620e-07
1.602105453991776545e-06 1.793155516931763173e-06 1.083759011751847590e-06 9.885368106593849262e-07 7.474637125073102829e-07 5.302157352190015658e-07 4.258856291599461151e-07 3.436607592642056652e-07 1.889354066788717687e-07 5.973738170754880898e-08 2.381332099675981705e-08
