1.532725834190492485e-06 1.260406181727937903e-06 1.038878877303252034e-06 8.595523348528775675e-07 6.372250269449203678e-07 4.782011578897707312e-07 3.064873221293828667e-07 5.149381354335896955e-07 2.013564609859499713e-07 1.599404475996268210e-07 2.695812904144375809e-07
1.006093953051100833e-06 1.011709270001551920e-06 1.926655984880649262e-06 1.197632415478423621e-06 5.398958331369945914e-07 4.658726132890710941e-07 6.640667529448787128e-07 3.562656621251339642e-07 2.958485753964086247e-07 4.156151786816860181e-07 2.285541071432980569e-07
9.920010267653009433e-07 1.039648785932325150e-06 6.998596226104880119e-07 5.662132981374933906e-07 4.756199788221767054e-07 3.802123341150227704e-07 2.844269578547797908e-07 2.146758002219620177e-07 2.328231795879421989e-07 4.693306855325293272e-07 1.794096773564847043e-07
8.220188424871055461e-07 6.899707908764639381e-07 6.576261302048372203e-07 5.868517681963174599e-07 4.709346598565445534e-07 3.855990466426726355e-07 3.393448946525589851e-07 3.840626450938128416e-07 2.701130803323529418e-07 1.046018105722738274e-07 5.341035353943463630e-08
1.092014206328804803e-06 1.068679552391693844e-06 1.175122295765883238e-06 5.963242729143605992e-07 4.751813040852899869e-07 3.966849398930342994e-07 3.290429611636713107e-07 3.459239740214363718e-07 1.949360252626208752e-07 1.148778114525203317e-07 6.111393620729730467e-08
1.299067912622395198e-06 1.113667301843544755e-06 9.960473801190132120e-07 8.344098631290282092e-07 9.060294690527734880e-07 5.453150312783334280e-07 3.875328126648891128e-07 2.394219384133774875e-07 1.594398363340963876e-07 1.037639334415753587e-07 1.790999190671440168e-07
1.409120318489414575e-06 9.369744785808924919e-07 9.168884002826261147e-07 2.411729799171707471e-06 1.199329307220758181e-06 4.849554699940034846e-07 4.006180394614971434e-07 2.669825163733003839e-07 1.560595387235234741e-07 6.107075644644384865e-08 5.233702323393487438e-08
1.030390499661401297e-06 1.004772218756281324e-06 8.827235402662855420e-07 7.442573293839669379e-07 5.845555125811177135e-07 4.381985261815236535e-07 3.237562125174124636e-07 2.026591752402969618e-07 1.883609562035795787e-07 1.731547047005384428e-07 8.388843780315257764e-08
1.322659479578916449e-06 1.076258341080457272e-06 9.437922616738954478e-07 7.820417631126160707e-07 6.255961216050190124e-07 4.883618865952665642e-07 3.753524453356780564e-07 3.331544314360827054e-07 1.551089904509854407e-07 8.231536384727960538e-08 1.238787535538786536e-07
2.035823791970011188e-06 1.023116944539820289e-06 5.473088673664339851e-07 4.593384831754169088e-07 4.001522251382745463e-07 3.227366744807130570e-07 5.241749579401028064e-07 2.080288947580319154e-07 1.333719552937388305e-07 2.314610751599405376e-07 1.436791140585854463e-07
2.888953998138488182e-06 7.195891135317276233e-06 5.357264161240170530e-06 1.090363229678498687e-06 1.110196924818765381e-06 6.410008668468669824e-07 3.387371571796307914e-07 2.222402862114519967e-07 3.760484995341391258e-07 1.454852680552918771e-07 1.074845787566555811e-07
1.386581762927279689e-06 8.782701807822482213e-07 7.405305052339102195e-07 6.078594019167283427e-07 5.368823124507173450e-07 4.056611402818493135e-07 3.060209997103307308e-07 2.344703081396518441e-07 1.967398279838327730e-07 2.971853591055143938e-07 5.492336836895796948e-08
9.671059839542758109e-07 8.563585565350940885e-07 7.443794040741388428e-07 6.127523136524650361e-07 5.064176854195531248e-07 4.367009654134770614e-07 7.399997194480923359e-07 2.740389147027654110e-07 2.682548569012801890e-07 7.323250992044691773e-08 9.071359172279412455e-08
1.212909407305088555e-06 1.025582467754760359e-06 8.726826478542026278e-07 7.050512501975187776e-07 5.735491711846015742e-07 6.217714955164352056e-07 5.490258082778648973e-07 2.499690417828610658e-07 1.377254564670899765e-07 6.177750832647386865e-08 4.483785754149400677e-08
1.390224082845636774e-06 1.374197849080302577e-06 1.086024072018866952e-06 7.449820916313947761e-07 5.486628551811627427e-07 4.509478615833717288e-07 3.103176559668541277e-07 2.169395113122446227e-07 1.753683245430218075e-07 1.982947727756129390e-07 9.156506302971864387e-08
1.321400130924964392e-05 2.768920296230503721e-06 1.269875628081765793e-06 1.220574715963822996e-06 6.604244314226592366e-07 5.219991160609259269e-07 3.440516345843387664e-07 2.505746300956877900e-07 1.880770597361927829e-07 1.242786523797891709e-07 6.259539326228810165e-08
1.435363973389274448e-06 9.493184692368595667e-07 7.992801864115764134e-07 6.815923653525652950e-07 5.334979600955844563e-07 4.009311515422460054e-07 3.112910027114742827e-07 2.329079191203808857e-07 1.257096706068381197e-07 1.078025546269607638e-07 8.563314093224239862e-08
6.025091496540752387e-06 1.019508630291742825e-06 7.229794921609495375e-07 5.769587743215379410e-07 5.715371734788536754e-07 3.639588289178292530e-07 2.693175265206022827e-07 1.939284748555532120e-07 1.401110559241582790e-07 1.808909604483019171e-07 2.124999067209786225e-07
1.077412720160207842e-06 1.031935839398430436e-06 8.925460130377002434e-07 7.913007327108594375e-07 6.129444540442433814e-07 5.526581543138073377e-07 3.323499159735876544e-07 2.356941598075103772e-07 1.781231434799670924e-07 7.700963123940300749e-08 5.238876998867606908e-08
1.084511383534965524e-06 8.814238260600856282e-07 7.217852654671781991e-07 6.204529779034808374e-07 5.049721919667835619e-07 4.283472678754434711e-07 3.542570985677513137e-07 3.468618430732623535e-07 2.659122565944159136e-07 8.817245822605593865e-08 1.010244586618242689e-07
2.388744337909314748e-06 1.980775236475836120e-06 1.267445478381906978e-06 2.492942690058725587e-06 4.662226206562276882e-07 3.638665316709252199e-07 4.253961397259572183e-07 2.957428835788885236e-07 2.309035978195360689e-07 1.155098464431802547e-07 2.414998910204575003e-07
1.022403389651396773e-06 7.674421984625656729e-07 6.744363498126729370e-07 5.743686856580747944e-07 4.826053877578032146e-07 4.311354970593836852e-07 3.159504000861405396e-07 2.513370783581151682e-07 1.753324918020246661e-07 1.242398821374727607e-07 8.256044292249787338e-08
1.653602073890720087e-06 1.957922796956442105e-06 1.035505780521850306e-06 7.334934407164078377e-07 5.471410560161732275e-07 6.053053276318678392e-07 4.082905299233815574e-07 3.369973045744382376e-07 3.161241560610467654e-07 1.769738919283906028e-07 6.309603110508227674e-08
9.252900722375085072e-07 1.028462514221225259e-06 8.590965090485938556e-07 5.275051235856006556e-07 4.689464431718001869e-07 4.391444860324415414e-07 5.007375301237791573e-07 3.510822487920663254e-07 2.508206039972551758e-07 1.784865969067979168e-07 2.110550241029683565e-07
2.082200421544557365e-05 2.280872400338179478e-06 8.804475800378610844e-07 7.141950839434053190e-07 5.615363712625569754e-07 4.688624924520910949e-07 4.269919009782085962e-07 2.351105234095640512e-07 1.619158564472110946e-07 2.337225857502898050e-07 1.253591655667400247e-07
1.432465747558325148e-06 1.192757132340079884e-06 8.631384347263341624e-07 6.721786416932478900e-07 5.767142150367130789e-07 4.136556549826687275e-07 2.891235282783899484e-07 2.705820099764965997e-07 1.384554959994723818e-07 1.729588340504389464e-07 3.634814467914171484e-08
1.121541316727195499e-06 8.970069409218048078e-07 7.671126096573985023e-07 1.685769220804809165e-06 6.940193136090337484e-07 4.476082570316868139e-07 4.493361544828457818e-07 6.093666667327871939e-07 1.447969616149337307e-07 3.145754735605381262e-07 6.778520564605644426e-08
1.833161033667671259e-06 1.675006356807623924e-06 9.185191332900297195e-07 6.748890036046036607e-07 5.079664278330655040e-07 4.491171552224043728e-07 3.178360614167987588e-07 2.273275105768620000e-07 1.182308838291454452e-07 1.111446640058557827e-07 2.763358335437398535e-07
8.578096465990130341e-07 8.587682180539813575e-07 6.903475775884953931e-07 6.294624569595473397e-07 4.647878667940165823e-07 3.958475125543323631e-07 3.127455583849633172e-07 2.606351235761524728e-07 2.882203934005378120e-07 5.665394740415355714e-07 1.432205184139667671e-07
8.875320945523722405e-07 6.001375716948703629e-07 5.197452447418339811e-07 1.672671761709145768e-06 7.520124130693788675e-07 3.590545075651400314e-07 4.368856212631149432e-07 3.849668187851426158e-07 1.933578900674590817e-07 9.272237751550052521e-08 3.896684681593327961e-07
1.031754648774308641e-06 8.907971155797160454e-07 8.195344184224385903e-07 7.188393582108155393e-07 5.521370643076806517e-07 4.296659306549148783e-07 3.263920191846734234e-07 2.304852073499396965e-07 1.323415500733786928e-07 7.699516529400498899e-08 2.723849018261096900e-08
1.598576203365860002e-06 1.196107588067281594e-06 1.020878131710025173e-06 9.821537401718867063e-07 7.684337603538965992e-07 7.699152701173903450e-07 4.689929420436118712e-07 2.310228034399608939e-07 1.231900220463803548e-07 1.016449237497177090e-07 6.307796115037558049e-08
7.361310841786386426e-07 7.262949915051467064e-07 1.730982406821631645e-06 1.991040610106357489e-06 5.727018508423680991e-07 4.214249970736750241e-07 2.935908895694296706e-07 2.044853832813954432e-07 1.600840850505015436e-07 2.972536126730626152e-07 6.795118968952921698e-08
1.565902492912631255e-06 1.216031023341383364e-06 1.060532045745045880e-06 6.192241598981220647e-07 4.881952073400477508e-07 4.014279204556566498e-07 3.548217451364032483e-07 2.023430869325726821e-07 2.534048024201119651e-07 6.971165970881767405e-08 1.164212863628501468e-07
1.105649527779581631e-06 9.224184516386139953e-07 8.329742236027997781e-07 6.949621104827138079e-07 5.371753092627584348e-07 3.935657669975169696e-07 2.944922212967729702e-07 2.378329695416036955e-07 1.707510235146674846e-07 6.769434493513543914e-08 3.003413043102887953e-08
1.201100814333315740e-06 9.645721995497492614e-07 8.720398861192690438e-07 7.040123445982529600e-07 5.395431320802315481e-07 4.049079717127277629e-07 3.208457860606688187e-07 2.436511498639065056e-07 1.943837806344094909e-07 1.154727801415612552e-07 3.254437589519086043e-08
6.304049545870788578e-07 6.929372445681648902e-07 6.066218076674866905e-07 5.422213298189205036e-07 6.366290218535645236e-07 6.616196236225574373e-07 7.557181357994156711e-07 6.636785512050852144e-07 1.589075829175668383e-07 1.057200698072109855e-07 9.595535532017485942e-08
2.324557211827770623e-06 1.780629924699822928e-06 1.998816517633027021e-06 7.181415266018849103e-07 6.006033266714165603e-07 5.021261265989326953e-07 3.895645923288540669e-07 3.666804091511197303e-07 1.368065455514381216e-07 6.027565527310792900e-08 3.429595821129848788e-08
1.094542710864380807e-06 8.328069008797363950e-07 6.865988700127970244e-07 5.836568935584367838e-07 5.044477589626146302e-07 3.863067818093798901e-07 2.922874260905152763e-07 2.013771178908282744e-07 1.875806097137565234e-07 1.458564290117611322e-07 1.567804907202368092e-07
3.364837818152302585e-06 2.642223861955652146e-06 1.152810262639658485e-06 1.417519954184901941e-06 8.437659075965973530e-07 1.208598058846998119e-06 4.252736460328981111e-07 5.293441021898479871e-07 1.383537038694304610e-07 8.762762343334456167e-08 3.052336613053593544e-08
2.541467476015420138e-06 8.591641144914147601e-07 7.474885000036048036e-07 6.132650431433386771e-07 4.427506925227297997e-07 3.394666781674094726e-07 4.040835504978291252e-07 2.580278011674818714e-07 1.880733644090825189e-07 1.363312709898037701e-07 7.404701086661555271e-08
6.334335496118242916e-06 3.362618296027312243e-06 1.437750430255013025e-06 1.386455215471221206e-06 6.526716235515937762e-07 5.543119143552421768e-07 3.636106247158859876e-07 5.734961111656372611e-07 3.706332992910916407e-07 2.283440002815747122e-07 2.570253221064367212e-07
1.792753921043135833e-06 2.411934869345538097e-06 1.524721099829924126e-06 1.310320755315733419e-06 2.151425635424022348e-06 1.340274934131951032e-06 6.922129990856023695e-07 2.247895502419051969e-07 1.095021725732556979e-07 1.164888542747573494e-07 2.952355605287599297e-08
1.596280610799904074e-05 1.381239257987103613e-06 8.888002306867317024e-07 7.412603168944420594e-07 4.142883566327952909e-07 3.114010046685944305e-07 2.309248938974885233e-07 1.829068336928292899e-07 1.195628197054437422e-07 1.574922938778052530e-07 7.971497889444774304e-08
1.216756508764931456e-06 8.724615736800181211e-07 6.870879695197118198e-07 5.741917540913520717e-07 4.898097383938811391e-07 9.786800432652424083e-07 3.765388163671157279e-07 2.244182738600523491e-07 4.034989633806710361e-07 1.031798229593823561e-07 5.974118056412976278e-08
6.598648531534054897e-06 8.024963977820295203e-07 5.830275550087027060e-07 5.141165036304874068e-07 9.493549138391704651e-07 4.048102270527064260e-07 2.939787584967335620e-07 1.968832179541164107e-07 1.274680588106118132e-07 2.592266007383900404e-07 7.574058506893154766e-08
