8.490763078601915786e-07 4.249348797894178696e-07 8.811114816873054617e-07 9.990484193119316071e-07 3.315492968007870807e-07 1.467721558042386379e-07 1.033383167366145430e-07 1.172092578815154270e-07 7.732632338037554451e-08 1.255512564810409288e-07
2.523828759657758895e-07 2.480993728757914130e-07 2.250369655517749279e-07 2.312826292604375148e-06 1.781840325120712929e-07 1.150116511978430099e-07 8.832813899704328246e-08 1.299753494209997200e-07 4.113928134780427041e-07 6.907275342451378397e-07
7.121038377381433409e-07 7.131418778059093634e-07 8.517338529045099705e-07 3.344248365333053034e-07 3.780265618352848350e-07 2.240544801311877183e-07 8.152685611250971199e-08 3.373272128672791672e-07 5.212262701239577114e-08 1.392238971517295678e-07
1.111820904851007976e-06 1.394518372104712641e-06 7.303785752639587848e-07 3.752591331071643501e-07 2.414901255103764241e-07 1.076802513096759264e-07 8.655351808369562385e-08 6.334242538434328315e-08 1.616179512431893458e-07 1.467531215707131241e-07
8.054157176671033462e-07 2.752232297551691660e-07 2.535725629042969169e-07 2.251602747259398735e-07 1.328888802411847779e-07 1.065280058981728569e-07 8.784542543887076884e-08 8.569935174453717757e-08 2.540883797888356596e-07 8.786893328736425146e-08
3.503326368465730291e-07 2.876309387600436198e-07 3.400301272018399497e-07 4.948634176600372748e-07 1.504643615250365247e-07 9.341654955716179575e-08 2.194735659477113436e-07 6.463813101627045561e-08 4.857365121422510775e-08 3.710992175560156137e-07
1.534687577604337294e-06 1.119016385415081547e-06 6.552101063514436208e-07 4.563664364885593313e-07 1.409980553983008494e-07 1.212806051347600180e-06 8.706218175448707749e-08 2.119508216378445313e-07 2.628496620053719286e-07 5.779858866754955884e-08
1.636482471478742245e-07 1.053562601366331087e-07 1.052764433121340909e-07 7.885166106683182406e-08 6.240406257997634387e-08 5.083902367381668175e-08 4.681203718318969927e-08 1.079177422061018584e-06 7.625189659870107855e-08 6.850872644219264640e-07
4.937176494468806052e-07 4.473903492222030861e-07 1.386002274613895956e-06 3.297363255711854412e-07 1.415488638655456978e-07 1.023034430630071068e-07 7.378776304852171256e-08 5.567924181978036946e-08 9.507219319991895744e-08 3.329701614926137535e-08
2.735174448717529380e-07 2.053722012972895150e-07 1.010520242057979885e-07 1.205448438998600476e-07 1.002710471380030780e-07 7.750553329730403089e-08 6.858486649184195487e-08 7.149158995088079517e-08 1.852023251175085704e-07 2.447770014289795440e-07
9.009823700941897788e-07 4.391707153623309237e-07 3.919023216871910645e-07 2.262136065089973612e-07 1.230672224153731360e-07 9.445587019315078956e-08 6.735612553386980393e-07 9.353302586915778453e-08 6.334162850128656500e-08 3.566489769695421929e-08
1.042557315785830199e-06 5.142872504460376089e-07 2.897874569452635559e-07 4.493824009499754441e-07 1.272471698523465227e-06 1.012008273538995919e-07 1.267466048025858821e-07 1.385907509436456507e-07 3.901283834969185596e-08 1.021754230610153559e-07
5.329958337947345325e-07 5.081150608571173510e-07 3.214805962011264204e-07 3.843293270285050889e-07 1.947765525103042243e-07 1.336415344726604817e-07 8.472280683116916635e-08 6.525601346380977103e-08 4.646027420080057700e-08 2.441845246601137990e-07
1.783532416406791344e-07 1.841060531599110338e-07 1.562248166673712028e-07 1.401435522754761879e-07 9.625271047925471099e-08 8.034908411310622918e-08 7.337419195715628020e-08 4.861734192277044855e-08 5.146414255312945759e-08 2.384419650966065866e-07
1.424759668956784403e-06 9.563815742571373226e-07 5.337070603373147331e-07 4.570882512302380411e-07 3.590864786890804174e-07 5.634471925055827012e-07 2.207440255087996080e-07 8.218542978660937435e-08 3.578186752303600548e-07 1.170031251247753075e-07
1.003939433644218356e-06 8.223044602060118895e-07 8.020826243007872054e-07 6.113796775559286399e-07 3.555631432818644621e-07 1.881921085429894550e-07 4.890723770686041279e-07 8.566916160046039840e-08 9.187118407301148223e-08 6.008710310296261562e-08
3.687118469218311416e-07 3.042282418325080695e-07 2.500641372982822047e-07 9.977959765957968496e-07 3.303400522480443428e-07 2.075089218145142805e-07 1.399371067169418470e-07 6.546905950456172860e-08 4.282238989383179502e-08 4.526912481784095569e-08
1.760958424067136587e-06 9.879342900685852939e-07 4.099822063082183795e-07 2.488498227735436253e-07 1.770811557309962386e-07 2.197763578519126446e-07 9.769786452643156110e-08 1.012163284590106288e-06 2.881149898736939934e-07 4.728913001027756944e-08
5.234096887529045378e-07 2.685385308153970169e-07 2.132568121865526486e-07 2.339845725741508241e-07 2.569904931213111739e-07 2.790105828859654421e-07 2.588497677462220177e-07 1.853398526959850655e-07 7.513050931456089703e-08 2.809889417620445731e-07
9.755135763173014338e-07 8.387193510350822092e-07 3.797752119548945152e-07 2.646826257575827257e-07 1.856978804551558419e-07 1.666008531252697872e-07 1.312095750915071284e-07 2.331125981093785575e-07 3.480160596569755489e-07 9.308854650315322903e-08
9.486869616621150083e-06 1.242911242832566587e-06 1.555849264294678715e-06 4.785993101509343850e-07 1.272717932709631438e-06 3.119751401182142650e-07 2.190828490869397118e-07 2.774149088251553138e-07 4.246137368910119450e-08 2.253702419744949017e-07
3.156093179174804814e-06 2.307337972361939311e-06 1.969032146682485838e-06 9.413282496490250994e-07 1.374267036058885497e-06 3.047589228728322914e-07 4.173474020858801550e-07 1.942413338670869708e-07 4.722043237173981195e-08 2.671616377095275050e-08
1.106252341352171859e-06 9.708563393348907882e-07 6.551042066127933910e-07 3.804854188663421118e-07 2.204117928816538511e-06 9.309710875121605925e-07 2.551811343241231628e-06 3.132240710237555607e-07 1.000921426161260412e-07 3.174461949344672199e-07
5.394352876170154013e-07 3.717876374456122020e-07 3.993717785997388722e-07 2.978764849056187970e-07 4.480042552780510764e-07 1.943446942206101407e-07 9.899622942817541165e-08 7.512873938399427708e-08 1.318378331765712925e-07 3.207377753467504873e-07
3.277628890737812441e-06 1.812825446634694081e-06 4.443576281701814276e-07 2.514963480852621604e-07 1.571245216208181165e-07 1.299011963025222798e-07 9.452977010074106906e-08 5.316565490140467039e-08 3.798539491693557756e-08 1.419465923022026376e-07
1.967888103720657354e-07 1.951676684565075643e-07 1.299681404014960997e-07 8.898692063096172687e-08 8.448012595081083127e-08 8.353187740819389939e-08 8.041222556874165011e-08 4.218760657450500707e-08 6.743004960376646391e-07 2.301347788747920279e-08
5.156785013749007376e-07 6.849690969569098774e-07 1.730102680469331581e-06 6.058393883018364130e-07 3.097104054473639702e-07 2.124190015840968952e-07 1.226435968080941146e-07 1.157292868871648740e-07 3.717995945797695979e-08 1.755439035736339712e-08
5.487118414573125613e-07 2.892077847649934011e-07 1.798462865790394913e-07 1.397071956683413555e-07 1.338527570994834302e-07 1.018250803607109916e-07 1.157114417335399767e-07 3.392649914200703545e-07 6.717886881534296299e-08 6.983421717688563382e-08
8.086713522250032201e-07 2.216751475329340278e-07 2.740582507925253828e-07 2.590808967872938664e-07 2.932215680439439085e-07 2.177894600611023032e-07 1.307115589290312398e-07 5.448830637430556690e-07 4.043795809565851549e-07 5.482704559567555254e-08
1.714365979377351474e-06 1.229491765913903158e-06 6.063799187355544393e-07 5.369787238080463580e-07 2.082685456164848603e-07 3.445233326361252182e-07 2.325801186090018793e-07 2.290982001783741160e-07 6.887117091662059792e-08 4.890796186936311248e-07
1.389418666379429350e-07 8.044085340405052649e-08 7.229170894521846141e-08 8.477465546773190678e-08 6.650036257942208200e-08 6.291641723612741072e-08 5.364448115839488810e-08 6.853710606521136022e-08 3.106535929709405921e-08 5.047319717879189780e-08
8.398453135952822991e-07 7.766675469069107892e-07 7.335387267764234604e-07 3.731852410362229043e-07 3.893109965678204971e-07 5.211337065679262261e-07 5.806124767090628649e-07 1.217870206041603445e-06 2.190056228685745579e-07 3.654275793873515977e-08
1.073630148825707483e-06 6.531016482475242966e-07 4.336285817390702205e-07 5.914201582756933709e-07 4.450003486285817401e-07 8.060537718362905735e-07 1.065535025409159374e-07 1.339215366361215423e-07 4.990167103350290934e-08 3.691437028778805414e-08
7.712874372428348037e-07 9.344636445209139878e-07 2.902873714171593125e-07 1.956814757969842251e-07 1.848939281797293714e-07 1.414922835180676661e-07 1.357366307687290403e-07 2.179177219239668852e-07 5.247277701990941130e-07 9.253047024074192384e-08
2.703568862366196228e-06 2.242990876514718944e-06 9.547694747248274443e-07 6.762399733356214864e-07 2.180826071204271858e-07 2.411323757539133498e-07 3.317609233111724959e-07 3.103142154203243449e-07 1.138828824269791677e-07 1.526811914977900073e-07
1.709099749447292596e-06 1.484181305787675805e-06 7.864142523706241674e-07 5.458439937703121457e-07 2.331051431286387724e-07 7.362614021122646948e-07 1.167198540900540304e-07 1.930994941908223545e-07 4.756036438528371118e-07 6.488303516939596907e-08
2.674941487218459370e-06 2.335074026081820316e-06 1.477351231517070041e-06 6.191653101135336348e-07 6.503844445473107144e-07 3.939393765517510732e-07 1.028252809432196587e-07 1.477809850895584778e-07 4.104034615041824160e-07 4.071814364305713366e-08
2.054248412103478228e-06 1.440857265159765797e-06 5.307263383488631114e-07 2.666328881875032301e-07 1.819126348623832670e-07 1.615583340385961320e-07 1.045665073419637023e-07 7.636169861031076565e-08 1.084819320821107483e-07 2.794625484593230319e-08
3.350504190290449289e-07 2.333433890923210412e-07 2.339248297822963767e-07 2.141556273834903012e-07 1.623099550268408837e-07 2.703231625390817149e-07 7.658542790967645439e-08 9.190871591566165218e-08 9.009908730369658548e-08 7.111283321602012208e-08
6.600554911375558720e-07 7.068247848566690739e-07 7.923556677311985855e-07 6.815471530021634353e-07 8.631810421081055433e-07 2.327082165271246812e-07 1.260593456028037668e-07 1.898680376615889984e-07 1.586448143644953658e-07 4.273153076413741687e-08
2.489326322777905334e-06 1.656539204095917012e-06 1.112006693787861274e-06 7.760327432437878800e-07 4.367889442811185520e-07 4.194911292892878231e-07 2.143520869442021121e-07 3.888474508965290054e-07 1.300022690970404071e-07 3.710712890529109626e-08
1.849845820622888219e-07 2.327175753560236972e-07 1.374463484155061795e-07 1.393899448081555261e-07 9.675015685538600193e-08 7.607612787008232497e-08 5.694243958766716964e-08 4.335422405848721231e-08 3.195805482847193616e-07 1.952691995629966019e-07
7.412987251631720377e-07 4.862097636634620062e-07 3.200229367766122551e-07 4.513191573155119974e-07 2.835818243846884105e-06 3.588040623989872213e-07 9.023483840807160372e-08 3.218599807863367683e-07 6.704230342575744457e-08 2.257476355117457849e-08
2.044212838181843240e-07 4.075136931361183834e-07 1.198542241943370941e-06 6.607613517351448441e-07 8.891888680490184914e-07 9.010145198795039295e-08 1.130058789238447209e-07 9.129902899895370433e-08 3.280396799949784398e-07 3.099128577066888800e-08
1.298276881529010845e-06 7.970087844393773218e-07 3.881722508088224674e-07 1.518376936951465304e-07 2.592887778040252183e-07 1.129960164854435063e-06 9.395897562567694350e-08 6.020148366056045973e-08 6.501155612795910095e-07 1.255283150289928942e-07
3.562385804340605545e-07 3.585673967195063049e-07 3.486613953112385923e-06 2.295572069196546421e-07 1.475042098904428686e-07 1.000868207294496834e-07 7.478720049943911131e-08 3.012583996563287747e-07 4.633127383061076653e-07 1.890497014181442824e-08
8.983337666417349520e-07 4.788145884225314313e-07 5.363600411731936305e-07 3.245551684918629640e-07 1.754647952151996133e-07 2.606706904449165285e-07 6.486937578909137443e-07 9.531609462959924708e-08 9.044057060154782808e-08 4.532894270819016179e-08
3.533737119837282554e-06 1.873447764210641820e-06 8.327606029267677721e-07 4.696599464283439799e-07 3.370297651500187884e-07 3.405817415002889051e-07 2.656911933200931472e-07 1.503853709095233308e-07 7.633684259280704852e-07 2.104129403908171706e-08
8.557201948642457200e-07 1.541801859639153985e-06 6.141767343106956777e-07 2.833949813766877212e-06 9.232113476183986202e-07 3.087879259834926992e-07 1.228594188341732495e-07 1.317933463776459656e-07 8.811289615239547213e-07 1.009255910041061893e-07
2.033761489138180160e-07 1.598640026916721380e-07 1.874100762948180690e-07 1.295984947167597208e-06 2.202395348073666549e-07 8.616644695896801574e-08 6.409039416603493512e-08 5.619120353123070734e-08 4.112411566142148440e-08 5.947119742745513404e-08
4.519707197062561285e-07 4.302881771457768864e-07 6.800663089865161146e-07 1.161370770128423817e-06 7.620326789797835258e-08 4.953501058864788570e-08 4.414225496592801139e-08 1.338400587209562865e-07 2.664567021568050546e-08 1.915457604815953950e-07
1.306559403391598498e-06 6.919033749863537257e-07 8.424861657564188256e-07 2.118310377095654543e-06 2.009622347124012038e-06 1.904902955358641363e-07 5.595522707512570063e-07 8.006149410919694317e-08 3.509801129972226549e-08 1.343717751692085805e-07
7.114918579124228189e-07 9.663740310712872473e-07 8.046026853973373229e-07 5.200423866273362279e-07 2.535613048288115952e-07 1.110272578177027884e-07 7.239894557735602455e-08 1.009568560335004599e-07 3.427843020763942236e-08 3.342635261031424169e-08
3.293676207944707806e-07 2.328921655066253428e-07 1.838874191795369665e-07 1.919927216664992676e-07 8.997941998338108399e-07 1.922994669085142996e-06 8.766569064302421430e-08 5.565537353191184322e-08 3.949319765091103288e-08 8.568148929382472966e-08
7.082836747652507780e-07 1.235497380685797358e-06 5.757910800618012143e-07 5.150173799409868843e-07 3.815008596804323802e-07 2.789031436017112503e-07 1.125445696082155989e-07 2.278958065821494681e-07 1.630325696104486774e-07 2.526729466216975182e-08
1.695382710409111846e-07 1.134445245117836213e-07 1.237423955383166232e-07 1.636807921093377739e-07 1.791638231578481055e-07 7.139029888562600673e-08 6.284199524472247898e-08 6.064517451400404448e-08 5.323149455573227561e-08 3.413004058920285606e-08
5.095047754718313517e-07 3.707905592740059633e-07 1.764599745150045203e-07 1.753708447678081879e-07 1.188440535928345174e-07 1.067293922704547695e-07 8.238087112537506354e-07 9.675650718308603503e-08 1.095798615968440758e-07 1.034765969437111283e-07
1.805974640923693732e-06 7.241656944303687081e-07 2.144478856924630088e-07 1.640822131814687140e-07 1.137199207943190060e-07 1.143113185063652683e-07 1.460065427727166832e-06 1.313348019311841590e-07 3.144367397867504773e-08 2.594348030901045725e-08
6.753122629724517689e-07 8.867304170272069403e-07 5.646069921952349719e-07 1.929622624877386194e-07 1.523814960202913549e-07 1.428126254683373669e-07 1.473887124683434537e-07 3.575904221336163869e-07 4.095993897130185662e-08 2.578732016151439371e-08
6.959543889615183612e-07 6.888214872385814318e-07 4.371427414753268311e-07 3.584854046191154725e-06 3.895872984053856032e-07 1.321874720490398552e-07 1.487497667783475677e-06 2.486042755516226116e-06 6.062294494692749496e-08 1.956074307485080574e-08
6.092158727901478088e-07 5.230947743033338413e-07 5.006508811730574530e-07 3.874610364943160428e-07 1.355913352324775732e-07 8.437619815148811456e-08 7.043096396310445475e-08 2.318759360862217707e-07 3.208581808439389920e-07 2.308578086199621944e-08
2.192886519851703397e-07 2.401856352775892970e-07 2.115362053186769276e-07 1.958791371022972251e-07 1.634657488498366281e-07 1.132221923199515961e-07 4.338313864109303707e-07 7.245238748624214210e-08 3.225395604059168962e-08 2.263117430158125857e-08
8.810359559258889594e-07 4.454524050156005444e-07 6.090111144089828603e-07 2.296274099526058812e-06 4.008859733383790632e-07 1.201057498210942768e-07 9.591259897559812679e-08 6.043106467495537259e-08 3.945118011226380609e-07 2.070599220740628842e-08
1.148492786737403780e-06 8.276387821539030215e-07 6.008754240934782798e-07 3.708700640816756339e-07 2.039147151428540365e-06 2.057945353054387621e-07 1.407639332336113138e-07 7.866187495424330971e-08 4.885303081128514966e-08 4.904303870634688595e-08
7.451185606208406953e-07 3.562120082946071279e-07 1.744208977002344290e-07 1.178131874566405714e-07 8.561803474476496557e-08 8.454075018641108904e-08 8.308685189069155019e-08 5.450575520051323568e-08 2.274971536268423003e-07 4.604287498794206971e-07
7.761370442170680590e-07 4.309829762336611929e-07 2.665779624427599647e-07 1.721188936057640725e-07 2.415344127964960331e-07 1.283532776216520432e-06 9.879376629495044059e-08 1.661774765829249236e-07 2.921863103555101367e-07 5.682492368651823793e-08
1.159293677888878808e-06 7.115074223853387022e-07 3.955183447944975937e-07 3.361112493063894868e-07 2.328249441260263834e-07 3.041131721944210143e-07 1.127345617070136157e-07 5.116313879340227395e-07 3.722036764882374321e-08 2.332534556217079363e-08
1.196962724572917019e-06 1.088281195432074572e-06 6.186376010292759128e-07 4.006295356166865877e-07 1.925864643540386661e-07 1.352817749434938607e-07 1.516935038550532164e-07 5.560402689520127425e-07 4.655085898688332668e-08 1.113757361891476181e-07
4.205523979978041272e-07 9.149361801509946068e-07 4.263501556229008970e-06 3.695317807142698282e-06 1.682362037409911393e-07 8.146001327772165255e-08 5.709955265915420826e-08 1.070672305241377961e-07 2.625975765134734940e-08 2.072221855254604990e-07
8.045439567576207650e-07 4.979029593454782349e-07 2.372961802899420254e-07 1.405732059019627427e-07 1.274577654581085548e-07 3.183761402894936233e-07 2.058584955967897537e-07 4.528893236820668818e-07 1.002646058850956578e-07 6.642730613545245463e-08
7.831067859753320881e-07 4.215921160059119241e-07 5.034528093115858843e-07 2.996886444062197003e-07 1.494505034419804185e-07 8.511088244014432168e-08 7.443851302200577302e-08 5.952460407718187854e-08 2.312835136831178066e-07 1.033264899875363591e-07
8.763873116330914973e-07 7.625794981658376910e-07 4.827344112736940753e-07 6.279292296465213965e-07 5.822130107441043035e-06 1.706378526686882162e-07 1.694547673450436153e-07 3.141821489079176041e-07 2.820958768887067967e-07 3.037216758711893447e-08
1.312406414480796335e-06 1.027904419392158654e-06 6.362981430806799813e-07 3.828133366820821773e-07 2.211190011228966058e-07 3.234147448065355202e-07 9.217371025670311086e-08 2.052109399471555379e-07 6.896262970740906628e-08 2.024153677707836874e-07
1.722438943845328705e-07 1.464604376993759929e-07 1.187973578594137495e-07 9.038881968386174599e-08 8.849323327433885260e-08 6.023235427962780386e-08 4.396705736609047955e-08 3.559967228779368704e-08 4.052041296646544036e-08 2.704995668886692298e-07
2.332632345269967433e-06 1.775810203044060390e-06 1.351017173761149947e-06 9.588870903542503653e-07 3.913596047111109182e-07 1.335425594109227168e-07 8.869023598638338077e-08 6.377454648436253732e-08 4.293056193965604448e-08 4.538962598120080984e-08
2.772833121985064722e-06 2.403190763045040318e-06 1.744234580117364713e-06 5.943108954777699895e-07 1.767588350718097179e-07 5.518899076023342153e-07 1.005693134799698987e-07 5.587137971024174809e-08 3.840101496294301236e-08 3.875763807071498810e-08
2.530285251896827168e-06 1.717959968811853712e-06 1.476056658497786702e-06 6.288427790766590036e-07 3.068895627374844455e-07 1.970285856008301557e-07 7.821279965584943628e-07 1.048685706718593864e-07 5.444492500203551421e-08 1.932307224044311163e-07
2.931377207507767361e-07 1.949208751582771311e-07 1.420322186618685879e-07 1.103359239225997754e-07 8.510648482407434750e-08 8.020983549591742072e-08 6.535828601186183667e-08 7.197503724666513575e-07 3.425068299631992803e-07 1.911651504073006827e-08
1.828952830567695641e-06 1.452541590528381223e-06 5.504360736806146303e-07 2.968376480080048794e-07 9.095440664058841158e-07 1.135419477858586577e-07 8.546921902704476564e-08 6.641257679940661167e-08 4.282939197913937030e-08 6.130058576950190817e-08
1.187678676166453005e-06 1.274102180189708779e-06 9.277453058020251583e-07 3.837411685588880307e-07 2.091345898253534476e-07 2.735363438711050630e-07 1.664649973878980093e-06 1.928447651474233302e-07 5.989989118131411446e-08 4.275166724974619641e-08
3.301481239218323577e-07 2.293633671215561316e-07 4.317698048708296875e-07 3.052369410276900562e-07 9.345426971864758836e-07 2.719599335447729754e-07 1.408617976003328403e-07 3.692647437719238481e-07 1.080869471197717293e-07 3.133613095201324978e-08
2.036232533870047884e-07 2.566686090734299394e-07 6.230879862561774415e-07 3.069702308077675595e-07 5.540513726874925070e-07 1.777099399517450775e-07 1.060153517215095361e-07 2.952681254650765133e-07 3.342367847558608233e-08 1.682230458047259624e-08
1.697737744666711891e-06 1.396290211913140099e-06 5.840558721841506384e-07 3.304037499170801247e-07 1.269084595067545449e-07 1.155766720588417422e-07 6.518347607309915671e-08 4.670813203940595742e-08 5.520086786546533683e-08 1.556158186596663842e-07
2.878052436628312697e-07 2.431731632945630780e-07 1.841309483752172079e-06 1.703419290229421158e-06 2.563747963893854851e-07 3.373364234592557283e-07 1.302976371426217029e-06 2.282271081111379663e-07 3.171146984666986706e-08 4.993919150327963071e-07
1.191326944039819700e-06 4.156404186925413531e-07 3.175506895956923770e-07 2.443789986190608456e-07 2.405758064663522871e-07 2.407141545936443349e-07 1.311832391059189557e-06 6.403600001236656702e-08 4.215171288340990879e-08 2.778193857682964915e-08
6.580078181828990566e-07 4.078044655132002520e-07 2.886052546795667291e-07 1.721538529759198231e-07 1.238748739725941517e-07 1.043758814367763769e-07 1.321781279567259026e-07 5.795354230922187470e-08 4.131709078489485598e-08 2.280526375518566732e-07
1.364375231465323324e-06 9.012066592195592630e-07 7.084352074834566413e-07 3.929152562439339451e-07 3.407062387047812250e-07 4.994368444981163236e-07 1.169794758719282455e-07 1.757345101165792631e-07 1.783827580673447695e-07 2.795729998736857731e-07
2.674405073385526886e-06 3.520973665056106949e-06 1.484788666152816736e-06 7.065968450817698387e-07 2.454923242497581163e-07 1.892401977385404070e-07 3.808185131888652099e-07 1.788139862594313202e-07 4.606710445736804435e-08 2.747704586046895734e-08
2.248620565627408645e-06 1.443608521019939714e-06 5.382672811027789764e-07 4.731251359720516901e-06 7.596989582763984299e-07 1.961992010345471751e-07 1.497490436867087449e-07 8.338358716881031609e-08 4.392311616923206051e-08 6.913116297142868644e-08
2.378294372929410370e-06 2.615045193713085156e-06 1.763537460237630089e-06 1.081583352982570194e-06 7.886246847134591613e-07 2.416140157116719574e-07 8.965623818701408371e-08 2.765399377359098973e-07 3.394858981780217092e-08 7.744938816182781391e-08
1.122165663233848948e-06 6.060039422146783889e-07 3.931021636445172204e-07 2.793242569219608689e-07 2.727140768362264749e-07 2.073522542029636370e-07 3.361731781738337784e-07 1.137179674072011622e-07 1.154155797873248279e-07 6.358521678409232377e-08
2.161292384272182038e-06 1.406678063738922911e-06 1.706686186560322221e-06 1.288645004202937471e-06 1.423950605745022347e-06 1.705993209157112210e-06 1.330062400323875393e-07 9.934276077575539722e-08 5.772284483498041290e-08 5.289357075259363640e-08
1.074423584577489183e-07 1.237531692521604253e-07 1.403974165467277225e-07 1.286803536305634816e-07 5.892899293538620016e-07 2.630811744037078560e-06 1.029867993493337951e-06 1.608118184740241475e-07 2.387456563871133885e-07 4.029183498937180588e-08
7.608949626547465482e-07 1.204718858694405753e-06 1.583260534006426580e-06 8.199278381490921483e-06 4.971832393550111547e-07 1.939907637820271063e-07 1.091862977008567405e-07 7.351127539372155429e-08 4.123810163875808597e-07 3.593317721744277590e-08
6.909932958973899662e-07 4.884884341823160457e-07 2.259073715869072316e-07 7.858930129626062243e-08 1.713017202230914030e-07 1.301899022566277607e-07 8.929056016786523499e-08 5.568164054017618233e-07 9.865144213384422915e-07 6.199371974872545657e-07
2.714424086077628586e-06 2.175894894322488421e-06 1.483548020012002441e-06 1.057993132143876956e-06 6.822284449382449048e-07 2.751460899008396824e-07 1.008056929994849056e-07 5.946091193184744181e-08 4.242691094060671951e-08 2.581139279722701741e-08
1.792615728864599016e-06 1.041001125614500614e-06 7.084123712237360768e-07 5.294941582479456620e-07 1.293654899716618438e-06 3.729380341612587330e-07 1.286376364182214523e-07 7.194452073798421092e-08 5.314512275090042151e-08 2.753814310308765457e-07
6.882593212369512950e-07 1.929740433744816984e-07 1.617343465948896042e-07 1.557508157607204158e-07 1.145746176740835422e-07 9.200568513157120824e-08 6.758000615829311574e-08 5.322398300463750394e-08 1.705566126154118195e-07 2.538232031996287889e-08
3.153017048390620081e-07 2.267979262922357238e-07 2.092153654939831412e-07 2.113315720957948589e-07 3.053249714843641608e-07 9.519187246369965897e-08 6.459780077789353510e-08 2.006369500352371290e-07 3.343297771024312328e-08 2.674263111480549387e-08
9.780923867578987355e-07 1.247904920356442056e-06 7.840990225592613246e-07 3.349127910188987201e-07 1.999845604967321677e-07 3.053154869768299673e-07 1.770246038400225067e-07 1.266253004839123715e-07 4.284168541772926288e-08 2.904320162075198508e-08
2.583914222671752684e-06 1.753793908150142067e-06 7.998466657847265051e-07 6.563295288416887350e-07 2.538033956274276283e-07 8.315556686837862180e-08 6.294099072025892667e-08 5.155535789176686690e-08 5.251829474850309094e-07 1.084661080845057904e-06
1.616364095147591237e-06 1.872837162815969082e-06 8.152504162919205595e-07 5.458472219669764241e-07 4.492356896820336259e-07 1.993732511252464790e-07 1.002430657527788173e-07 2.211462117935359459e-07 4.681934663704297941e-08 1.302678472282892161e-08
2.481205749237596189e-07 1.128815266947946757e-06 4.192430055286435681e-07 1.260099877689327845e-07 1.402399919573166743e-07 9.741736998596451540e-08 6.996961629367830755e-08 4.818749648738574819e-08 3.525258101366272766e-08 2.591742084345758275e-08
3.865815028678600651e-07 3.708678516684226283e-07 3.310769362592401775e-07 1.890713920171656573e-07 1.382668108840154403e-07 1.270477531080268676e-07 9.533236542559831863e-08 6.560220641373182717e-08 3.358441339047314343e-08 2.324025837204450274e-08
4.341036812542742233e-07 3.940990904995815109e-07 2.334165803804944163e-07 3.424744099907955891e-07 1.780001115319565545e-07 1.048672058438335560e-07 7.376800368592837934e-08 5.307391404957481515e-08 3.248611677289703154e-08 6.307219844196200654e-08
7.043314065678444021e-07 6.977832847254233087e-07 3.832140543198140614e-07 3.180598628827030991e-07 3.094404045533990035e-07 2.194529025194532136e-07 1.014020251377177717e-07 5.886635256696228299e-08 2.799150499482221116e-08 1.937001586965072894e-07
2.739534162774788055e-06 1.956105089720500555e-06 1.010257816185759156e-06 2.634394856187462585e-07 1.554484617822406523e-07 1.165929075346536126e-07 1.024903889585099918e-07 3.528848966509938351e-07 1.927754174769908362e-07 2.599114447968370863e-08
7.272304088163367698e-07 1.709595061547837286e-06 9.864198532629841531e-07 8.918538204279499191e-07 1.336676460614386665e-06 1.239198543176161506e-06 4.771605836056061272e-07 6.853102783456058433e-08 3.507098280672015227e-08 1.657682502068290471e-07
6.118993571785712909e-07 3.899970584151190354e-07 2.640147942730355310e-07 1.903998317369068917e-07 1.177357499011501525e-07 8.058724791458701597e-08 6.892394661777126920e-08 4.598111217415098235e-08 2.960373685016134117e-08 4.023292476392813202e-08
2.619127651301435604e-07 1.771907929197503831e-07 1.554232561184239977e-07 6.970823111132051705e-07 1.430789810433671778e-07 1.003219782422345248e-07 1.031692562784881983e-07 1.467586961319852944e-06 9.221328501573662291e-08 1.488711645327833957e-08
5.840623209287800459e-07 3.291139630916212672e-07 2.348819423648350897e-07 1.185086324598326748e-07 1.219562527706881186e-07 9.554173765385519377e-08 7.511536662063260658e-08 3.482040264986891661e-07 4.298401527050255560e-07 2.325132896224441482e-07
2.983891345556704968e-07 1.666871097141335976e-07 1.833150341035143761e-07 1.520774699966680670e-07 1.185447424585963142e-07 1.233702119481188882e-07 1.060555607120448523e-07 3.214560177509614369e-07 4.012108877959600292e-08 2.539232658278529765e-08
1.771419319438861092e-06 1.501083239823585158e-06 1.102731208253054868e-06 6.791200400806836422e-07 4.769447935904286606e-07 2.743203561606663791e-07 7.509238530693961429e-07 5.207049692916100144e-07 1.106128756401687832e-07 2.157953721542560160e-08
1.581989601695401425e-07 1.188279202358584265e-07 7.907728030784884119e-08 8.964282571033664392e-08 7.853709980978526786e-08 1.609011995941587781e-07 6.229193597761427742e-07 5.599185966981545747e-08 1.062634720467386801e-06 2.225122342934910294e-08
3.641058490113114629e-07 2.035338369151263646e-07 2.576012125555794779e-07 1.848894239192263144e-07 4.206761796176047342e-06 1.422933865360834436e-06 2.806079756330052800e-07 8.065154916340188521e-08 6.215002356859289007e-08 3.564603151400188027e-08
3.216415348527705031e-07 2.708685303078380881e-07 1.346212448806617798e-06 2.888472251485454265e-07 2.128193052765735579e-07 2.174894474923118309e-06 8.128003804286700084e-07 1.005203136291705940e-07 3.244355881173292918e-08 2.053402261552064894e-08
2.854937995996299898e-06 3.167722980868530328e-06 4.655439094390316460e-07 3.386802015981038347e-07 2.543966939471857751e-07 3.277746368686903207e-07 9.612315577454646131e-07 1.583274053727150628e-07 3.196009845595034567e-08 1.471963106387268523e-08
4.193604472701330668e-06 2.729814531793836719e-06 1.682911680895399196e-06 1.232756183249694784e-06 1.407583276311600744e-06 7.648010353361078765e-07 1.224434915276697501e-07 9.333590441579478095e-08 5.109614946677502023e-07 2.301939414145571555e-08
3.912829372081071082e-07 4.797561394068146509e-07 4.313944783132688275e-07 5.070515950129618736e-07 2.549995582540167950e-07 1.543474709040817114e-07 5.686965082641425549e-07 2.330342997945897164e-07 3.565240598299229072e-08 9.733257593898662791e-08
4.399737523049961653e-06 1.998547155654870886e-06 8.246641279679740214e-07 4.652083502349077712e-07 3.663769582972962880e-07 2.093008913557842558e-07 4.258000837433176782e-07 7.945916341539401597e-08 6.039746185910166012e-07 2.369579345513736772e-08
2.463269708073389483e-07 1.206809974327901968e-07 1.472124394828114394e-07 2.144202345694645241e-07 2.091194222092819924e-07 1.371339690338127172e-06 6.367769859821846080e-08 8.267054017910184621e-08 3.283283427836066934e-07 2.922141307304542480e-08
1.161745794022316697e-06 8.069926874628700560e-07 3.793380660154025328e-07 4.281328092972925056e-07 3.602833017959888931e-07 8.398111440738750056e-07 1.067602765909943886e-07 5.919076062703815547e-08 3.301441577882570881e-08 2.016074036310788792e-08
8.593490775587880746e-07 8.912885251450628944e-07 6.609510627519255867e-07 6.144978901236216785e-07 4.068963767599042758e-06 2.853342642626468487e-07 8.962500945266265540e-08 5.024774550340002760e-08 6.047283417880111951e-08 1.008807693877840291e-07
2.260023841483754857e-06 1.237798510755271672e-06 8.304591675630825511e-07 3.227547620589981915e-07 2.017675527351759203e-07 9.913518668764099944e-07 3.065190004371158986e-07 7.576256085687267115e-07 5.803132655483514465e-08 5.977900203050172536e-08
1.209234723001883447e-06 4.828318399094849415e-07 3.724871464605649990e-07 2.646986921870335580e-07 1.473274330433326062e-07 2.079855093566140389e-07 6.120898950085599164e-07 9.113621290799628184e-08 9.687819903181811396e-08 2.399938616007796082e-07
3.959498724309730709e-07 5.006902415665618025e-07 2.597611637720600244e-07 1.211067971680259839e-07 8.390084072635929327e-08 6.794974161203606686e-08 5.065058250538774065e-08 3.918646589721803833e-08 2.642900959827912125e-08 1.845306887978888430e-08
2.102356285082737871e-06 2.212093909060518171e-06 1.019199906348373849e-06 4.042479990308575997e-07 3.693433529837047113e-07 4.244780795359758929e-07 6.703302060027035445e-08 4.454447612557083240e-08 3.125748231294403966e-08 1.874606607188063777e-08
1.003286516611672555e-06 6.897087030784214404e-07 2.370348584551241887e-07 1.242287903987448145e-06 5.335596012704902869e-07 9.281325401166960624e-08 6.667884763019842735e-08 3.620135890801748246e-08 2.689476079687680106e-08 1.157883740381655421e-07
1.418918509494451665e-06 1.492550290437353816e-06 6.856011657825682763e-07 3.135132170487434400e-07 2.509079493312757366e-07 1.348228513707239320e-07 2.335696992231243202e-07 7.121354039055086840e-08 3.918951945117571685e-08 2.420783982606361341e-08
6.297806419073245021e-07 5.026499446720268081e-07 5.651634605037658747e-07 7.807507841137605333e-07 2.285747608936076063e-07 7.426654973239576400e-08 6.963397873211578842e-08 9.279180218869068194e-08 1.121042277430552974e-07 7.077018870759021263e-08
2.837546659557882896e-06 1.680557644489074427e-06 6.257728474244138806e-07 2.557995376464496316e-07 2.814111659463231228e-07 2.208600952370417808e-07 9.594286928534229397e-08 5.781625692091021651e-08 5.406617467729474283e-08 3.774166467558676881e-08
3.773353268720227925e-06 4.456795788535722729e-06 3.228729612433893424e-06 6.028429702501036209e-07 4.085568239604040357e-07 2.928885276242824738e-07 1.649151879307908024e-07 8.942010261327893447e-08 3.723451991317496194e-08 7.940297288080422436e-09
3.213494652345322520e-06 3.238047217960894322e-06 2.263262037788338894e-06 9.233660223567215845e-07 5.718359847553839369e-07 3.930663434493854231e-07 4.849915371717499267e-07 1.803723580354575639e-07 9.666879318538529073e-08 3.690089347497364460e-09
2.582473188618150232e-06 1.723434387575452162e-06 7.520981801640189639e-07 5.332559654297166219e-07 1.596246026520159069e-07 1.142119883386827359e-07 8.712976685927329947e-08 6.814067076022158128e-08 4.343386130751703440e-08 1.485718887319245373e-07
1.916855361716130762e-06 2.562996926752556514e-06 3.039166434521422951e-06 7.528054885702448347e-07 8.001215829632831523e-07 7.464976846166094234e-07 2.391456505695394120e-07 1.095232404941909087e-07 4.283100697968468943e-08 3.047223241530680299e-08
2.122836643095636711e-07 2.484011715327675113e-07 2.691904216897000537e-07 1.749672915661309919e-07 1.187270425811477121e-07 7.003006551140797054e-08 4.883797986058687092e-08 3.051236986246602389e-08 2.074449175122646475e-08 1.690960151160980174e-08
5.716363561314775313e-07 3.047844908550063748e-07 1.629498026510096276e-07 1.358644177488025715e-07 1.005647922319342050e-07 4.871704387402669736e-07 6.470971877619522770e-07 5.612477807932961515e-08 4.592224352335018611e-08 2.578833581276229525e-08
1.915774512729508784e-07 2.221823256144478759e-07 1.798881180310586670e-07 8.945090990474851383e-08 7.707526813512641139e-08 6.355376964337189246e-08 7.090429657251240584e-07 2.721602464505524572e-07 6.467249375813339837e-07 1.951680566188202971e-08
2.000655248689462786e-07 1.768315127437129881e-07 1.217597369322894818e-07 1.119009867367377360e-07 7.316849317625465109e-08 8.750753279889053419e-08 4.840297559973716059e-08 4.424655630021910519e-08 2.068914434618804902e-07 4.106528688767460314e-07
8.483028611937726516e-07 7.559710390243325262e-07 2.113160396402088934e-06 4.324989744529542819e-07 2.681930272403823820e-07 1.563040636718734802e-07 2.716179830912303009e-07 7.951327610545275709e-08 9.741223303062719980e-08 2.571099239065384041e-08
7.896172489879725548e-08 5.132772655840134868e-08 6.877602682156668489e-08 1.222357018143844066e-06 6.977080916495047340e-08 7.018976245460114822e-07 9.063779073859073886e-07 7.946264832279309442e-08 1.609330500224029811e-08 1.371943328661511699e-08
1.383712301642414169e-06 7.065098691863247419e-07 5.603670194529368599e-07 4.187410897626830068e-07 2.691629845412277977e-06 1.029064838077813481e-06 1.089062021386694110e-06 2.408294544036457138e-07 3.149104293851839181e-07 6.243065461586732004e-08
8.777729657260687676e-07 6.100950448560836970e-06 1.149652828488090417e-06 5.118428268819594412e-07 3.035178274961305564e-07 1.694758502722644871e-07 1.209578499953548734e-07 5.014771110239724784e-08 5.768567333347632491e-08 1.087251060667992448e-07
1.245191227695141304e-06 1.319003875169037885e-06 6.577442888779132300e-07 5.836493657689858901e-07 3.227513248257275144e-07 1.465173209469965038e-07 9.681669728720754970e-08 6.600589052806230949e-08 3.921165472303463892e-08 2.299473410237683869e-08
1.403409360504195779e-06 9.942503322903167170e-07 1.164977579058901982e-06 5.250193971966834941e-07 6.937066655316864539e-07 6.325001901219496960e-07 2.191526721111172281e-07 1.095196935895816657e-07 2.460838652029113302e-07 3.355396433963699024e-08
1.540518010935806779e-07 1.355172429694379030e-07 1.342693811898678897e-07 1.089954610671088676e-07 7.800594756080764690e-08 6.199134152508588364e-08 4.680508132935717166e-08 3.269674836006171901e-08 2.318797452452356496e-08 1.648080978666431930e-08
8.734872766598977865e-08 1.349840216831657776e-07 1.023795922986239635e-07 9.612583247461778208e-08 9.338293314905282941e-08 6.611222040821103229e-08 6.345806945843463629e-08 5.597134534870860774e-08 9.559156823964493830e-08 2.111178893956341534e-07
1.929781068400797431e-06 2.549109395227256150e-06 2.136760161867832509e-06 1.305624222535584892e-06 3.002157691356511905e-07 1.445437214701096063e-07 6.773829565949707573e-06 6.010545634245753517e-07 4.423990232619800582e-08 2.298739162938686683e-08
1.059781662660802985e-06 7.892752330233008738e-07 7.053593999882599696e-07 5.907623787925624034e-07 2.174560787646838782e-07 1.164979894346864180e-07 7.908776452410202396e-08 6.366466389211511428e-08 1.021413273438781410e-07 2.366319040524079733e-08
2.350908551790892884e-06 1.563670692484168209e-06 8.543285046753997999e-07 7.047064936229487389e-07 2.990677342323739893e-07 1.948434589923747353e-07 2.533969430510017671e-07 1.638023016685479711e-07 3.259913499619905178e-08 6.965096678180123455e-08
9.747114473908045697e-07 7.906714099337093535e-07 5.084256517975435193e-07 2.332482508059973828e-07 1.821089436820436459e-07 2.249273738826923357e-07 1.321680745959212842e-06 8.405774076693373373e-08 4.963145715937520435e-08 1.938674471296548684e-08
3.446595014452527859e-06 2.337182928276386164e-06 1.596992024385419888e-06 5.600772086924516114e-07 2.150026602725443060e-07 3.061133687436548733e-07 1.025746041559863283e-07 1.156219623158872221e-07 1.110259556825441781e-07 3.972877285921437759e-08
3.711413418345692486e-07 2.408876717691741590e-07 1.354493156466349197e-07 1.588673861482914475e-07 1.148562838402108782e-07 1.211417046616674882e-07 3.236478844882529950e-07 2.369374923882692728e-07 4.528595197722982597e-08 3.447303493686295320e-08
1.682775573443173163e-06 9.375325719172999556e-07 8.452953620486337626e-07 7.640643237182958893e-07 3.580835621968256728e-07 2.041496549693810601e-07 1.601657775541513919e-07 9.763410699580409358e-08 7.090787182183228503e-08 4.511472397919237296e-08
1.401830956321440031e-06 7.513378454676354233e-07 4.445821824867572789e-07 3.800061185686349486e-07 4.131683786569915026e-07 2.274128501969075106e-07 1.786036038883310361e-07 2.014710650142521653e-07 5.813769946029979343e-08 2.521225883132341817e-08
6.027489872850223504e-07 2.732603570673567195e-07 3.510961029626768820e-07 3.657486894420012324e-07 4.191245765595683215e-07 2.684035226492001561e-07 7.323459196695181442e-08 4.884742948669139535e-08 3.267370505118352810e-08 1.607400861895308843e-08
1.819401807868491035e-07 1.853492795856460249e-07 1.429746683070941060e-07 7.784827263678722411e-08 7.274370902960752975e-08 6.494901625748903468e-07 5.364407306114324592e-08 7.448086095275912467e-07 4.516180074956837734e-07 3.223295734448823781e-08
9.611111824478346914e-07 5.137123834854902488e-07 3.415066756829537196e-07 1.443804004560780033e-06 1.354171257571333162e-06 1.982891660587166180e-07 1.445978444959932700e-07 1.015913232623207899e-07 8.307788868020942635e-08 1.340395958298266520e-07
2.836932863282540958e-07 2.392485669640448458e-07 1.403562944392106680e-07 8.740308969603428671e-08 7.011684879172564938e-08 6.819486538400457983e-08 5.683791906219209031e-08 4.176673397041580660e-08 1.768263936850124793e-07 9.480904991021966411e-08
6.706583046667449888e-07 5.694064856342573404e-07 5.125207252534753198e-07 3.473032496436828092e-07 2.824241071505686621e-07 2.775384375606957660e-07 5.581907905889825115e-07 8.809269237579621350e-08 3.067493286589891197e-08 1.392101914314615320e-08
7.587335593499927547e-07 7.711634714165320213e-07 7.479764078102290954e-07 2.665185089897130212e-07 3.776911473331586723e-07 1.597246236760420536e-07 7.902811569253890711e-08 3.372521899648491739e-07 6.360326629108321900e-08 2.716910305828175600e-08
6.741110108055602589e-07 5.599269409699331158e-07 2.433539104407173976e-07 8.931497918592774802e-08 8.820038351692675948e-08 8.509107171873855464e-08 1.075819706976802603e-07 5.732193043715458244e-07 4.339148623719835917e-08 8.477657322200019352e-08
5.974563625310916591e-07 3.748988201932334241e-07 2.506745558942297423e-07 2.344084641175994928e-07 2.168245063302837613e-07 1.259942732117265149e-06 1.146529801083954044e-06 2.561427648740197183e-07 2.807302573187939447e-08 1.972800122120382218e-08
3.125567225376039318e-07 1.835121021607515888e-07 1.896507871061865685e-07 1.072277889075266880e-07 1.032676281762185037e-07 1.721898557035444927e-07 5.861891721549135621e-08 3.597871240057583193e-08 1.052759450423651948e-07 1.176397643881022684e-07
1.364639265501606615e-06 1.064047259876471272e-06 9.787156147652969577e-07 8.168142771651597483e-07 6.803300821435286056e-07 5.184252870118348707e-07 1.398108681861824522e-07 8.296169186536062540e-08 8.396547229681102795e-08 2.191080566318192564e-08
1.403548975600257183e-06 1.034964153639646593e-06 5.517137569001924980e-07 4.563335500932505692e-07 2.752019778647386895e-07 8.525564769462557704e-08 5.803899629529793970e-08 5.927683886629195190e-08 2.194405322847280564e-08 5.851636169743810634e-08
7.759116448520977267e-07 2.942941187179035056e-06 9.219025024553733696e-07 8.361892392198835767e-07 3.981958194099999780e-06 2.700751534222615286e-07 1.076675638350578449e-07 8.733170390915557318e-08 3.905888117788146941e-08 2.112186091790317869e-08
4.179799484875809642e-06 3.345984410860810161e-06 1.739133923346420725e-06 8.361048240091500255e-07 3.218406240923305773e-07 1.754470256618006397e-07 7.752707721430276816e-08 5.061247404019375390e-07 3.751680925517772773e-08 2.128189796019394025e-08
2.905329294138294345e-06 2.761069913666793378e-06 1.209792490641261872e-06 3.633190682063581446e-07 1.654071537280661830e-07 8.830918400664664696e-08 4.464115900991279704e-08 3.213504102632590913e-08 2.820941788854856839e-08 8.466984632624498909e-07
1.255732823334067947e-06 9.709184338909291011e-07 4.271071986718267938e-07 1.335300304713086959e-06 2.516252877024472161e-07 2.199933509021689182e-07 3.999875515222583143e-07 1.274765140732422056e-07 8.629279630504122588e-07 2.830366152595006814e-08
1.386253573511835546e-06 1.476668395824868003e-06 7.691760296044959196e-07 5.942340052356229310e-07 3.459650595186289466e-07 1.801772138527228028e-07 1.025982030525604972e-07 3.619241862409169144e-07 3.923733470695029746e-08 2.650848312705923679e-08
1.793875493609759143e-06 1.355393497238679269e-06 7.020282253168657218e-07 4.191552447730714153e-07 3.245286938319623040e-07 1.223095137677456291e-07 9.046022350546109354e-08 5.089037904426940221e-08 1.368678484544077483e-07 1.058448551601865391e-07
3.021771299139745388e-06 3.635588318674468353e-06 2.637174648489105910e-06 9.261288721884690988e-07 2.180749625978367741e-07 1.147909634221214601e-07 8.756511638083760769e-08 5.544909597408554305e-08 6.260091437772237674e-08 5.931636443886772500e-08
9.583191064647028756e-07 3.449314409701352512e-07 5.416948705304167557e-07 4.761343270416209644e-07 2.634254816280582437e-07 9.534216978359670294e-08 5.377027885622535280e-08 1.355036276599518677e-07 4.809562102089346819e-08 3.167233587912777826e-08
1.842344713939214711e-06 1.232874044945013225e-06 9.601164280397093382e-07 3.410908406243619834e-07 2.506777743677464915e-07 7.473120331521264315e-07 1.862185515514109781e-07 9.236780555392565729e-08 8.684027607259342088e-08 3.074788161544231764e-08
1.220592924048261150e-06 1.669219653324771569e-06 7.008215136631730449e-07 3.905420660446387209e-07 2.998343742476823766e-07 2.516057881606803850e-07 1.143823898328466870e-07 7.465356617687842783e-08 5.024765711311139760e-08 2.412301757056891314e-08
3.664271233791521426e-07 2.954032867502774524e-07 1.390715348950895665e-07 1.557076578037275212e-07 1.994090564661669917e-07 7.960037330519836523e-07 9.480118318713993072e-08 6.519368796757630781e-08 5.007306327404631139e-08 8.944714461200089178e-08
2.101053508014558647e-07 2.354065834308289961e-07 2.969915647348840613e-07 2.093789816704930655e-07 1.517980149113699617e-07 9.446574954073193330e-08 8.116352802128929282e-08 4.881535720151074157e-08 3.446352648554807577e-08 1.898169092232822184e-08
4.389448238767279424e-06 2.164957651147999771e-06 2.313587368441568534e-06 6.339487574459761078e-07 3.085871639020210736e-07 1.987033375008175019e-07 1.216946641415033167e-07 8.486851067352865042e-08 6.799147145729881215e-08 2.628304257588595552e-07
5.566616571932430877e-07 2.531036149886665346e-07 3.977022593525127290e-07 4.279761434096137343e-07 3.412342368314281181e-07 2.623066279164446150e-07 1.217169668178155381e-07 7.481524443405877764e-07 9.824015683008855110e-08 3.723275903047194995e-08
8.315923615836123036e-07 5.943229274356484412e-07 4.209995595617716923e-07 2.556860252197622899e-07 1.343136917155288173e-07 7.285923692539594883e-08 5.661577128855877899e-08 4.606136068441061552e-08 3.958273091919863014e-08 2.713328794893140885e-08
1.819834520181597719e-06 1.371048332797038174e-06 6.956892087878333813e-07 1.254490548086335932e-07 9.798601442468107700e-08 7.783491580153673427e-08 6.431697176650571703e-08 2.134356823668702626e-07 3.563699219586023656e-08 3.032835486477712846e-08
7.770311877999653197e-08 1.773515475188045932e-07 1.519165500308316074e-07 8.109511323661486750e-08 6.376279756986135173e-08 4.998301847883160034e-08 9.414358866498875610e-07 4.596045792182187953e-08 3.130032316412489839e-08 2.366242408073420410e-08
1.564276236531293350e-06 5.784586460411826011e-07 5.083493499489734056e-07 4.139789623552539811e-07 2.945771195769394053e-07 9.359312160322979826e-08 7.026886453875013301e-08 5.364591618988359352e-08 8.277181214587416253e-07 9.761141191792153994e-08
1.102126091139185186e-06 6.502026747053752606e-07 2.100568306735597311e-07 9.159256343826562805e-08 7.427058142957332093e-08 5.626252523927421766e-08 4.762345737769891214e-08 3.614319169579911298e-07 2.657974485559312466e-07 2.611046361435563591e-08
2.007968701713039905e-06 3.451222100006336869e-06 2.439879994361054768e-06 1.882433079710739206e-06 3.890593899089274693e-07 9.230707857683921670e-08 6.532172394486899342e-08 4.699060487485588171e-08 3.929020773514918805e-07 5.923096011752639379e-08
9.567870319319045466e-07 7.802208499397503288e-07 3.743427989007315944e-07 2.243112731588078121e-07 5.065721664696343320e-07 1.017520743323056768e-07 9.528385546772162581e-08 7.784053549855485377e-08 4.124855094078359590e-08 2.220383910760382949e-08
7.382677819205533140e-06 8.109226323537176533e-07 2.268903060312613527e-07 1.462690158784477309e-07 9.202877146950595497e-08 7.285881231004531662e-08 5.485506454998112415e-08 4.315828316645631673e-08 1.453320974921434818e-07 1.039675075738547335e-08
2.535188212108755965e-06 3.630396632088056766e-06 1.285498650211567432e-06 6.176266601455088913e-07 4.077704488056438354e-07 1.668922804419627532e-07 1.374614993261803701e-07 1.841053824441547250e-07 2.320024974206349649e-07 5.000230828853856956e-08
5.417779089186592771e-06 1.214545624571479883e-06 3.383043741853934263e-07 2.436733625174005241e-07 1.277856740554101547e-07 8.874615433018881732e-08 4.995142453801290612e-07 4.069464376989313079e-08 3.048326242450140075e-08 4.836509823152858678e-07
1.556791032593498560e-06 6.110890298912657220e-07 3.857067417007191900e-07 2.946770716833681874e-07 1.565704037046743014e-07 1.245577161522242861e-07 2.365322019691321159e-07 1.678179689157280247e-07 1.401611206988101940e-07 3.466145055678406456e-08
2.752718130790185854e-06 2.837318327444848593e-06 1.297413214778278152e-06 9.549491394369093465e-07 4.983057137996413810e-07 1.827589488746278237e-07 9.171306113837334541e-08 4.731747410601485379e-08 5.080193089478808719e-08 6.802786140738576755e-07
1.090861614944471482e-06 5.600855885682485768e-06 6.738594713655488875e-07 4.354127653236762539e-07 2.614827943905979213e-07 1.238537418980374650e-07 7.923183455685535236e-08 6.435115439444996342e-08 4.355509653622438430e-08 5.981823466902185484e-08
5.890855409446631929e-07 6.554311644818494891e-07 4.957550420691129665e-06 2.881787099379503461e-07 1.642797142784891145e-07 1.456619640558592653e-06 1.828055428970855834e-06 1.018102009338721090e-07 8.427757267530741112e-08 1.647793314288821352e-08
5.731182900208262409e-07 4.474160747045107250e-07 2.543404750648538343e-07 2.136532251866140999e-07 3.086534533287525251e-07 4.006246424557804887e-07 5.962098709505253598e-08 4.363680772755421553e-08 3.027438327814533407e-08 3.242540032662370242e-08
2.023436813151406715e-06 1.492402701044948492e-06 1.754067190661236119e-06 1.219344794382059278e-06 3.322100960973399692e-06 2.145729386907055906e-07 1.845080536344728686e-07 1.144792233820081970e-07 2.696102968699658202e-08 1.671690108084785712e-08
2.366802547412778603e-06 1.323702550774054772e-06 1.758356039693003667e-06 3.637082593802966737e-07 8.117637157744871038e-07 1.954893874394530663e-07 7.910031364139236363e-08 2.713731750337679250e-07 2.369989361951168812e-08 1.069352675537158701e-08
3.556728768401044621e-06 2.046443913436842796e-06 8.389304593055969732e-07 2.560742813362336004e-07 1.025990199807252996e-07 9.836457865686581734e-08 2.551963432635083279e-07 5.485386567590021320e-08 4.133938201000349199e-08 4.336034293001453732e-08
2.430870000868245943e-07 2.229377290710494451e-07 2.264750168756376468e-07 1.501293237139388597e-07 1.034473062787845608e-07 8.544136011855918791e-08 1.813191527092935376e-07 3.930437436430496553e-08 2.983796424775797816e-08 1.984051434018214566e-08
1.045951613524138635e-06 5.578573874880676813e-07 2.946714926093452750e-07 1.590563174352300163e-07 1.374501399287261826e-07 1.086283017086286024e-07 3.394194876473614966e-07 4.967042604525107180e-08 3.459315230176606175e-08 2.316028976851278103e-08
5.025299375172604923e-07 5.233360402755310377e-07 8.388515473813495034e-07 9.236793118768892294e-07 5.076629792893226197e-07 1.178385205168272044e-07 5.910930215455252379e-08 4.355413208603104186e-08 3.442478791089171454e-08 2.995166897363222120e-08
1.004521050090418009e-06 9.925689436948773788e-07 2.567133606690167200e-06 4.887554024484938743e-07 2.778211589850695664e-07 1.672865449921807195e-07 1.307591557373410883e-07 2.948810544038667545e-07 3.905073170563333713e-08 2.703110428137788551e-08
6.890820757019338575e-07 9.128386293655134737e-07 2.810390058932136419e-06 2.302499208189445764e-06 3.192615375086045116e-07 1.884937273104796713e-07 3.688496907978434258e-07 4.881111627574697359e-08 5.778913433530485964e-08 6.816668508230285601e-07
2.420108187550818932e-07 2.709878224147997706e-07 8.050948619722704172e-08 8.876099994215475338e-08 3.979325073044471651e-08 3.081484903933351329e-08 2.712643532692754363e-08 3.503662697595458905e-08 3.210355641206993331e-08 2.655015672074498649e-07
8.121070492552440346e-07 6.659809886625300295e-07 6.070348388072409578e-07 2.783267123526317958e-07 1.003264532044663518e-07 7.579636748505064495e-08 6.928622792462097206e-08 5.921207099718021331e-07 4.371165355265123877e-08 3.330719923226722948e-08
3.496602444084130788e-06 2.818236528066730441e-06 1.894985637864284632e-06 1.335408608361111372e-06 3.542780722199519182e-07 2.119605825145987143e-07 6.944030245327917528e-08 1.407990059634956172e-07 2.976143433828610304e-08 4.171899931384432669e-07
1.084751997987007485e-06 1.254026018693059425e-06 7.683274310007320451e-07 4.927035069979982238e-07 4.009596526182800201e-07 6.676783846656853322e-07 1.445149371193760628e-07 7.129258083097072797e-08 3.831403287973413495e-08 1.748840896499099556e-07
3.388421493013778122e-07 1.682095574656229875e-07 1.898672692650824401e-07 1.426589234096483133e-07 1.356344985056264334e-07 3.648855584715841778e-07 8.161731066435554364e-08 4.864795033287818831e-08 2.826941841459019306e-08 1.925236246778380067e-08
5.581809531253445200e-07 2.352914523910321356e-07 8.906830013373145784e-08 1.048575454270936415e-07 9.119064416317947267e-08 2.391760987820699492e-07 1.914776926007092012e-06 4.864480789670667615e-08 3.762644153984265472e-07 3.327784167806031747e-08
8.882619562886395951e-07 3.702821710580983520e-07 5.077466937992792398e-07 1.545268681286545528e-07 1.227282029380704375e-07 9.546583205217065385e-08 1.079202017916899361e-07 1.684530502844241634e-07 5.049873089210664323e-07 4.801717265701393776e-08
1.110047702666339213e-06 6.959113357776047415e-07 5.427173973076937304e-07 2.321482909878095204e-06 5.576244080795669815e-07 2.691478922260200228e-07 1.169272683634555029e-07 8.340825994459565929e-08 7.456480898808118928e-08 1.294071093115582663e-07
9.685102438654577301e-07 5.021995194184786253e-07 1.730561970977481956e-07 2.128010779686807906e-07 1.791674420339858942e-07 3.703605871602451879e-07 1.921169510056329874e-07 7.156092392847860617e-08 2.764041955229690048e-08 2.520325243430160685e-08
1.227020427064235748e-06 5.084428687742159002e-07 2.992088452374332708e-07 1.935282493314027400e-07 2.228302307694264116e-06 9.728143564177612415e-08 5.176542518228567955e-08 8.794949827497600699e-08 2.245514954156920853e-08 1.222794984455887552e-08
1.251333727615678222e-06 1.663869732407138208e-06 1.543495169688380999e-06 1.214476590309361180e-06 1.161126672036898628e-06 2.489599328717785834e-07 1.283576701578320275e-07 6.389307211214491054e-08 1.253518200019957737e-07 3.107360922413044535e-08
2.073371403556268927e-07 1.449143164987551062e-07 1.306579954134320562e-07 1.023943838488683716e-07 9.314782690783938996e-08 3.690105018980646287e-07 2.217378327799835623e-07 5.261814058293233597e-08 2.884236308886127791e-08 5.750945241559942953e-08
5.909554394259478463e-07 6.371414511835258038e-07 3.678905522838609484e-07 2.824312037289312938e-07 2.250047963356380990e-07 1.120867257949068422e-07 6.854927815690912441e-08 1.357032313056792813e-06 2.554983023016812989e-08 3.345604585698254472e-07
4.802536531578069313e-06 2.739875669304588343e-06 5.224762554238097833e-07 5.129881186020729168e-07 4.599899161430889495e-06 9.968693873440405951e-07 9.332465519878011985e-08 5.305308548551957252e-08 2.231084612675839216e-08 9.574800546603346092e-08
3.045498110593370005e-07 2.258669892316995960e-07 2.372326259603207258e-07 1.464656336272982027e-07 9.308553526513519378e-08 8.318095140111273319e-08 8.280832289606726055e-08 3.156192674371714433e-07 2.900929439338578749e-08 1.994056659382129882e-08
1.142638951853409226e-06 9.666968322414221148e-07 5.918807279476988626e-07 3.130574589293738828e-07 1.210606896552385207e-07 4.142539213988898802e-08 2.864433580520151297e-08 2.614855424869760324e-08 4.134276608735152723e-07 1.758429913416972091e-08
1.740326907548861227e-06 1.779752428220703863e-06 1.383935382862599315e-06 5.759613514510192704e-07 1.459040799665253437e-07 8.916757259414188129e-08 6.389324367444195248e-07 2.890049164652421522e-06 5.831903575236590690e-08 3.128901216718765461e-08
1.320421403280991661e-06 6.241919318544266413e-07 5.929125722857193995e-07 4.230882851568819215e-07 2.704013015244105323e-07 2.413735899473554693e-07 8.336758958827493055e-08 4.852625614042146223e-08 3.188998869211174534e-08 4.351139675770058322e-08
2.456993909752129019e-06 1.938303683071404088e-06 1.637594964041334939e-06 9.496314161986263827e-07 2.347017449949735288e-07 1.450698688690728626e-07 1.488786975538988575e-07 5.095030138445859490e-07 6.042338796842780485e-07 3.165998110753630942e-08
1.085553762682147202e-06 8.425969500754339369e-07 4.760360314029626055e-07 3.001523208922424799e-07 2.655272490707158121e-07 3.715203917989011700e-07 2.270243416055885893e-07 5.298286640361774633e-08 3.717198704996407019e-07 3.003375799570671930e-08
2.910017349004709741e-07 2.195428865160590113e-07 1.689602357394371091e-07 1.800166148787674263e-07 1.216655570151636435e-07 9.269487940864467447e-08 1.162551858090990139e-07 6.122981392137862150e-07 4.388865085023961321e-08 2.167663458287466022e-08
3.345001343684411148e-07 3.292360623082526114e-07 1.491126014875259082e-07 1.360208558161067165e-07 6.140243935032133959e-08 5.996855325336910652e-08 6.438977719796973943e-08 4.860407186701705096e-08 3.699491993879905289e-08 2.186792832089371041e-07
3.407571853754708008e-07 3.141110306790386553e-07 2.781346554823350383e-07 1.710383687751818266e-07 1.740117271553264922e-07 5.807328167846229613e-07 7.022163789206528036e-08 8.151898989505193397e-07 5.692074307316271906e-07 2.413779295512029447e-07
6.033361633208302518e-07 7.773223956667217424e-07 4.073315911834169738e-07 2.992544001514819521e-07 2.282817498726693421e-06 6.659472526968819992e-07 1.516766764153183112e-07 6.505326541093685846e-08 3.209209816192856428e-08 1.729789676156146020e-08
1.280282646082031319e-06 1.349209041867353702e-06 9.116905571629701336e-07 4.494250149748584648e-07 2.494912056168494902e-07 1.493244041201989555e-07 9.653136991330861648e-07 8.927698274651798282e-08 2.941995705368115401e-08 1.220594703896130524e-08
3.604101479431977808e-06 2.248299182993494611e-06 1.416764533133942506e-06 7.386010219773671849e-07 1.085829097962269592e-07 6.147134878546138126e-08 5.430422214946791599e-08 5.360600242975515354e-08 2.454673249790328952e-08 3.029226281729669263e-08
1.799007522054450055e-06 3.855392314284042372e-07 4.172660624172614386e-07 1.771002304763389459e-06 1.620750920528817922e-07 1.043599522414639741e-07 7.259058020061734789e-08 2.047171675793140392e-06 2.273901106200161021e-06 3.939587384213118752e-08
4.283552501379357488e-07 5.223817391386697804e-07 3.561931100385942826e-07 1.968098705207235678e-07 1.084495231718043132e-07 8.741297289717222311e-08 5.260420138120335994e-08 7.351426159699010454e-08 2.793738939051106941e-07 2.582003838979474977e-08
8.064559794497531158e-07 6.511337734140991708e-07 5.014257044392623309e-07 2.660942328167810281e-07 1.606253457231901971e-07 1.046214963054559959e-07 1.304244507816013147e-07 6.881683742336017394e-08 4.303504440552439734e-08 2.991491197843560122e-07
1.390170759675407939e-06 8.183003554599254232e-07 6.230953087407303530e-07 2.107036881789948553e-07 9.823606246038855259e-08 6.193258700612226163e-08 6.324927224919848949e-08 1.333816526209837073e-07 2.601314995122048189e-07 2.713110552335734919e-08
7.374208557577325025e-06 1.213206303378003890e-06 7.842971790846848578e-07 6.103900094779428747e-07 2.923807066868570002e-07 2.070888200268239101e-07 9.996545716387555585e-08 5.125846681198007472e-08 3.411773829148154430e-08 2.222836573018178042e-08
1.431912520062943969e-07 1.342567515799832906e-07 1.359945105523277026e-07 1.174931098322409366e-07 1.526955794655101845e-07 8.199780004295185612e-07 9.661873015177952918e-08 3.435207761585269186e-08 2.727733652323354107e-08 1.134752204647582590e-08
2.420446301155201715e-06 1.395055052996706207e-06 9.667509854811157438e-07 4.439819887795792611e-07 1.299640375753671804e-07 8.433370613016643646e-08 5.088867713112169902e-08 1.002547234975662457e-07 2.600430137374666568e-07 1.726693312488980033e-08
4.102290497248831524e-07 3.559456828771424946e-07 1.863658995987037389e-07 1.377756229578620173e-06 1.290544458587708767e-07 1.253955625427847616e-06 5.080909329797952882e-07 5.302762792449152317e-08 1.066414250565763762e-07 2.336892742440482150e-08
6.299232707355433162e-07 3.538976851091498095e-07 2.726420168586298265e-07 2.044054809519047884e-07 1.349400739625361494e-07 7.483506485112137873e-08 5.866514222612912534e-08 4.219488520998492839e-08 2.785027151011463889e-08 1.876051751833434091e-08
2.316635725908674792e-06 1.776430715624869525e-06 1.869320499497809703e-06 1.169435306505957490e-06 8.056692164210144464e-07 5.923268734945723701e-07 1.553750224145553684e-07 7.717191660901292785e-08 5.597436377790241486e-08 1.438531189225417943e-08
3.558851090419306890e-06 3.853062694348435465e-06 8.372845532214937053e-07 1.415245972822109767e-06 2.634001175684156375e-06 1.213848137259404633e-07 8.237805772476394630e-08 3.406680044215698379e-07 6.549938688998853609e-08 1.261417426022455765e-08
1.429908776824515560e-06 1.167375679630402799e-06 7.996029272279902103e-07 1.206407880586303501e-06 5.742380315564301738e-07 2.931081704574936530e-07 3.319786643176997807e-07 1.527396512451778501e-07 4.876720766632406004e-07 1.125461913696129235e-07
2.451333404294692802e-07 3.093362230419575120e-07 2.294195494710730631e-07 1.404273478624215032e-07 1.048551862792560901e-07 2.636242208426370408e-07 4.696886740604665851e-07 1.125699266089004117e-07 3.823464625757202306e-08 2.855642434487412372e-08
3.657291600131198556e-07 3.347660481840807307e-07 3.163747615369071652e-07 2.763653281235218870e-07 1.411801951457294836e-06 1.272906022427129867e-07 5.741936405091794078e-07 4.316532553125208718e-08 3.313552856951524287e-08 2.863871630167374019e-08
1.317847938546496707e-06 9.480033225209971004e-07 3.278750130767251546e-07 1.136897257745121859e-07 1.028083675601978370e-07 7.870686540705296350e-08 6.440287529427661757e-08 4.614860681527631753e-08 3.349824954488991895e-08 3.611758069157839799e-08
2.308719573803646784e-07 1.496082400574382529e-07 1.708951073723964871e-07 1.411327601474046706e-07 1.828523324655151614e-07 3.608590589206244808e-07 9.998616582188114672e-07 1.223022591416502648e-07 2.180003347293986135e-07 1.017788907861351684e-07
1.565719652882520268e-06 1.465492510272485551e-06 1.272676950941287318e-06 9.764722854073106541e-07 5.539358613512319160e-07 2.349229941890488038e-07 1.529265589403363411e-07 1.021337761094159455e-07 9.972382855265032400e-08 1.851487197181346287e-08
1.807644629732933442e-06 2.846723255269714314e-06 1.327767677658329228e-06 9.313695912259306928e-07 6.422924470101155838e-07 2.023208795883853356e-07 8.128877979784805734e-07 5.256640569900719893e-08 4.533369765217748470e-08 1.706663989486733032e-08
2.254013142426522978e-06 7.917234117747269163e-07 5.380215513653566612e-07 3.693774221726692627e-07 1.997744165416849545e-07 1.390242017379699404e-07 8.316784506354245117e-07 8.616746363931048356e-08 4.642135008346546357e-08 4.087043704117232044e-07
2.600619443374924676e-07 1.782952669568370921e-07 1.725887382383939690e-07 1.195121820640863177e-07 9.311614421894068351e-08 6.204588143121355828e-08 4.560443636048726569e-08 3.610631178846371829e-08 2.731862604973992653e-08 5.267383613251620658e-08
1.765075917822175110e-06 9.578406350141427834e-07 6.547420251628739922e-07 4.620479895568575606e-07 3.838320463431267209e-07 5.725900633898572745e-07 1.537396291184292381e-07 6.069256975314381100e-07 6.587303015254052229e-08 7.185425941584016069e-08
1.097017379259958522e-06 5.258229215926383947e-07 8.072167464788758468e-07 2.676282232197208570e-07 6.315698632223552173e-07 3.055472908051842218e-07 1.286874854717275296e-07 6.923697101672800128e-08 3.328723887664989297e-08 5.183168954690430632e-08
1.015612600119851173e-06 8.420775616912212107e-07 4.253516866952277639e-06 6.033612836121046201e-07 2.520186851183431525e-07 2.068455004241071840e-07 1.309441730138771294e-07 8.731422657465324676e-08 5.725856321815829838e-08 3.468046536086106553e-08
6.387990589671110909e-07 1.959510226248389263e-07 1.533024117179899267e-07 6.276910853468657056e-07 7.395896785766892702e-07 1.934401062989169786e-07 7.041043290583683177e-08 4.679020762364457807e-08 6.715047700378278457e-07 1.773159763722373339e-08
7.890587332459043147e-08 7.514918394999069756e-08 7.241201755388303227e-08 7.191881824940395296e-08 8.076523747896463509e-08 6.607888608535997260e-08 5.749391900201768130e-07 3.698407062561071102e-08 3.321069338787428357e-08 3.636082744646092684e-08
6.844178424377422767e-07 4.147868750975421076e-07 4.288060843361819988e-07 3.778895305489341474e-07 8.638869688581122985e-08 8.695286043062622286e-07 8.731975350233334438e-07 9.470446598806323635e-08 1.978802784575295168e-08 1.404950012635829009e-08
6.580030887301487211e-07 5.527605453944804484e-07 1.365423528079422143e-06 7.961400365525107561e-07 1.011472590234712051e-06 1.822169708733894297e-07 2.301175898314577461e-07 8.639164048638545729e-08 4.089310365786359423e-08 2.183103717535623552e-08
4.465224967292818736e-07 1.512245849699637709e-07 1.131382058948289315e-07 1.168262156977943470e-07 2.247471922264671516e-07 2.170366336380271069e-06 1.275897738154801660e-07 8.376773587003594175e-07 8.082436866114520348e-07 2.995851155208181783e-08
5.537872479510680786e-07 8.021952231340468344e-07 3.169780831071717481e-07 4.819168597931422277e-07 2.467148120048137434e-07 1.422078225822122138e-07 1.087794479121375186e-07 7.533479988126109012e-08 4.624547877913004317e-08 2.948142615740127507e-08
1.920666815611444014e-07 1.813265241577216245e-07 1.388275266749979403e-07 9.497180430379349049e-08 7.340281551657902020e-08 5.862555645507407152e-08 4.824504990960026538e-08 5.195434597155896396e-08 1.789737862833660743e-07 1.635920131879583059e-08
2.315669614892221532e-06 1.271610239094994543e-06 8.804999485811851978e-07 5.038532348753129757e-07 1.753388310854059367e-07 4.391177570252091765e-07 1.717675463002571717e-06 1.922271858900361702e-06 2.745638632872669579e-08 1.559475470125101265e-08
2.136512838928956687e-06 2.200998140572695286e-06 2.093813244282250802e-06 9.247482369171797416e-07 3.682343367375033435e-07 2.094388316679615490e-07 2.466890879157181781e-07 7.921055430363818078e-08 4.920887561854515193e-08 2.505637620527409066e-08
1.517780817941443321e-06 7.394920921021648573e-07 5.417507212097016528e-07 3.668340965291498386e-07 3.720375371304565211e-07 2.453077408252292642e-06 1.566208595152665280e-07 8.185198019907323442e-08 1.551606901305694763e-07 2.111606607027222217e-08
7.685736751190839877e-07 4.542363355618252173e-07 4.439566694431481032e-07 6.018341347699016481e-07 1.389078856121840952e-06 3.804585200076989427e-06 4.164674996248669551e-07 1.931572307875514359e-07 5.266203073062503227e-08 3.111972807196794530e-08
2.100582242703181567e-07 2.703480884658924019e-07 2.058056091970026262e-07 3.648356922948378949e-07 3.073920148948959221e-07 1.665526796430399606e-07 1.255823309404130607e-07 4.081970700803949425e-08 3.085525036958013627e-08 2.033654193307771518e-08
3.509899777790427418e-07 3.359710530717485263e-07 6.579635176664389547e-07 2.549646682569184804e-07 1.921566542671569990e-06 9.708842209045603588e-08 8.195292513137024271e-07 1.288914978131177369e-07 2.546095896300717836e-08 1.452035123472709164e-08
7.937709545510255442e-07 6.998025104337957005e-07 5.282383573551590020e-07 5.133903976157857835e-07 2.948960823432389281e-07 1.539622814056616803e-07 5.079987740753459851e-08 6.797671904473358102e-07 2.661070382400497137e-07 2.282405983002140758e-08
9.520865332738665248e-07 1.296708888624899098e-07 2.166561553933646528e-07 8.950192063022929647e-08 5.817733352997766483e-08 5.161575901987867515e-08 4.365887452275959869e-08 5.034323778125552740e-08 3.310703372173966878e-08 1.527496939448724121e-07
9.857132780091634236e-08 2.701360111221239840e-07 7.906670795998576861e-08 1.019716258067895229e-07 1.020385694327580031e-07 5.257690999721061396e-08 3.932402177833818350e-08 5.639923878799942679e-08 4.197975969467909308e-07 1.493106495608810541e-08
7.476852071058566221e-06 7.504339340630937337e-06 1.272713943431479406e-06 2.704929464746167288e-07 1.233157448905363361e-07 1.241769581332514851e-07 2.938189648782115728e-06 5.369397377675195703e-07 6.372097236726387373e-08 9.023433471009641935e-08
7.579009558551888691e-07 5.849042669396929715e-07 4.525859727456262203e-07 2.807010806451679154e-07 1.402150058479853367e-07 9.436171717264257357e-08 6.059196954861080998e-08 4.633523903226648307e-07 2.494800507204225757e-08 5.412283139204373565e-07
6.361282275793080340e-08 7.311406367183452419e-08 1.594769557484977515e-07 1.077131594574009025e-07 9.400509545897946759e-08 7.936579471682780157e-08 1.051528822955825603e-07 2.002715693083805092e-07 3.154616964792228313e-08 2.301204156941328083e-08
2.453639117619326794e-06 1.823804078967442263e-06 1.173643508580850024e-06 5.655658315426470710e-07 1.346870327097923055e-07 4.868458841625500100e-07 7.766745914974722538e-07 5.290385364956289687e-08 3.023517343686541970e-08 1.885272177835792187e-08
2.390405744349427450e-06 1.174241804334347771e-06 5.495849625329040839e-07 3.810406035726649397e-07 3.566274005364189009e-07 2.202626547092512930e-07 1.200307222324301718e-06 1.188011994862700081e-07 1.509103228170664066e-08 1.905164101606859685e-09
1.491574890598311475e-06 1.003006227054015719e-06 3.183371054696916913e-07 2.069415306407525951e-07 1.740262063917901189e-07 8.250848851567208012e-08 2.563532460987789292e-07 4.828260207687401086e-07 4.553172418607303972e-08 1.528920546874690403e-07
4.944910420682467126e-07 2.186216726936909582e-07 2.362962608688844954e-07 2.161570334865072783e-07 1.275694379292382551e-07 1.222966564776013763e-07 1.035071542641869205e-07 5.923427494453935761e-08 3.646358914185093957e-08 2.405629888574617072e-08
6.741177961397751563e-07 2.345207966195259201e-07 1.803227188088581010e-07 2.080255075769143499e-07 1.829741627650989340e-07 1.484660048487095849e-07 6.459246928341393618e-08 2.748088541855137770e-08 2.005631050832097947e-08 2.538600611403609373e-08
1.000221902382013351e-06 4.939257078497067336e-07 2.204543847831631822e-07 1.115093700437941064e-07 1.488344436135717280e-07 1.667397169386643875e-07 2.204724306601352855e-06 5.062656627142578659e-08 5.820778622556063086e-08 5.763836926636848598e-07
8.664890424707322517e-07 3.749874864888072398e-07 3.339129175850291895e-07 2.575543172074743310e-07 1.933481506648287925e-06 1.874305997688099329e-06 1.100590759294869465e-07 5.317673370094509997e-08 3.311973454948315310e-08 2.481583767795888738e-08
1.130121274743121963e-07 1.152862972503350781e-07 8.661334716345670992e-08 7.455337332918692315e-08 8.908659019368119442e-08 1.048244020455912988e-07 3.978991794806939728e-08 2.693222986426788936e-07 3.155001722855863578e-08 6.254209930144705688e-09
7.113412266980240918e-07 3.658950748334566359e-07 4.417647493657119029e-07 5.428090388255380891e-07 4.544904708601164295e-07 1.670659492475062785e-07 7.132118901535734713e-08 5.209453771873275318e-08 4.990198380114707839e-08 2.624633051855121603e-08
7.763666242169105187e-08 1.208523239256743278e-07 1.232741683294141273e-07 9.846560386237074747e-08 7.511318412251739793e-08 6.037775607367843437e-08 3.991874117980585296e-08 3.254559038230247827e-08 4.855475871257390088e-08 1.802814586045635641e-07
1.532712614454412818e-05 7.115151972293800713e-07 2.928114387063441244e-07 2.621709134689355458e-07 1.825424967905098500e-07 1.201763701619392751e-07 8.440782959099766349e-08 6.202045542258382908e-08 3.260684586512571226e-08 1.182684084282023740e-07
3.381536470960319783e-07 3.666300014965646993e-07 2.530329878641062918e-07 1.601613441786912926e-07 1.489241609950506995e-07 1.577304116212886932e-07 1.245140014140454569e-07 1.168047309630056074e-07 4.558894768189782430e-08 2.742858593377740977e-08
1.491078507447375452e-07 1.851120887651212598e-07 1.272875054358022356e-07 1.318599585267004365e-07 6.383630986501365073e-07 6.804171862350921520e-08 1.111768923091177875e-07 2.144996800549781613e-08 1.022178992999475354e-07 5.418955773944784353e-08
9.170162676135997723e-07 8.930724521561910655e-07 9.574057930952472474e-07 4.797823665201250599e-07 1.626462347391739937e-06 4.695397007444996402e-07 6.592789226453421125e-08 3.471892692031642894e-08 3.699509031656750990e-08 1.698932815738196361e-08
3.943025857211084605e-07 2.618684576524337082e-07 4.221913666709642080e-07 2.689007192843636710e-07 1.378625533343055966e-06 6.031615052792090478e-08 3.999510908114188528e-08 3.502081057101250983e-08 1.970517585209328053e-08 1.413550540621334846e-08
5.440129143868000783e-07 2.733012441164003843e-07 2.851842306760406675e-07 6.264332879625519266e-07 9.340750523824607153e-08 1.062202907495405542e-07 4.443133750494775370e-08 2.257868171434829741e-08 8.146484712302836858e-08 2.499304578476093850e-07
9.835440421703852063e-07 6.023607718455344860e-07 5.113832480483904565e-07 5.146701046749250595e-07 3.337755292406836667e-07 2.185018910634570168e-07 1.355772574164447043e-07 4.599063389042212080e-08 5.661443122934843007e-07 5.527132291052960994e-08
5.512380870012929962e-07 8.083722610337228444e-07 4.368580037491319967e-07 4.136246388521991171e-07 4.174505799117116470e-07 1.328330681229735842e-07 5.655486252152708100e-08 4.347309725082044105e-08 9.262073514828984391e-08 1.800863736006956940e-08
7.099789214766869144e-07 3.507277460607176452e-07 1.883339113728248528e-07 1.564217601050324285e-07 1.026072879365622212e-07 6.919155006786782398e-08 4.794753690792208729e-08 2.902654371678807481e-08 1.929167489703512882e-08 1.228960856971017345e-08
1.006861712270489669e-06 7.187465405913837356e-07 6.330692885094094913e-06 1.616510276076737065e-06 1.827343565193337618e-07 2.176048440169439001e-07 1.829925499584811829e-07 5.612543442385039719e-08 3.241792504244575282e-08 2.267190026806401812e-08
2.645609260124514955e-06 2.168126899364063126e-06 1.338699598462819240e-06 7.319662563166874410e-07 2.778598457778571907e-07 1.665138442164272358e-07 6.303912213779447818e-08 1.520986535946439722e-07 2.742690485334754531e-08 1.335757137620919893e-08
2.397302903197909197e-06 1.659560299401556977e-06 8.931274570560586962e-07 1.815363593409480961e-07 1.121615400668021875e-07 1.377341019880559426e-07 4.484938212724670518e-07 6.396105849057583194e-08 2.483738574970103943e-08 1.588706918600546141e-08
4.501300004186970891e-07 4.078323723411195915e-07 2.689779901717090682e-07 1.842213310545329095e-07 1.209701484880732599e-07 5.634803129277644324e-07 1.766609411226762256e-07 5.932095429429479231e-08 2.900620998078419657e-08 2.028589379482412877e-08
3.087758192246673639e-06 1.962665376920530889e-06 7.235458416071181622e-07 4.810075664106264873e-07 2.073610885187270281e-07 2.590628480169075184e-07 1.696708201964252344e-06 2.561017449719209961e-06 4.444482112948391937e-08 1.275048153811706461e-08
2.622841691519711828e-07 2.105663440602393535e-07 1.334529123833694635e-07 8.048575043121016976e-08 2.986249500724017487e-07 6.631593778927913681e-08 4.928775468013072191e-08 5.683105093159745815e-08 2.339105211208434034e-08 3.976575181234845641e-07
2.221351655687803343e-07 9.777155459342304450e-08 7.566225333494561065e-08 5.426755793235781959e-08 4.055737481448386387e-08 2.862405931674597649e-08 2.265119893233915645e-08 2.051092164334628472e-08 1.301202051984150284e-08 1.077603239148797607e-08
5.073961164104276937e-07 2.403483063207636488e-07 1.146536972953296641e-06 1.102967827530263524e-06 1.382714648011878682e-07 9.245690276946221971e-08 6.104747530295280147e-08 5.095483700200432446e-08 3.328349993464503044e-08 2.363706700426610131e-08
7.291506445982889584e-07 1.142819925593475810e-05 1.253786629039447654e-06 6.514400112833002299e-07 1.930404841416550593e-07 1.157107978429267047e-07 7.612048477893422943e-08 6.175045066084354963e-08 2.418401340989351523e-07 2.329846015917051620e-08
1.988320627093388510e-07 1.277555938799147682e-07 1.465180977960268698e-07 9.254397579428451311e-08 6.025121686629755097e-08 4.191550691479808206e-08 3.568039926904882957e-08 2.415521333981742445e-08 1.558062947298136129e-08 1.146622589341707743e-08
1.746745369565953829e-06 9.795307409230531167e-07 4.744584878446575945e-07 9.285239835971254596e-07 1.610730320614237344e-06 3.659588022849395786e-07 1.700040180582657857e-07 3.236037199840504826e-07 5.737094698269093234e-08 1.408020651175064886e-07
1.524335888247872032e-06 1.999224584079238751e-06 5.398413197292313791e-06 5.843085388437167202e-07 8.106924961097207472e-07 4.442866451179166436e-07 8.734068510330143226e-07 8.751231792905517907e-08 2.813836513809338690e-08 7.917975971405667334e-09
2.070085163958746541e-07 1.634921867824557697e-07 1.817342222210253489e-07 1.314790738829995104e-07 9.395745005198420203e-08 2.871181790222656950e-07 2.905970379888108241e-07 4.883043258617570969e-07 4.193801465850026044e-08 2.329241866121160900e-08
3.513556695737925097e-07 1.083267780544940425e-06 1.577480617743032842e-07 1.196660587096978372e-07 1.021798233205599355e-07 8.080456235241462283e-08 5.855168384788350267e-08 3.756034269329392292e-08 2.606541334507979146e-08 5.933826444287443537e-08
1.325279173493077344e-06 9.256401405935835376e-07 6.638768562846893782e-07 7.765652734693763496e-07 1.340294519805220040e-06 1.357205989530424549e-07 7.589967128213231062e-08 9.962341599617505567e-08 4.163232052553223631e-08 2.609711729828070976e-08
2.894174033917639178e-07 2.882907645958248008e-07 2.049713334322457634e-07 1.422454514102425763e-07 1.065947196151185355e-06 6.766701363527735795e-08 4.373940033997362122e-08 2.570681946825058748e-07 4.786565487295273991e-08 1.020133595151481077e-07
9.170970556555083848e-06 4.484795643172899967e-06 8.847046664423828217e-07 3.476533034789249058e-07 1.944533505073977229e-07 2.646006265185888492e-07 8.103780923715414683e-08 3.753321205944977245e-08 8.326406957608195283e-08 2.710289196360759657e-08
1.534367285830793518e-06 9.384988184296440622e-07 8.060930919685487469e-07 4.501721437800423343e-07 1.384171369618822024e-07 8.819405091473013471e-08 1.511829746957789848e-07 7.922209396113251194e-07 3.140712762375591142e-08 1.840369136447346102e-08
9.693682402845481973e-07 4.726375429364546453e-07 7.087796295250983843e-07 1.778080654796596411e-07 1.152946232194746375e-07 5.570478469475274078e-08 5.628782663620760967e-08 2.991785537293222095e-07 3.581963276935649058e-07 1.644515913797975839e-08
2.294866980285748535e-07 2.396505620094771662e-07 2.118157544664653089e-07 1.285506080260795935e-07 8.670297682288880035e-08 6.836669154564850997e-08 6.792783604823382649e-08 9.964626615699628934e-08 9.597363816371584499e-08 2.077380037307551972e-08
4.772301905925953607e-07 1.857410446818883856e-07 2.804027161828925204e-07 1.854909204178996434e-07 1.455614956935699907e-07 1.038008336189272914e-06 1.173385050088099173e-07 4.710416139566757665e-08 1.321132660970032176e-07 1.950496456976841167e-08
1.515359656984129790e-06 1.219178607307693948e-06 3.583738076453522765e-07 1.463025211414439865e-07 1.399995961473762682e-07 9.580704655346678641e-08 5.097782844981570153e-08 4.065622728136722554e-08 5.099865458315951264e-07 8.652100124282470669e-08
5.425419702989759346e-07 2.387685494338034148e-07 3.728834890567187472e-07 3.141830814604347531e-07 3.140643734051611924e-07 2.226507830256321500e-07 2.622630224731567049e-07 4.536985482183907892e-08 4.374101571368231619e-08 4.189636735818236727e-07
1.862861948314771861e-06 2.124158864090434524e-06 1.978238881889877437e-06 1.132212417067416389e-06 8.733488664493599627e-07 1.446601489318252140e-07 1.416220440694137114e-07 3.338839418496550022e-08 2.203593391482208068e-08 1.417244038760735961e-08
4.275914633753976362e-07 4.493003114302175594e-07 1.001487123913202363e-06 6.139823618821358299e-07 5.494686573364530356e-07 1.421345077773498564e-07 7.815000655857723059e-08 7.293719096692848985e-08 8.990974341008176004e-08 2.087428555377819679e-08
1.170742779780874098e-06 1.642321335797828939e-06 9.678625432549817449e-07 1.835787067754112855e-06 1.629639096841036566e-06 3.666584375192628781e-07 2.471293663265893749e-07 1.124572910990421158e-07 1.487509643808707286e-07 3.514096197783229207e-08
6.863952285911893517e-07 8.318907872187133990e-07 1.614618993387467904e-07 1.613454704243824101e-07 2.896279922380489661e-06 1.103370283555973614e-07 5.527511806986077100e-08 3.783086484508043645e-08 3.775219419014112399e-08 1.467071830299106592e-08
9.785711190388979874e-06 7.830101503959832803e-07 4.070573730761941008e-07 4.312469358704577487e-07 2.359436127184414150e-07 2.317659325635791721e-07 1.101364342858862382e-06 1.484165091888210781e-07 5.264620640878043618e-08 2.831308519261005527e-08
3.067684135255743409e-06 2.821284982590885461e-06 2.168049791868508327e-06 1.707047427904040078e-06 8.854889516908634478e-07 1.870588848093836931e-07 7.009710276164229360e-08 4.223218933717836687e-08 2.830237186578461895e-08 1.583724469295557610e-08
1.038642100128548270e-07 6.919345292366018128e-07 2.553229838490911068e-06 3.413786326835505661e-06 6.285197146789905448e-07 4.358711608651131010e-07 5.898485251414349418e-08 3.710478850993188562e-08 2.996361153982009393e-08 2.658210796141225347e-08
2.253665431105456217e-06 1.524235032319460567e-06 1.019183533849248153e-06 3.952162001986591843e-07 3.809984954824949314e-06 6.942082932325267128e-07 5.246430794329425907e-08 3.778236653007951619e-08 2.687029563954185709e-08 7.014645252114720844e-08
5.556845294894132295e-07 4.813518639799896317e-07 2.775368460598809176e-07 8.844914322316576159e-08 8.986922005658386509e-08 1.047842548209029861e-06 5.069328170933960515e-08 3.946597268458711757e-08 2.621503422532051253e-08 2.435942050190792913e-07
3.006734319365332644e-07 2.258831765097259931e-07 1.577247520845705139e-07 1.286824444534238667e-07 8.930815372888515931e-08 7.339480324866803151e-08 4.795597391289411723e-08 3.388713551083359058e-08 2.641474677042399571e-08 2.474108074237991435e-08
4.199512230392084019e-07 3.341507865232533361e-07 2.878081658798723038e-07 1.616936537230856934e-07 1.547255177177606054e-07 1.539093286862379604e-07 6.131420569418176712e-08 4.461715908594007151e-08 3.148893502062422066e-08 1.947893373247306834e-08
4.266839089152772749e-07 2.293209225229143085e-07 5.497134535182784923e-07 7.245297832254028229e-06 7.135169550648832077e-06 2.470291406308068892e-07 1.796781999258172120e-07 1.998404972875504780e-07 3.882032288911389772e-08 1.316506791041164055e-08
1.524054602119427632e-06 9.943571487010133037e-07 6.377815268718984076e-07 5.685917332146383849e-07 4.353458579191309063e-07 2.891721708027354781e-07 1.581978639718336477e-07 7.487073749020820309e-08 5.734166151110533765e-08 2.613696880790462167e-08
2.155656658063809925e-07 1.580705111860229004e-07 1.496886017009542736e-07 4.140037987643420318e-07 4.458796746298321548e-07 2.800318964508663903e-06 2.934621441012893419e-07 5.368085375655584469e-08 2.917916678332813471e-08 1.036581106537095317e-08
1.539792059755424591e-06 1.354842931199452667e-06 1.081830927194212817e-06 1.102826563949402341e-06 6.164433991613500632e-07 1.470180482097552309e-07 6.454618376666072043e-08 3.593966387192650243e-08 2.956883454982680920e-08 1.112338762353017580e-07
3.887296157956780217e-07 3.038211784491314531e-07 1.190121514911499756e-07 1.052162401840853968e-07 8.772005341146729861e-08 7.018104987125144958e-08 2.539353650056345469e-07 1.702398151299571268e-07 6.408913398106151662e-08 3.761606348357514064e-08
1.436547239056905076e-07 2.057284945298714852e-07 5.948963172757376997e-07 2.870104291648011816e-06 3.486133548072164033e-07 6.611196122102880808e-08 5.635140331431873198e-08 4.946588351610727973e-08 2.232061301049468615e-08 1.632159093807326985e-08
1.618342981313267286e-06 1.040292468794120929e-06 4.613775401057191246e-07 1.537374755975081034e-07 8.572862357366213786e-08 8.914406557843059893e-08 4.508757339612729205e-07 7.134356630180581388e-08 3.432818378542895255e-08 2.092555068640166585e-08
2.198520245040394853e-06 9.288304626266873529e-07 9.754028587416144066e-07 8.529654650198106259e-07 4.809172743877285961e-07 2.196858812882356416e-07 1.067232876663393701e-07 2.642900208809411180e-07 5.565691956072189196e-07 2.030725426228067106e-08
6.489968574349217015e-08 9.580294422934892373e-08 4.136131390474237474e-07 1.052232493744608754e-06 1.150723078678717990e-07 5.916770286960783292e-08 5.727366135079651963e-08 1.983971255838028706e-08 9.206893700921231564e-08 8.468156566103664230e-09
1.538902689560502780e-06 8.086975180480442166e-07 3.801368984744607790e-07 2.459274834889043012e-07 1.983651867185792125e-07 2.030100128144529696e-07 2.568529986535957649e-07 5.022044738337769579e-08 9.810504936298679421e-08 2.690697897840713560e-08
1.003275266136530012e-07 2.548773250705982383e-07 1.406400536959028152e-07 6.299662380648874958e-08 7.256455801688791493e-07 6.858225883597535016e-08 2.184584809760805714e-08 1.664915415466600645e-07 1.471131398393492432e-08 1.277770927207827058e-08
5.125636791210207158e-07 3.592549622830331917e-07 2.790651911417704413e-07 3.472682796228898341e-07 7.266347476236720354e-06 1.084689537581488987e-06 1.240230475407934890e-07 3.497710126189461185e-08 2.322344586496807099e-08 2.871484770792106381e-08
7.151508447448394139e-07 8.895606825901893885e-07 9.296261486183632178e-07 6.213997595577235154e-07 7.048649400803666975e-07 2.948406253907714000e-07 1.365427446599020130e-07 8.861931582879438118e-08 3.989267712101012939e-08 6.196371652772529631e-08
4.342717044150830670e-07 1.997638510460073020e-06 4.096274522105176688e-07 2.883112712470733403e-07 1.868155669342337822e-07 2.112250997025660540e-07 8.874673784751009752e-08 5.890367528859097571e-08 3.357549628396394339e-07 2.207431147987862782e-08
5.727479247646804106e-07 5.737758984561458134e-07 2.811802060654510697e-07 4.187203257889710566e-07 3.630658739671364414e-07 5.719968907325182565e-07 4.351103740985270080e-08 3.131815898524849504e-08 2.571039918422812886e-08 1.832813841920894189e-08
1.203860677655821614e-07 8.281002004245111232e-08 4.840243240822067091e-08 3.804637525676681389e-08 3.217495074715647923e-08 3.321884012808305131e-08 8.450261148097518798e-07 4.215971129956795756e-08 3.175887958554045412e-08 1.087956596822923950e-07
9.066049325884962860e-07 7.347829035285432269e-07 5.390956778503104800e-07 2.522991685802470054e-07 3.501840750885416659e-07 1.030841620529338058e-07 1.474791389120213558e-07 3.119317017318198873e-08 1.871842521942840378e-08 1.317460767379395324e-08
5.837910210932081007e-07 4.926034937337872053e-07 5.439095127638923038e-07 2.519540022530122235e-07 1.750615391921158916e-07 1.174716072260982384e-07 6.579245017769065336e-08 1.475883356004071902e-07 3.347757509775448153e-08 1.890878545762490726e-08
4.898674107424771127e-07 3.422310173749737545e-07 1.471297358853497924e-07 1.191130636315717003e-07 8.025631975373987147e-08 4.804572144556867925e-07 7.555216327330144997e-08 2.608993909801409433e-08 1.796497752188433713e-08 9.708160761147345438e-08
1.869327931641569048e-07 1.653263408417266797e-07 2.675063105863221349e-07 1.377722409210848505e-07 1.072349852824312436e-07 4.060076788125788911e-07 1.539997314810701451e-07 4.119938985107936802e-08 2.686572011168320380e-08 2.000766277492442797e-08
2.555598541131115025e-06 2.147612280274914347e-06 1.062280684573373966e-06 6.353014650609766296e-07 4.872461900710674625e-07 3.219560394264917136e-07 1.308047500870549812e-07 6.438253676478489584e-08 3.779131108231012283e-08 1.953015439559626555e-08
6.522560836493807976e-07 3.830379234995959179e-07 2.657243803126430170e-06 7.533713880364673438e-07 1.349337718182414757e-07 6.171945600229187073e-08 4.257370202554103997e-08 3.394398863471773224e-08 3.358563496844431684e-08 1.839084853275805167e-08
5.433915799187071888e-07 5.080025073365337449e-07 2.223997220030954591e-07 2.158260758524105978e-07 1.201339376901743172e-06 1.408234299403688420e-07 1.161222561244055832e-07 1.729195079508697907e-07 3.041929405667584241e-07 2.105329141378040837e-07
1.183233496141179340e-06 6.341593077883216886e-07 4.813985639204406718e-07 2.109900155272249247e-07 4.117373448618316254e-07 5.410226098337579800e-06 2.615804688212480408e-07 5.218160406300081160e-08 1.955501052628184262e-07 8.268491472711668763e-08
6.163010075478062566e-07 8.072387662077521858e-07 3.761552071011236426e-07 2.851687129894427884e-07 2.051249501300068877e-07 1.140893378212595230e-07 1.722354991713223566e-07 4.626794669147916851e-08 4.933251933006537795e-08 6.371961684620862621e-08
2.712379885017812096e-06 2.105619588939413449e-06 1.167770842568093316e-06 2.458529627463371759e-06 4.496478169192463424e-07 1.219833842596512576e-07 7.276836166327167004e-08 4.835217714086623976e-08 2.345724456481899088e-08 6.885001403430164039e-07
8.778619285822541071e-07 4.314250395989663217e-07 5.611898548822209832e-07 4.602961345842630686e-07 7.975225512244987238e-07 3.462703178983843477e-07 7.316539764774836034e-08 4.866672100405677897e-07 4.572018860634610221e-08 2.496019885063661593e-08
4.354089214948418134e-06 2.837714308277123955e-06 9.232609381620149412e-07 1.398080332565347505e-06 4.323333442522665433e-07 2.009111359406471393e-07 1.089158196542721896e-07 7.585614735392757358e-08 3.658394920919617938e-08 3.684360966847691305e-08
6.070172744786379929e-08 2.938846589578730758e-07 1.289910301032598507e-07 2.734186683895446371e-07 1.359815727186949351e-06 3.046820482170874673e-07 5.768154171776768846e-08 4.694155211469106738e-08 2.055764180962979796e-08 1.033735458792567146e-07
8.351193453975112479e-08 7.250647559434465246e-08 8.327275336732024277e-08 9.260475360443764724e-08 6.880253820158950276e-08 4.706144342846565333e-08 3.724856832487786514e-08 2.217554923518776504e-08 1.508216116979567605e-08 1.092219047927559985e-08
1.739249222921620177e-07 5.254993652073135505e-07 4.280127135008470616e-07 6.689014942790719789e-08 5.755996232764460121e-08 3.190795904030352210e-08 2.821574597425079176e-08 5.379357262503095970e-08 7.520420655033506286e-08 2.761501880758168486e-07
2.557562829659888461e-07 1.954417452634850157e-07 1.736978043833151005e-07 7.224485062918112355e-08 6.475504115058195485e-07 5.980583531409530099e-07 2.036326187392564311e-06 5.130644129454436636e-08 2.761771937313433119e-08 2.352170323008190046e-08
6.742172932191415969e-07 4.332010706933535410e-07 2.512451359445589022e-07 3.180124500486479810e-07 7.022718365697027575e-07 4.043215825791975607e-06 1.084204159920649090e-06 1.489170835533294006e-07 2.054829236739602798e-08 1.245489040043465809e-08
1.803398490508658839e-07 2.389181028642750127e-07 1.108893429826434161e-07 1.107028583708034128e-07 1.252470896153077765e-07 7.317612180124729113e-08 6.361951179888430852e-08 4.050739324668807187e-08 3.137573112622201038e-08 1.801518516896423205e-08
1.800510086972400191e-07 2.741402781373183288e-07 1.298196746534133014e-07 1.504275959514408641e-07 7.237517467833830929e-08 5.491302857284594611e-08 3.976525762222548456e-08 7.221097757176789228e-08 3.910353447829804061e-07 1.686570361288954365e-08
1.711258338910320170e-07 2.598058082217682957e-07 2.275926650063550178e-07 2.573026749810091211e-07 2.073465459474041449e-06 5.618246902217170319e-08 4.728044386427022269e-08 3.485972793257720488e-08 2.852963394263739406e-08 1.562579740101197478e-08
1.957499837094768683e-07 1.764523471233204388e-07 1.072781807100036965e-07 8.757147815870286964e-08 6.014107224511449234e-08 4.821867739117022705e-08 9.011362266949749186e-07 2.895917088353963454e-07 1.672243696604279933e-08 1.188178068578716238e-08
2.290964547627375280e-06 1.478696588833254511e-06 9.785240464586624276e-07 5.135216538556281307e-07 2.718249428311649912e-07 9.548914519265756330e-08 7.332459127543650797e-08 1.471994258375756655e-07 2.529702439578041535e-08 1.652854680194278564e-08
8.538156114602212993e-06 7.203807039133801960e-07 2.885181872346495999e-07 3.898845365558836733e-07 2.424570990481464912e-07 5.195004911407071486e-07 8.405325285256734728e-08 4.002715760552734887e-08 5.177675585798934391e-08 9.711282492333875828e-08
1.165837638341743566e-06 7.284481105080176595e-07 5.653679763706704086e-07 3.669889214647656376e-07 6.474203246316974459e-07 8.180813908640030310e-07 2.730306294024309738e-07 3.916403330169730665e-08 2.804075022477870069e-08 2.834382261602587851e-08
2.819842225035030160e-07 1.223197643513939114e-07 3.543691183736100794e-07 1.084634819644514096e-06 2.553518880158236209e-07 1.642444164054301217e-07 8.202518741679259210e-08 5.325029381058107740e-08 3.052489815845005709e-08 2.336407634227994682e-08
1.108672664220013648e-06 9.972645881085532455e-07 1.070003933127147162e-06 4.112914537648385663e-07 2.623470780792229435e-07 1.622602757947952244e-07 1.093806201429964626e-07 7.141364184923770931e-08 5.061300763104617992e-08 3.053568630326518018e-08
9.060738467483147395e-07 3.815084786901549983e-07 3.649536190731846999e-07 2.882731561774963550e-06 5.981971782365750086e-07 1.459758287962098532e-07 4.995287532599028515e-08 4.271297484143018003e-08 4.681996299065018611e-07 2.121689692128298912e-08
2.760718862907322332e-06 3.277290874360366019e-06 1.870241463029796988e-06 1.168808117011605457e-06 2.578966699049413475e-07 5.848561481004653342e-08 3.748240126520161172e-08 3.034739553987067367e-08 1.667953592373037952e-08 1.156592062751868794e-08
1.439688431408648579e-07 1.147378433935550433e-07 8.675600560262343431e-08 5.142885309515376184e-08 3.946810692764083816e-08 4.065875914669259986e-08 2.591962545900653148e-08 1.767644320763170192e-08 8.844359472925840652e-08 2.798685034359081818e-08
4.609406285873774046e-08 3.785131518710267978e-08 6.122249859448109795e-08 1.412836800979793321e-07 7.087935557003440604e-08 4.013089971788907771e-08 1.040258377034530054e-06 8.182151907026869914e-07 7.817697751111373098e-08 1.390815503717315028e-08
1.690778960831071554e-06 7.010666767937319991e-07 8.769517881428354325e-07 6.020425313996714697e-07 1.694119995291445840e-07 7.903085124097609923e-08 3.897367769714456619e-08 3.506165847978752928e-08 2.480822400802698197e-08 1.855064972785423277e-08
1.569543309299794868e-06 1.573682570860042472e-06 7.718493972278862761e-07 1.434847493281364042e-06 2.860889066923559347e-07 1.297146934118110526e-07 2.621729027356056204e-07 3.783917991857873628e-07 2.505283491948467415e-08 3.615844880151767398e-08
3.276969177909605733e-07 3.490126850074875317e-07 2.141776650099594957e-07 1.899617029867358332e-07 9.331611580822840277e-08 6.037376926163720557e-08 3.781329735948445010e-08 2.733722201490240304e-08 2.288215008347355594e-08 2.186535493394512980e-08
8.634266018632512474e-08 8.619818666530273159e-08 3.876298315707175715e-08 3.186388863243528793e-08 3.252794909666256494e-08 2.646369378864605896e-08 9.765116224771365259e-07 1.786003220754588048e-07 1.350251940675027774e-07 9.611092711225279918e-09
9.447744194350006502e-07 8.207122273505898223e-07 5.106462606532607360e-07 3.107421845033532695e-07 7.746173809272756697e-07 1.643997046901816373e-07 5.040046664329628482e-07 6.760297530012315097e-08 3.336693313839252317e-08 1.822552428903176982e-08
1.684449327904790608e-07 4.040721165113076707e-07 6.324978123947163838e-07 1.343122443147000338e-06 4.814557550300744521e-08 4.360968559706551766e-08 2.567322675618453462e-08 1.468783376077766841e-08 9.671675208680717446e-09 7.130244383806215805e-09
4.506909090107781597e-07 2.006278878832827354e-06 4.258357333501042206e-07 1.374566965668192219e-07 6.997300266065647087e-08 5.212399189097328219e-08 3.949147623594117196e-08 2.711657187157787240e-07 4.932836879264157514e-08 4.580066896588661296e-08
1.122854525606277758e-07 1.966605019182783506e-07 9.851763411758384809e-08 8.067618614920900973e-08 3.916151749800308700e-08 3.172392045811295304e-08 2.432788855087139299e-08 1.678050853149063391e-08 4.012918343289685759e-08 1.278996601710506089e-08
9.563802730209185135e-07 3.198011214442096291e-07 3.201409174414763758e-07 1.631667717390002056e-07 9.974014338664270184e-08 9.628763775378977548e-08 7.714929491940675157e-07 7.516001012682706631e-08 2.444068166725367291e-08 1.378720438472816829e-08
2.117134434275300739e-06 1.799642009280789432e-06 9.483315914396888967e-07 8.096200914022222561e-07 3.471936032597152515e-07 7.102843493120182228e-07 7.665910736121865895e-08 3.713376859782545719e-08 2.634747697785060869e-08 1.735719839647567282e-08
1.228441327546998052e-06 6.636073923538882613e-07 3.782044784324237429e-07 1.816728344494567468e-07 1.248587155105658561e-07 1.201781380693309472e-07 1.705732093460009919e-06 5.378486965464417296e-08 2.928724735983395796e-08 1.785071991448011481e-08
9.856419535728703727e-07 1.082816821195966962e-06 9.707649796552282665e-07 5.930301171289095849e-07 6.362151391393516479e-07 2.995085603023108011e-07 7.542803562502373251e-08 3.012204666805287853e-08 1.950340111289112990e-08 1.553259406717824307e-08
2.133519479993553949e-07 2.410802420719832585e-07 1.405620445713287116e-07 5.600090874599493393e-07 4.194691740666932085e-07 8.262022038808892221e-08 3.617185258825695086e-08 3.013632422579509150e-08 9.037601818626430323e-07 6.259908618080374651e-08
1.156587349007187605e-07 8.080349006744939541e-08 7.090021970144117211e-08 6.458456576292874563e-08 6.055807705166593276e-08 4.319410179619938853e-08 2.651069871491090648e-08 2.145388541758640371e-08 1.502666081505833392e-08 6.081274478525660710e-09
7.745037845413665188e-07 5.232131234235112698e-07 2.894221655260921888e-07 1.928627826875292594e-07 1.839543845531047827e-07 5.075067837975651377e-08 3.760928231746993390e-08 2.642725609459116151e-08 1.546335615076163261e-08 1.049830886752720192e-08
1.177654836667622879e-07 1.118292533521817605e-07 9.940310604277495952e-08 1.190506416513426010e-07 6.540450087988746843e-07 4.707571179096810250e-08 3.862849254645094937e-08 2.686814007021186239e-08 2.093727146132523630e-08 1.296984441012605690e-08
1.522172446141159639e-07 8.399168830111926821e-08 1.655065971822528978e-07 1.597780350234773025e-07 2.007887952768649575e-07 3.865386017517692955e-07 6.934792719224636292e-08 3.087643242763138953e-08 2.333102482416387491e-08 1.469992138235420006e-08
1.235247572059678745e-07 8.554643184174361587e-08 9.556917381375146689e-08 6.419768000158320460e-08 4.771365948790224063e-08 3.287897851718358624e-08 2.631225002280149952e-08 1.576254401645971016e-08 2.828845338102934109e-08 1.535430424011039362e-07
5.368106367130807530e-07 4.707724135189566962e-07 3.779285287526850746e-07 8.382960890664135072e-07 1.899476665725846182e-07 1.174098754278307569e-07 8.651723899317704356e-08 4.375869320439536291e-08 3.138448673294741736e-08 1.141101600384485779e-07
1.176650125006239398e-07 1.801275915000256067e-07 1.442526003139741954e-07 8.786450245205464784e-08 3.283094661905939687e-08 2.169910102232267359e-08 1.836499925060729939e-08 1.421559623635719523e-08 1.885430428805914229e-08 7.430425635328374622e-09
1.846555476740512294e-06 2.029614499632796916e-06 1.816490964055134365e-06 8.514058414723430787e-07 5.153673123785492732e-07 1.678942579896837647e-07 5.935771920516720309e-08 3.190037846111086218e-08 1.863110100875270475e-08 1.361432629944653028e-08
1.068290463883423896e-07 1.090904896401167675e-07 1.132976725783515564e-07 1.143391300193845052e-07 9.577099145876903019e-08 3.003256934334863526e-07 4.712016858796677058e-08 2.490456609669043647e-08 1.821313010001464025e-08 1.774396476779032343e-08
6.346996944540893742e-07 1.691709062043098556e-07 1.017914301143039591e-07 1.134836845505784608e-07 6.157844161151774793e-08 3.735523405286551112e-08 2.843300365800370951e-08 2.582264555656491333e-08 1.681852458192479725e-08 1.343492861095108013e-08
2.333132938812316083e-07 1.514059317277535961e-07 5.665521709830635909e-08 6.912742703905509571e-08 5.910107702416013484e-08 3.432808444303388791e-08 2.838344196354218529e-08 2.432162510542495382e-08 1.403179031535349176e-08 1.392787689731124960e-07
