1.216574806131397056e-06 1.008919738644198639e-06 8.323032009708571163e-07 6.109921116666083932e-07 4.671306317601340247e-07 3.079814775655396459e-07 4.993993173935358442e-07 2.019714736782381780e-07 1.610006846549753125e-07 2.695133699943556684e-07
1.085944457038877611e-06 1.977095277133216904e-06 9.521525589034559568e-07 5.328888754141776157e-07 4.648144296764349167e-07 6.649002263368645307e-07 3.252659647501786183e-07 2.941950910471359616e-07 4.194514037405286336e-07 2.216875658575796489e-07
9.418217687875027372e-07 7.056765380607208190e-07 5.463962722996865022e-07 4.633975344194781201e-07 3.689773210630650264e-07 2.785023006848781156e-07 2.145692767679826338e-07 2.340605855021409014e-07 4.493468480088020865e-07 1.726337446104455083e-07
6.606570403435560313e-07 6.514315761434293629e-07 5.730623450260388060e-07 4.647959069772920081e-07 3.772098567250959714e-07 3.393788754172144502e-07 3.888894084461465537e-07 2.622168928601943338e-07 1.050826377029595603e-07 5.317037246670912391e-08
1.649032581038762486e-06 8.269390916588232884e-07 5.737758059042507867e-07 4.660999632130490053e-07 3.886851132505446454e-07 3.229652676687185056e-07 3.398673610103287143e-07 1.885386810048110935e-07 1.107741240242274415e-07 6.283947269394736184e-08
1.094918547426503042e-06 9.763295593368227010e-07 8.119355378961813590e-07 8.803927147087077113e-07 5.339132214578358983e-07 3.731194348017166914e-07 2.316004635182741500e-07 1.584671964829298081e-07 1.028110882901333698e-07 1.783557894752320054e-07
9.274870734833930464e-07 8.786445118389332380e-07 2.936653390875457987e-06 9.487763109539353457e-07 4.717476002721591520e-07 3.914686639572905028e-07 2.632746834622104688e-07 1.521215748350162567e-07 5.964424649946208982e-08 5.321040127886122265e-08
9.880771838350226979e-07 8.623827675224311305e-07 7.273745503808305879e-07 5.693240480391670005e-07 4.269924277664438537e-07 3.145575205819704333e-07 1.961265315041896510e-07 1.898815031064548390e-07 1.745073414505525825e-07 8.453821339112510399e-08
1.044162172124229338e-06 9.236572623387332611e-07 7.657410694377266555e-07 6.093087148160065423e-07 4.759876991148623597e-07 3.659950956471008420e-07 3.229201933600553832e-07 1.513024909011661260e-07 7.961308742984569989e-08 1.244828328168275834e-07
8.205126194007510381e-07 5.395407299963885960e-07 4.600446727082962453e-07 4.013002635818417294e-07 3.165891005522504160e-07 5.221101972645242415e-07 2.036757642949870004e-07 1.307584960472293507e-07 2.410236025846853107e-07 1.474920027385988752e-07
7.467224329433928949e-06 4.700225990329379727e-06 1.215379200546255337e-06 9.633927428914474309e-07 6.238154631110635323e-07 3.211338849929196800e-07 2.200075769489838355e-07 3.796852922729744745e-07 1.536686323547715572e-07 1.047604859210995121e-07
8.544090717061241500e-07 7.124723650444424186e-07 6.051808543387970300e-07 5.264367938376327951e-07 3.909785387257549964e-07 3.000633362071805857e-07 2.314045102723055242e-07 1.987236625172831711e-07 3.007489506835600809e-07 5.476623341750042908e-08
8.229074207519482179e-07 7.287362916972515205e-07 5.951023842720539536e-07 4.998087993409824413e-07 4.354229995958023303e-07 7.194012221472193378e-07 3.168009366531356030e-07 2.201177066445743696e-07 7.218036514607144290e-08 8.896235097960408408e-08
1.009487023477710352e-06 8.502279620560128358e-07 6.950509728768631702e-07 5.590680118571981638e-07 6.470662633237996587e-07 5.334290668612640863e-07 2.348749448818619089e-07 1.375942486012036116e-07 6.259410712348485925e-08 4.790274202448512782e-08
1.405442846480585866e-06 1.007724926936883134e-06 7.108215845001658453e-07 5.354049025702313523e-07 4.395006611698149656e-07 2.990398676872018042e-07 2.122283144534355703e-07 1.723002741234951693e-07 2.129147203065777927e-07 8.782018966131002725e-08
2.206498311538979643e-06 1.303183225980723650e-06 1.106826302978887652e-06 6.424220824225341668e-07 5.091457473264510049e-07 3.365155295475245118e-07 2.446108665131572122e-07 1.852982751151996185e-07 1.231754906461968233e-07 6.211981817250534495e-08
9.333082966595554891e-07 7.710747430718768684e-07 6.740656352259383046e-07 5.155767680565004763e-07 3.885954221435174398e-07 3.044824580643654051e-07 2.259549010705010922e-07 1.275667593320245202e-07 1.022323354120995244e-07 8.410600265895577254e-08
8.586470475303420563e-07 6.802891167227842072e-07 5.640822726863907026e-07 5.873446865264029935e-07 3.499622435450311075e-07 2.625108986539521190e-07 1.902102125636133229e-07 1.392968920449474975e-07 1.803535346572263685e-07 2.113693610086082942e-07
1.058172662941724481e-06 8.499579962362697874e-07 7.817762276547125563e-07 5.929532486396031568e-07 5.378478963577793646e-07 3.247292755853612697e-07 2.333024025778441389e-07 1.706949256513241849e-07 7.494097167488580573e-08 5.120911486617034191e-08
7.970976405070904347e-07 7.228743340258559576e-07 6.024899187857817821e-07 4.947474613829032632e-07 4.221518713912157878e-07 3.480041115801068486e-07 3.509824348286529926e-07 2.552643110442312583e-07 8.678912311887431770e-08 1.059789004923851427e-07
1.845524970700627644e-06 1.251428441881773513e-06 2.395277559714523727e-06 4.426813652510273385e-07 3.550868208992954532e-07 4.376265903865539676e-07 2.728936355581752911e-07 2.253614267984594845e-07 1.156465981055976131e-07 2.513625564232477025e-07
7.653583527007046404e-07 6.659232293249430511e-07 5.650793060282037607e-07 4.759749678646366327e-07 4.192665430864071823e-07 3.087243985168547333e-07 2.453631561665484703e-07 1.864948820650841047e-07 1.107841682989946847e-07 8.380018293858980500e-08
1.718721631909133341e-06 9.415245187172183789e-07 7.202009063827267629e-07 5.271556267478230277e-07 5.958188476707027608e-07 4.126557802025935343e-07 3.293244990857391647e-07 3.132331561501506915e-07 1.705409206699220299e-07 6.485966376569291088e-08
1.020677446663982938e-06 8.185163627517442139e-07 4.906855209916221164e-07 4.839951874473172033e-07 5.208556815561664088e-07 4.457992555424361199e-07 3.472734116587338148e-07 2.568699410213254782e-07 1.676018617647769619e-07 2.264322913958944867e-07
1.853462072850524391e-06 7.970200403004259754e-07 6.882447164845925604e-07 5.529808066951711411e-07 4.627473901781888848e-07 4.194132474598087063e-07 2.290177787169469326e-07 1.603380776222605828e-07 2.285607261972648311e-07 1.356674604642521881e-07
1.113891576592154146e-06 8.420834418150779102e-07 6.434856631841352657e-07 5.626048473477706865e-07 4.002148720785288477e-07 2.807269163531967341e-07 2.669165083777885488e-07 1.385985206477232509e-07 1.702947121323643478e-07 3.665636725756809008e-08
8.826090072402173638e-07 7.504016255258047162e-07 1.692019137107805191e-06 6.390204516720935473e-07 4.493200731265701244e-07 4.316315657542294967e-07 6.033627337315654542e-07 1.390236475140856085e-07 3.190037060869320845e-07 7.122632941681132871e-08
1.618109464731970764e-06 9.012937671891199039e-07 6.419364157371250308e-07 5.341112378035295437e-07 4.090261623149765117e-07 3.098895174582300270e-07 2.232504913189032707e-07 1.168215835206452601e-07 1.110377275867023675e-07 2.811658311869762103e-07
8.518815983289156010e-07 6.880831784182162627e-07 6.117052005893098536e-07 4.481903934676237967e-07 3.944648915115695790e-07 3.043337570739896474e-07 3.082039869783040227e-07 2.508865599823612343e-07 5.505168681995500070e-07 1.490543853187371740e-07
5.804607523762418965e-07 5.194807991942757715e-07 1.683091186167728438e-06 6.642590191873412766e-07 3.442517363803072316e-07 5.378875318292850111e-07 3.191769637284749878e-07 1.935130657739838114e-07 1.003321132667506608e-07 3.821695972847026041e-07
8.730519556714042096e-07 8.066434633420392536e-07 7.026404565321791114e-07 5.432736614804971336e-07 4.178316517420744843e-07 3.171495469373370342e-07 2.267652844966940096e-07 1.277498741681096053e-07 7.800871535923555923e-08 2.737262759393574379e-08
1.153903280110687846e-06 9.812343102454133670e-07 9.572897419214906154e-07 7.448195430348475757e-07 7.390624625393505973e-07 4.549544660705792139e-07 2.223795423155955456e-07 1.195527393251329795e-07 1.020231490093319978e-07 7.032405764992355952e-08
7.439479027389022043e-07 2.115781885616839428e-06 1.689036457944454284e-06 5.438854968329870254e-07 4.106013829359856156e-07 2.862050919420968315e-07 1.988489187861580688e-07 1.609816943883210704e-07 2.969427317393509368e-07 6.571092904454900215e-08
1.201116165873436986e-06 1.001156289949690572e-06 5.968511972918039640e-07 4.819168167447539382e-07 3.866569655806011141e-07 3.468412993478413339e-07 1.978288850011955843e-07 2.511938185508589246e-07 6.930613132540493595e-08 1.160996875968260885e-07
9.175466389889524582e-07 8.180151949525188293e-07 6.731321489404432141e-07 5.216726239939056258e-07 3.802172646272293010e-07 2.880589300616918279e-07 2.352716894618456417e-07 1.625178973626361361e-07 6.646689953793060018e-08 3.013290005805301484e-08
9.555826246665366587e-07 8.691239153470603188e-07 6.887159420199213538e-07 5.242163438609273455e-07 3.897482679292513842e-07 3.227171999432308739e-07 2.383166233157631473e-07 1.811242691972852471e-07 1.176562657981618725e-07 3.335436938331659163e-08
6.815964626131822309e-07 5.982227424023501392e-07 5.608417801162707664e-07 6.265402781690862522e-07 6.801037760663018162e-07 9.789148999505012035e-07 4.521084615669409815e-07 1.551581097765114363e-07 1.073774601448425780e-07 9.901827234782629867e-08
2.770790238358364143e-06 1.358700010706768361e-06 6.836606274999665110e-07 5.771209491428654708e-07 4.927036157672579506e-07 4.048688717879787424e-07 3.423258171503855536e-07 1.323104533601668005e-07 6.142771462656042956e-08 3.555459870902104568e-08
8.217741057023194800e-07 6.461428010673646200e-07 5.773839697308321473e-07 4.843265010123277799e-07 3.767091141612081097e-07 2.856192095682361044e-07 2.115041903262326090e-07 1.664149819609962892e-07 1.468019226087558309e-07 1.560228982499428733e-07
2.010025516277985672e-06 1.215058192262171290e-06 1.411074398199957176e-06 1.802157799110631180e-06 5.090137612752312472e-07 4.204017409529228566e-07 5.150180964739155070e-07 1.323941532379887428e-07 8.936710834267403793e-08 3.056917330468851724e-08
9.343636820628254654e-07 6.734441150702287973e-07 5.858076751248784505e-07 4.239748118967779604e-07 3.352903356943476659e-07 4.019234036375634973e-07 2.498751719319929632e-07 1.841530115230718639e-07 1.405422845836258044e-07 7.412663064137568410e-08
2.803372971121494614e-06 1.638494638778605277e-06 1.186093712582344701e-06 6.204466565910904741e-07 5.778095791135049745e-07 3.561952885821815009e-07 5.678953974871294171e-07 3.777401883001108539e-07 2.290496027309691462e-07 2.603029689605543026e-07
2.271226224397679219e-06 1.564444879629642645e-06 1.305789303436516002e-06 2.210912971775106318e-06 1.420724108997606823e-06 5.539363408148167973e-07 2.195600226649094707e-07 1.109666416312578271e-07 1.078794829531616864e-07 2.931359212215635463e-08
1.306479032222423512e-06 8.539342143304175048e-07 6.787926317511306266e-07 3.998668698425978474e-07 3.044069573659634273e-07 2.256151684071060834e-07 1.789688788873550774e-07 1.176414875251974394e-07 1.562723349347995154e-07 7.720230987640311452e-08
8.638815957121870418e-07 6.462943776664020012e-07 5.659379869144581436e-07 4.775494525575563757e-07 9.115411102511979155e-07 3.597930623855668145e-07 2.477356947983293112e-07 3.759755734774607106e-07 9.892347138026787765e-08 5.943157040496796845e-08
7.308933018140376379e-07 5.856032949735565223e-07 5.053877696707887452e-07 8.941336054751349537e-07 3.962946600764133040e-07 2.860599399232938106e-07 1.926331664281553241e-07 1.252378152478852410e-07 2.512794504511793794e-07 7.281373870734294233e-08
