9.785748552823423290e-07 9.061554446527330648e-07 7.102336205965446354e-07 5.583833676199211125e-07 4.165358336941034992e-07 2.860003901635522471e-07 5.801416631146850875e-07 1.463609154047738899e-07 1.326038878644588778e-07 1.682852749244332454e-07
1.742780126411723419e-06 8.540097989111287416e-07 4.943251598783883819e-07 4.365019964076736343e-07 3.843381029734159371e-07 3.448066802283239801e-07 2.456338010246140169e-07 1.921086160073095766e-07 2.440339483630286564e-07 2.212486653167426772e-07
7.024844499734025006e-07 5.700885213692913565e-07 4.970069716393910247e-07 3.927274290600914698e-07 3.269364880127537819e-07 2.584630775314857958e-07 2.071113804943236464e-07 2.020973999859781188e-07 1.482619871423655525e-07 1.085051928608258857e-07
8.690069259131853601e-07 6.070835914725822968e-07 5.240844435586932857e-07 4.525319883505149405e-07 3.827306665449749306e-07 3.029756865364065881e-07 3.395374691131351324e-07 2.437929890902895609e-07 9.912918703910776645e-08 6.342009751406887754e-08
1.187859086063218638e-06 9.529249010238145725e-07 7.969899086922496162e-07 6.636442138466348038e-07 4.943263304874014801e-07 3.213309473647606835e-07 2.144254215991751005e-07 1.390910827532408741e-07 7.962402591968771135e-08 1.682603254378925950e-07
9.009038919370242223e-07 7.474393253459664396e-07 6.025324590003596275e-07 5.047366606317466190e-07 4.292738263591674738e-07 3.098114798072013928e-07 1.945292811861998329e-07 1.758561055509833056e-07 1.926154682160292796e-07 5.900826177485331444e-08
9.348775677763856147e-07 5.995721596596770528e-07 5.252125169417240812e-07 5.064479952432621101e-07 7.024432070987986330e-07 5.675872812137622100e-07 3.248152662668128366e-07 1.796258188535254529e-07 6.472833726235012563e-08 2.647978071182842877e-08
1.069474172054144464e-06 8.698646951075766447e-07 7.183619092789454971e-07 5.758162273363616030e-07 4.316641726064999244e-07 3.362241377245601897e-07 2.638516164067072727e-07 1.367980812773298179e-07 6.000564408275570835e-08 1.233455359716242466e-07
1.437032094636046063e-06 8.844870165172922086e-07 1.392659094185148141e-06 7.297205029008998157e-07 4.512898022992086541e-07 2.895087575479832475e-07 2.041509832479403649e-07 3.177097515084741967e-07 1.294744363380638246e-07 7.780478302859115495e-08
7.590140808151605751e-07 6.367546283894931061e-07 5.385407393139561344e-07 4.348219862308478478e-07 3.794283536337729852e-07 2.885030245460130884e-07 1.901317038372451699e-07 1.523629282197129907e-07 3.688241058655690504e-07 4.072914961940453385e-08
7.885316193605648566e-07 6.700764347559285289e-07 5.569260634711051243e-07 4.886287593204511988e-07 4.036584347273899536e-07 3.723056285311323265e-07 2.922623017628015360e-07 2.293054172747014717e-07 5.760344053649841098e-08 4.772746005887566755e-08
1.248676207567851722e-06 8.539228133563950941e-07 7.369741083685707038e-07 5.873143134337559485e-07 4.624552648859912737e-07 5.277714293407219306e-07 1.816980541795645535e-07 1.061192692534988775e-07 4.338366139551494847e-08 4.982445556858425901e-08
8.762374410826155155e-07 7.301703026139949829e-07 6.418183888168357345e-07 4.823861946506760241e-07 3.968034564644611954e-07 2.931484601402368129e-07 1.973465001070014499e-07 1.470390808011530864e-07 1.226143223079563431e-07 6.470044685780395740e-08
7.738428879238314559e-07 7.674268521819497175e-07 6.164580691389894103e-07 5.455327330265545388e-07 3.644717400857137448e-07 2.751134676224956930e-07 1.983893249376365159e-07 1.010427716099754146e-07 8.425931883123680429e-08 5.541229105992551994e-08
1.966847697370962391e-06 1.292321097487948870e-06 7.832935071639503583e-07 5.141143872531607520e-07 3.833380213222545959e-07 3.222759711452876910e-07 1.997631213372293620e-07 1.270672936163922149e-07 9.265550442542432935e-08 4.248187691462054137e-08
6.447266145046506125e-07 5.030362536750638680e-07 4.342973744448752245e-07 4.075696506090457962e-07 1.104922922675540468e-06 2.579308678817008966e-07 1.658003228871680078e-07 1.148089901956704435e-07 3.451900858779630700e-07 1.602622358010680044e-07
9.065279819541484030e-07 6.519312532790450858e-07 6.100786161331119984e-07 5.450343878080159458e-07 5.112190078027331164e-07 3.051025960247007970e-07 2.021541999695560567e-07 1.225677323733186509e-07 7.147682382245720468e-08 3.147471308910659560e-08
7.486325143604656851e-07 6.351148747281081708e-07 5.524835459422230688e-07 4.594257313276383833e-07 3.809412107435658780e-07 3.005474529905315481e-07 3.494606793085628086e-07 2.053652773741560904e-07 9.035370933619525765e-08 1.154336813652602945e-07
8.779368144783950191e-07 6.004946136538134597e-07 5.250805248769474336e-07 4.350314636719058794e-07 3.480886525616848810e-07 2.478179896378627294e-07 1.609346358113155309e-07 1.107290514590956937e-07 1.325928639417404762e-07 1.137166215500748824e-07
8.533200373545590937e-07 7.677337260861997071e-07 1.700562254814143028e-06 4.832928686942897817e-07 3.690189967484190050e-07 3.601693528127284375e-07 2.170123212450625245e-07 1.836539728182149431e-07 1.218665295363901526e-07 2.830038998904986432e-07
6.787281847130521546e-07 5.811493577351081670e-07 4.536997039444267816e-07 3.776124576409816712e-07 3.040647242468574505e-07 2.764467964279658202e-07 1.925081515713161104e-07 2.108349356550097020e-07 9.738804859730414283e-08 6.322010567326730460e-08
5.457504745834473573e-07 7.135990458423970970e-07 5.334783530832130372e-07 4.615603846323700509e-07 4.962541908667307702e-07 3.253050650973069708e-07 2.502913911904978322e-07 2.146564192143686843e-07 1.164412418436473211e-07 8.244157455116029669e-08
8.175968115551016538e-07 7.065038088413466857e-07 5.913503930822666001e-07 5.548624246012247654e-07 6.184410965732118417e-07 3.928676596326179668e-07 4.903208569707760376e-07 3.023814191858984243e-07 1.728004800371929318e-07 9.125758101435013879e-08
6.667435397909167762e-07 5.627203949662920087e-07 5.535591210594718006e-07 4.709460760168142111e-07 3.382146575486353246e-07 2.601358605257989471e-07 1.968767764494705737e-07 1.336680167180721096e-07 8.897447840284554777e-08 6.825472504743087357e-08
9.017339916814054353e-07 8.069427069134795789e-07 5.138681944872075230e-07 4.359317022025893631e-07 4.419332158993724926e-07 3.790008217995235105e-07 2.041375070776031300e-07 1.431689226322509994e-07 9.591390962036871254e-08 8.450539908800475730e-08
7.606404636304549862e-07 6.650125584041140311e-07 5.507994525965225357e-07 8.383708542508107272e-07 4.341459406232036399e-07 3.215187729204668677e-07 4.846172346625998142e-07 1.198896087917651635e-07 4.048793005290628255e-07 4.948716032971936344e-08
1.114614870164570068e-06 8.242302358520167517e-07 6.269391260885163528e-07 5.639111967161849610e-07 3.877935709697533969e-07 2.780805079391166506e-07 2.099351546662165689e-07 1.158993922420666277e-07 1.423151990127147005e-07 2.716966161575759786e-08
7.476797854619779069e-07 6.519974738907031141e-07 5.411880968397358835e-07 5.708018997245476511e-07 3.918780431543833822e-07 2.925812086639495067e-07 1.805037570609808448e-07 1.164090485867466270e-07 1.035197345514242499e-07 4.698943686136654279e-08
6.083688415584925687e-07 4.919171784425273414e-07 5.039773242504748136e-07 4.997328073195567917e-07 5.148513424784170519e-07 2.976341616850384836e-07 9.085846065411558301e-07 1.587097971633797130e-07 3.529197089093284743e-07 1.160223813616649340e-07
7.580231135994610694e-07 8.860982065495035495e-07 8.269798905978357307e-07 5.332988363450642329e-07 4.744329753816728733e-07 4.294116386760688142e-07 2.267137291839951147e-07 1.015866531203430864e-07 7.247183522054613653e-08 3.954536226364595050e-08
1.035717923482263922e-06 5.525148568699251790e-07 6.615864613587715619e-07 5.203302125105342091e-07 3.748396903958458930e-07 2.678549887372159675e-07 1.789891327494021476e-07 1.591367960045028060e-07 1.349195608505538103e-07 6.759928557289623649e-08
6.693770850015738829e-07 5.183819232706897613e-07 4.910395373554744192e-07 3.872273736569344086e-07 3.011549539270187853e-07 2.393577278342558331e-07 1.940462407414230395e-07 2.408157869518096739e-07 6.455724775838716047e-08 1.103393946897775015e-07
7.942121629934511918e-07 7.310965844430916945e-07 6.077270586951499060e-07 4.838068685844440085e-07 3.846732835501618360e-07 2.699868659834477167e-07 2.004375076197226789e-07 1.283436206306478184e-07 7.361931155859858370e-08 4.029319245455703215e-08
8.083805478177208581e-07 6.910078431180238791e-07 5.690134873804050188e-07 4.643284817250105703e-07 3.533944515421447773e-07 2.691953714860960538e-07 1.992746534284618502e-07 1.166866620734851732e-07 5.361704620170051901e-08 2.810640446958308185e-08
1.236834026179212198e-06 8.882931095532863917e-07 5.786795288892310958e-07 4.807742726707718181e-07 3.760333664822828193e-07 2.731968982885370702e-07 1.777609985356719130e-07 1.333243864587206789e-07 9.108566321965087089e-08 4.682238613050517656e-08
5.370931810555725069e-07 5.016077647309939780e-07 4.525399207532753223e-07 4.112719004470396502e-07 3.965152639673798402e-07 1.231101676098654454e-06 4.576951011258119666e-07 1.842917782365597673e-07 6.707615269858342865e-08 8.784377886009454373e-08
6.735722358518870516e-07 6.035964202485618866e-07 8.068992609425277807e-07 5.638465818363631861e-07 5.100230762236363368e-07 6.709856920925770929e-07 2.968964764826322728e-07 1.471808469330647570e-07 4.348508626505701366e-08 2.274852905942262646e-08
6.454727595521262223e-07 8.837252041407026076e-07 4.954758755752375502e-07 5.102388513073594666e-07 4.213455428431313276e-07 2.990222394762497365e-07 2.437630040412422973e-07 1.184952180438014236e-07 6.436425756992585290e-08 2.133737278614919562e-08
1.228644694918929848e-06 7.416200308321649209e-07 5.436169733880126886e-07 4.052959490436311224e-07 4.006666458997313202e-07 4.566336874640052448e-07 1.952971396979238146e-07 1.451494033418851864e-07 1.586888771813742944e-07 7.499048537801575389e-08
6.627766591406660866e-07 5.403423147480433926e-07 4.210437712618951075e-07 3.761983226745497173e-07 3.194850111973780711e-07 2.445511734220346651e-07 1.819369623799114468e-07 1.986865304709711504e-07 7.513956871585924570e-08 9.616831224734140086e-08
5.164692650346213591e-07 4.483349798907798704e-07 4.048451906925681753e-07 3.503674481235913057e-07 4.685821195243723574e-07 5.776775656262941793e-07 2.099647470539439515e-07 1.844412190499863828e-07 4.889364523783976524e-07 1.181761052772920999e-07
4.272073513877763398e-06 3.348056731914783756e-06 8.756284773535382055e-07 6.000660157935919937e-07 3.695970819317191161e-07 3.617450683679527231e-07 2.100343662336346800e-07 3.646150571831868704e-07 2.705494111206612510e-07 3.494559834662659027e-07
8.436783490190179954e-07 8.117512053576245397e-07 8.086444677767432132e-07 7.604947791389266123e-07 1.380106486943621331e-06 3.794413938135101747e-07 2.145621494432968341e-07 1.152553942094262048e-07 9.770717484528170521e-08 1.799856930462490702e-08
2.159005575402347000e-06 9.143457533343474404e-07 4.334623763032883074e-07 3.934885492514112793e-07 5.270993963543635733e-07 3.007678722668846457e-07 1.830232323204846879e-07 1.199595792780888889e-07 2.849478481447780439e-07 4.691234547119574408e-08
6.328567833259759121e-07 5.197915862477263862e-07 4.369687598159110239e-07 1.578243324605619468e-06 5.762420947381649700e-07 2.689830984365345019e-07 1.816821688741225159e-07 1.051899739198651006e-07 1.527931787279109924e-07 4.398788925417282029e-08
