4.621425164992100930e-07 5.007908429333037394e-07 5.877468845579187166e-07 5.923310685921758415e-07 4.130397590618072768e-07 3.772669929140905704e-07 3.233623171202488131e-07 3.826906636252382871e-07 2.084286104944147008e-07 1.725685413522483300e-07 2.312612200637446020e-07 1.243429232743014844e-07 7.648216103504897721e-08 1.802698260464940253e-07 1.842787332286454693e-07
1.823026579013892734e-06 2.358685201319524931e-06 1.777310007018947806e-06 1.879779414068321737e-06 1.081795229033275177e-06 4.814157990833574518e-07 3.865218294801926262e-07 3.520516981536077817e-07 2.783817327614240335e-07 2.312214384739345517e-07 1.915133936110797952e-07 1.299645825279824551e-07 9.485437329224263249e-08 8.518219323375551041e-08 1.490272948559475548e-07
5.980092499663662525e-07 4.938591218208108098e-07 4.420258729946104944e-07 4.259848038503478761e-07 3.288908193519286191e-07 2.640510695185717802e-07 4.027703135005756367e-07 2.184585529578715234e-07 1.703493051932027958e-07 1.348196831087113058e-07 1.093019187161972094e-07 8.609943036466576960e-08 7.001428276447765995e-08 6.634764136991192835e-08 5.888571389376164384e-08
4.610154710783803166e-07 4.256258745993356272e-07 3.810968053858645838e-07 3.725611449104403146e-07 3.979619980758234708e-07 4.268617730712924055e-07 2.906895142010728119e-07 2.161419361023809884e-07 1.724879620446087489e-07 1.487978182876075838e-07 1.160716903191400669e-07 1.560415816805082061e-07 8.430990356617148364e-08 6.194023112020136189e-08 8.414635092599383865e-08
2.237751542803687484e-06 8.830227755863262477e-07 4.718498718102996580e-07 3.706256550423023528e-07 2.644596301887539419e-07 2.245621830467291118e-07 2.041064792773577144e-07 1.888852861432423162e-07 1.602481939028612911e-07 1.378530571384341468e-07 1.366534370030659382e-07 1.152766502527434560e-07 1.164641563602694895e-07 1.003845874929594434e-07 1.057867358813157301e-07
2.558632144016866627e-06 2.347329629479000699e-06 1.472149781906292759e-06 1.886826512818494199e-06 6.093226014684750416e-07 7.895866233189658177e-07 5.837817802675836392e-07 1.181531306557458739e-06 1.038944065087825021e-06 2.137060213607961635e-07 7.363547271737535037e-07 1.583816962971447735e-07 5.924439810032538687e-08 2.192829218629403817e-07 3.566447674276514405e-08
5.766897635689802457e-07 5.511999251508860602e-07 4.686095392419480600e-07 4.222214649297478272e-07 4.042560650985554742e-07 3.348003885039002559e-07 3.030749692973853260e-07 2.515501225946862863e-07 2.915004639446214875e-07 4.085026711355958792e-07 1.478624329529503504e-07 3.447054431292848167e-07 1.103429847236184128e-07 6.164089362196002568e-08 3.912057078532501411e-08
1.679598292853472016e-06 1.042981857044683899e-06 6.571186322035725745e-07 5.337161367139882678e-07 4.662497905818189528e-07 3.651382238735791305e-07 3.113983119808983619e-07 2.715123822070427901e-07 2.217704916282841882e-07 1.807367829777614074e-07 1.414908522521736185e-07 1.143268717188871034e-07 1.652157335979138601e-07 1.071858216866885419e-07 5.844482665150973372e-08
2.472688622250000582e-06 1.703293878307360820e-06 1.795438786318427087e-06 2.780885917253458490e-06 8.917767140684404741e-07 6.676552742297213108e-07 3.325707757162070393e-07 2.793539541645809566e-07 5.643835212451599118e-07 2.254115941458701544e-07 1.521868267248280784e-07 1.225587548900837278e-07 1.485727851016876592e-07 9.691998975735110732e-08 6.095564216783893500e-08
8.525008068861869949e-07 6.519706406035302181e-07 6.645905251746532134e-07 7.693246894090892512e-07 4.799249290898153089e-07 3.056501785667466723e-07 2.558536853355081934e-07 2.108227689318727070e-07 2.969518896020321534e-07 1.717484095109281679e-07 1.494145393489873021e-07 2.686484966349772535e-07 3.256655367499731197e-07 7.385500605303374250e-08 6.975063687266590939e-07
1.078316572546886918e-06 6.763305753731582902e-07 7.099533925774803791e-07 1.248976432372985961e-06 6.862980131931921114e-07 3.800063639621724798e-07 3.193750569215724330e-07 2.731686534091905932e-07 2.281649154607204781e-07 1.746720634163775551e-07 1.658059996772138715e-07 9.516163390232846991e-08 1.918064979204508449e-07 1.277208368367397996e-07 7.060839093761952564e-08
5.815737225745720291e-07 5.371680687470889008e-07 8.057606230719477927e-07 6.051294302915446805e-07 5.185570727912912168e-07 3.538108235148794432e-07 2.853979996893889409e-07 2.328272888084656414e-07 2.878797441743643581e-07 2.627690169230701359e-07 2.268617516458139511e-07 1.019538726038744048e-07 1.416747969415402025e-07 4.752030223816556262e-08 7.293558498680001274e-08
6.943504611139032188e-07 5.887438957203156112e-07 5.057534297434273019e-07 4.355084940441158613e-07 3.790113885103968642e-07 3.487533978842471648e-07 3.107123915097232506e-07 2.487683317094436194e-07 2.239195683932073358e-07 3.345977717018781346e-07 1.295045760435732983e-07 2.631368928905628846e-07 3.106769257134592288e-07 8.022762498576718467e-08 4.363325904372403680e-08
2.087691233593895670e-06 5.933718889586722627e-06 9.125799386087485203e-07 8.743631701526514973e-07 1.716972617151984517e-06 3.735023498487439542e-07 2.626367637642228093e-07 1.942340273627117464e-07 2.417345573191307750e-07 3.622806779363468073e-07 3.602465437736004513e-07 1.852688323500568950e-07 1.234002538592224374e-07 4.888603014629074411e-08 1.034840810745350792e-07
2.589497178147278781e-06 1.771635129323786775e-06 6.607462367303545709e-07 5.070867473612136817e-07 4.437200630840124557e-07 3.744051780285908630e-07 3.178875754008030611e-07 2.586005894607909182e-07 2.160255736357140470e-07 2.642967277042966624e-07 2.158131232955340018e-07 2.306204967692131542e-07 1.174112365885476490e-07 1.926135834334053744e-07 2.533302424221818379e-08
9.261259808544304278e-07 8.661078317345701442e-07 6.066937040374250700e-07 4.302893675933156136e-07 3.720276674696826653e-07 6.188227590917031563e-07 3.510019909655324054e-07 3.581194548761917500e-07 2.246013155249011741e-07 3.948830912217486088e-07 1.545465184096550038e-07 1.608749745837759820e-07 7.636166700384096572e-08 4.170483916748225519e-07 5.911504176844750031e-08
7.895147306051509226e-07 9.352751834555273750e-07 7.134261935615312385e-07 5.421536830324976765e-07 3.952236284918530732e-07 3.941412215556742496e-07 2.476372321135766664e-07 2.192614664692208793e-07 2.673965317289024385e-07 4.533841149527810354e-07 1.863400837390277460e-07 3.515121822218119651e-07 1.514287981273898980e-07 1.439675618115407098e-07 6.010522278077880354e-08
1.905039611387862722e-06 8.840017628218345249e-07 7.827577087361305528e-07 6.079923445346137512e-07 5.082470322504292036e-07 3.843342611192491624e-07 3.168790216940989896e-07 2.842622823702154946e-07 2.846414677309317435e-07 2.095115735154929655e-07 1.419933459077246583e-07 9.557125773093303480e-08 6.016402761141769722e-08 1.022732473088941501e-07 4.070307808713462567e-08
5.923609833599408912e-07 4.453449403803035154e-07 3.880587010836597451e-07 3.693520184442931033e-07 3.167777732882245893e-07 2.685364419670181834e-07 2.230793773969357059e-07 2.034606833843833259e-07 3.420839597782965061e-07 2.386542997030313774e-07 1.176414613170750899e-07 1.517575320083692392e-07 2.853537174943440795e-07 2.270165944022250665e-07 3.708122587891458106e-08
1.315151846440101108e-06 8.004115013863822289e-07 5.220343686183185793e-07 4.461870711514319314e-07 3.154548445347883113e-07 2.617292593960789196e-07 2.463406529301060248e-07 2.034376432593204077e-07 2.043027878518454761e-06 2.698215763254184277e-07 1.465164075822981272e-07 9.398500239636190576e-08 1.707302740638968391e-07 6.947549047259611272e-07 4.406855281081533370e-07
5.824135467236060962e-07 4.803112470407845451e-07 4.236923654628010216e-07 3.664201236202190085e-07 3.214693958138438224e-07 2.672153465485616037e-07 2.291875628123460745e-07 2.082883636899740189e-07 1.853633776169252848e-07 1.415565779081644292e-07 2.395804621749225874e-07 1.183966878926518530e-07 6.369541604509788950e-08 4.236204835649553546e-08 1.192000260456414939e-07
5.645166886430966676e-07 4.561863705507502703e-07 4.950956039138123541e-07 7.134364765448500155e-07 3.306940636262450480e-07 2.250352477621653272e-07 1.888679330661033935e-07 1.869460698071724742e-07 1.482102467466443434e-07 1.269220429465277898e-07 1.049812210265386803e-07 8.845227856024194403e-08 8.873205392572651385e-08 4.832069819226548883e-07 1.796942644246806400e-07
5.577999186489514328e-07 4.406931459771850496e-07 3.470346665715536821e-07 3.024193651401708802e-07 2.358271926078542353e-07 2.112270122027394071e-07 1.854390655282910028e-07 1.577913896009364926e-07 1.354261094212932069e-07 1.167310063633736769e-07 1.030610448109484566e-07 2.183131905337233532e-07 1.066393160583332278e-07 5.535941953693089390e-08 7.238616843136173026e-08
1.721444258789993089e-06 1.335574251867582658e-06 6.939853206188717582e-07 5.529056573859019783e-07 9.298216426584947667e-07 3.837241154720811034e-07 3.036716845480468733e-07 3.118733470178227554e-07 4.120447324134152239e-07 1.563313359277321812e-07 1.210648149273187197e-07 8.761560674142463652e-08 6.056337506923941937e-08 4.276091709005088990e-08 5.050271778107794408e-08
1.083785719862768782e-06 9.618561567540768423e-07 8.268195053703366673e-07 5.059617327635208937e-07 3.804921190110938005e-07 3.954243857242327589e-07 9.269040991263833654e-07 2.771891433005047613e-07 1.819688468541617919e-07 1.479266282626813536e-07 1.186715966623692388e-07 2.516859588123330261e-07 7.304509045087666900e-08 1.282823905180775597e-07 6.276309918113000790e-08
2.520731780007738856e-06 1.736301441586447539e-06 1.976308241922115395e-06 2.825039752339687155e-06 1.501455657884961516e-06 1.121523230128554366e-06 9.469981420032694740e-07 3.338153127601726784e-07 2.102990462225592080e-07 1.720577133358251468e-07 1.329763180046615411e-07 2.760062087917095231e-07 1.050010630958810114e-07 1.474442113068273928e-07 2.501264329433027991e-08
4.482715204481129188e-07 4.461169389753398409e-07 3.774546220401473162e-07 2.992353771664282464e-07 2.465719841782790619e-07 2.315250958801189318e-07 2.152092006588000340e-07 1.775643416453142285e-07 4.548113576469093234e-07 1.309765285403946893e-07 1.125508242619459150e-07 1.493055177223441076e-07 2.038142121458802784e-07 6.866069677502689237e-08 3.078335817956936361e-07
1.175121413154467940e-06 9.140952600971254802e-07 1.467525446658840765e-06 8.005798816981728140e-07 5.972680324407995013e-07 3.865498625149428867e-07 2.585383708233798707e-07 2.275344475219426927e-07 1.922007183697466611e-07 1.673664943814801971e-07 1.215950158382838110e-07 8.949866477162451399e-08 2.629709559231088425e-07 7.670718325230607658e-08 4.083482615870941582e-08
7.246075449940817441e-07 5.247324218007095708e-07 1.052828270845334179e-06 3.763809676316661382e-07 2.923245960619398226e-07 2.848829030780044184e-07 5.372716018305851856e-07 5.434456493861890603e-07 3.047515225566407125e-07 2.573106293163801180e-07 7.476029720165371853e-07 2.393477951772786798e-07 2.518025454737393191e-07 2.648382405253314776e-07 2.440989355095017230e-07
2.307171811794393698e-06 8.052971416745413015e-07 4.242667050864229687e-07 3.737454938997275858e-07 3.219776766436374822e-07 3.194612967319954632e-07 3.135063443156806351e-07 2.112220722599011082e-07 1.795761945404080081e-07 4.900017555955501165e-07 5.120012618284375569e-07 6.444726678832830851e-07 2.027925798849403877e-07 5.143914356040466503e-08 3.526832261083760209e-07
3.731629438077943380e-06 1.550609995330183575e-06 5.882940449918969037e-07 4.263978686553571224e-07 3.619816749123292882e-07 2.863344000908679708e-07 2.332438761892946790e-07 1.974329394151761990e-07 1.663353285959969313e-07 1.278392694789024829e-07 1.019941533143684887e-07 7.675543227564486982e-08 5.907320819690669440e-08 5.750520070667598336e-08 2.362271421082992244e-08
3.169893875581691769e-07 2.837477784790864104e-07 4.338781381369231275e-07 2.691977289346834589e-07 2.598821331298958675e-07 2.301207754853003844e-07 2.667953925873305218e-07 2.067521482125204919e-07 1.656795419297609226e-07 2.286216293670385384e-07 1.180924820986299805e-06 1.752901305192293951e-07 8.478863040422322064e-08 6.195805650867921356e-08 2.666602497626197780e-08
4.321124849048165626e-07 2.352786403150376950e-07 2.154399132222158686e-07 2.083710841617036128e-07 1.921640476243485259e-07 1.423622584897544740e-07 1.226797965367947013e-07 6.734856794742047516e-07 2.254489217893999262e-07 4.788993597176039680e-07 8.203940731563756303e-07 2.980100724937968647e-07 1.331500664455008052e-06 7.731048313302285883e-08 2.315890695487162636e-07
1.015512846917206099e-06 7.617130750702836642e-07 9.354440466048794394e-07 5.709411234585384271e-07 6.041588518269500004e-07 3.414493657401882143e-07 3.250649177218539411e-07 2.825084078018130329e-07 2.397001442764182987e-07 1.741314608067951372e-07 1.547183437013246154e-07 8.514837150525867187e-08 5.415636886621944477e-08 5.068890848336809491e-08 3.466543981610312629e-08
3.237635854731657710e-06 2.775170076287210660e-06 1.463399427526329519e-06 5.867809546371231320e-07 7.261682477573656595e-07 5.817816411451554895e-07 8.674094745332317057e-07 2.327716493453263713e-07 1.915512446678870448e-07 1.519859988720867405e-07 1.289092590597798462e-07 1.378707657630811019e-07 1.626065197088139491e-07 5.705030976619050204e-08 1.246380688816745195e-07
3.228385442103014031e-07 2.984483949521835378e-07 3.937073262268537777e-07 2.893988320150043770e-07 2.360298406111906837e-07 3.269929552930823109e-07 4.236062648118434065e-07 4.047603514597705248e-06 3.464323055293941720e-07 1.891953945291907897e-07 7.442145238830668546e-07 1.081428825742116021e-07 6.978416664023822230e-08 5.547622777190927371e-08 6.572945706698528047e-08
6.805671345927892237e-07 5.694008469687666182e-07 4.492526747945496094e-07 4.144423686874824443e-07 4.752562767362001943e-07 3.093838417700245681e-07 2.729134006342664486e-07 2.698552448058219506e-07 2.076057590655856938e-07 1.434440161070351619e-07 1.017463466614755317e-07 8.358328798545517431e-08 1.532687295434444711e-07 1.615408375609836689e-07 3.717559770761698147e-07
4.558316287615655251e-07 4.166203429051542347e-07 3.599827359526049564e-07 3.236530235142667073e-07 2.968728996939535714e-07 1.277947411214992642e-06 1.813819611246269102e-06 6.058519020431209712e-07 2.893476595059968480e-07 1.543746562775417541e-07 1.424683698071019521e-07 1.777837630370590807e-07 5.624181762464435384e-08 4.723887367515482111e-08 1.793538076547081018e-07
1.399603164781084605e-06 1.301008678896407606e-06 7.708964277686926271e-07 6.228873369140642882e-07 4.500645840088123721e-07 4.539101381507504675e-07 3.267179161467639305e-07 2.293932690395871348e-07 3.831600741857532152e-07 1.553875693275094578e-07 1.172660067099105368e-07 8.103050302684047879e-08 5.346344906443383060e-08 6.150373084574567488e-08 3.504736398543303144e-08
5.197763213899671478e-07 4.883040119850959194e-07 4.296893603056230261e-07 5.605314644449631037e-07 5.207156535247225915e-07 4.390212957999980107e-07 3.789274393872494807e-07 2.659176154446875516e-07 2.359417807957851300e-07 4.165384046088758471e-07 1.627075280288754709e-07 1.681337051192396112e-07 1.692595405054955455e-07 4.032232003867292184e-08 2.558216454335620680e-08
2.066097419218315608e-06 2.024856333550255658e-06 1.103057198566226099e-06 5.193829955468779231e-07 4.824291887376897076e-07 1.667540691037432113e-06 6.482077699694764425e-07 2.683944078063617422e-07 2.465675467394857122e-07 2.119301764718479576e-07 1.136360387545720796e-07 6.983089771618605903e-08 5.153979758774357746e-08 3.334957800228376824e-08 3.851580757851341826e-08
7.898909124557445029e-07 6.012559576363715886e-07 3.757544408092791260e-07 3.385934186814021403e-07 4.606359318370536128e-07 5.431110919324748922e-06 8.470996313845243111e-07 2.454772537554209206e-07 1.417493192139394261e-07 4.028054443456021301e-07 1.314759372554409587e-07 9.504369742397745803e-08 5.423809903420464705e-08 7.689031271304987370e-08 3.039725722570195755e-08
9.659776400994233909e-07 5.749233665193608424e-07 5.010947821958600419e-07 3.673110766124601530e-07 4.265446371893925360e-07 2.738195360568975957e-07 2.544581116338790584e-07 1.988269315705923617e-07 1.798178439578506801e-07 1.621469023604308539e-07 8.865925849558380647e-08 6.946065909676488134e-08 6.936725850496956849e-08 1.188694111295624632e-07 3.980687445190970614e-08
1.118514832022418401e-06 9.396413573724300779e-07 7.044456711553032308e-07 3.839674741715602885e-07 3.346183503292220774e-07 3.064050946705430381e-07 2.621082653059796560e-07 2.331219744165103196e-07 1.812128466714786390e-07 1.392272703733217048e-07 1.030718823515924644e-07 8.082033463441126525e-08 5.863483918786992271e-08 5.489952504772581272e-08 7.570131839091483938e-07
1.069025804950288868e-06 4.915194254888888109e-07 3.962956145012154873e-07 3.307695166760157059e-07 2.631833433725313984e-07 2.235383387955703834e-07 1.870325238286737412e-07 1.645591477721435767e-07 1.333662475361386895e-07 1.277875874170950803e-07 1.869771201897812846e-07 2.779773369508518461e-07 6.198610582954403998e-08 4.145981206136452110e-08 2.834431060958195630e-08
9.314243000557924118e-07 1.436249343870566340e-06 1.611317937663627536e-06 5.365112111363475058e-07 2.405432684542892912e-07 2.107011437609749734e-07 1.739210792747035396e-07 1.509244678491940810e-07 1.399048323067001023e-07 1.294267159072982926e-07 4.011447970194218711e-07 1.011682169036670647e-07 6.876967404062883034e-08 1.178678977042972852e-07 1.862097116359517098e-07
1.956085999190130448e-06 1.065284486730287708e-06 5.488763318098555666e-07 3.762491452993255282e-07 3.798573968230009733e-07 5.330250141582858091e-07 8.433523739923348551e-07 2.310388559236446804e-07 2.273458544537221478e-07 3.395717048114841952e-07 9.795552669553874378e-08 7.038835909895049478e-08 5.419239108577291407e-08 4.481039974398541404e-08 8.290314366351006457e-08
1.175673412957092737e-06 1.023222929961857220e-06 1.186879178393337835e-06 7.967796307058670183e-07 6.458831043795280880e-07 1.141648972495384240e-06 3.074504425769963345e-07 2.258513216476651365e-07 1.897528260594224277e-07 1.476780925794788471e-07 4.601516685810008262e-07 1.146028128966047308e-06 1.458584469789080740e-07 4.755782506244878308e-08 8.570625251166110528e-08
9.278841523013958636e-07 6.197901927770561424e-07 4.874285731703142675e-07 3.265701101018354566e-07 3.475988289075308455e-07 2.792990392116742492e-07 1.959881173373160965e-07 1.386633527324950167e-06 8.775156733668911160e-07 1.515422786277675871e-07 1.418120473105650384e-07 2.163012671922374508e-07 4.412615242430112559e-07 5.906168424357303412e-08 2.873469294504195827e-08
1.883588682048450580e-06 1.815459906943842098e-06 1.433104000171462543e-06 7.704562736507931595e-07 5.450705480775092048e-07 4.236444975742282067e-07 3.272581184939402049e-07 2.631854459715171015e-07 1.919270538637755881e-07 1.435750443815551639e-07 1.145543015966572488e-07 7.794526814909113308e-08 6.446084490391242781e-08 5.212481957528297041e-08 1.212899092249395885e-07
5.295360644721006209e-07 4.460679166583057289e-07 3.942544222052557502e-07 3.416107662918205047e-07 5.738350774993641358e-07 5.925975456538453131e-07 9.202919583539040762e-07 2.248057310240339363e-07 1.732455121412732288e-07 1.303032734234962076e-07 1.015337501224850877e-07 9.200003635972138137e-08 1.180471471169708184e-07 5.022016220117418797e-07 2.832238513717973939e-07
1.931780527435419043e-06 8.909030017316735158e-07 5.975627133635121897e-07 5.279971199803373989e-07 5.886262221895067913e-07 4.767541792067405687e-07 4.124138079331286758e-07 2.375401309510083227e-07 1.951584528351099839e-07 1.513660818746462838e-07 1.107617021557554628e-07 3.016842410210122578e-07 7.144337405481906576e-08 8.387870285791530612e-08 3.020051130070484222e-08
6.056245576563938949e-07 7.638764879150410606e-07 6.371871084530165613e-07 4.855194042580815467e-07 3.831227351433888348e-07 3.173692606393653019e-07 2.308620292931772330e-07 2.408208414029166210e-07 1.838138087270431590e-07 1.406126920611058941e-07 1.118922249933079129e-07 8.228704556685899112e-08 6.214486423424750546e-08 4.606544299735245442e-08 2.356479954217027001e-08
8.527385723365373662e-07 9.006194492846617673e-07 9.052089312942703936e-07 8.367387137283180011e-07 7.178142724802816889e-07 3.311631175180528545e-07 3.339731191881015632e-07 2.152674453078654975e-07 1.652463405185846842e-07 1.307706106205721126e-07 3.117157088618092614e-07 7.269354695297692639e-08 5.272830927888811578e-08 3.831874567582475378e-08 3.202847178958511003e-08
5.007658752341052114e-07 4.330361400181346500e-07 3.647778267648338689e-07 3.428377572166719092e-07 2.905790948069915237e-07 2.639390818509566896e-07 2.424672254436731766e-07 2.105377217127691950e-07 1.819226569504272449e-07 1.348361094396855671e-07 9.910190869411292112e-08 7.755928993900131240e-08 6.158386303270532854e-08 6.978004739031691659e-08 2.046889099686760716e-08
4.919962753129551147e-07 4.156831623011323452e-07 3.191558183351891790e-07 2.761938910808179213e-07 2.631929537817632167e-07 3.249586693158284191e-07 2.547901818321168975e-07 2.192984813720317800e-07 1.934994299274487718e-07 1.720161509078347570e-07 2.587234210105942632e-07 1.832536391690833621e-07 2.732257333559558537e-07 2.553875785283499974e-07 6.420509864204976601e-08
1.121683634689313000e-06 7.515610684834285409e-07 4.511236890449722816e-07 3.645183293806949457e-07 3.145924475225040748e-07 2.412364356597267980e-07 2.087627526731016418e-07 1.874284957583130734e-07 2.759550056329537641e-07 1.626576380383847375e-07 2.158698464693682569e-07 1.054835921250375701e-07 5.913437007753655307e-08 7.165162450182963060e-08 6.849627994119924077e-08
3.833080531882137258e-07 3.882635966795398900e-07 3.241128573762058679e-07 2.826091498066582194e-07 2.518833153211080835e-07 2.263711599773797806e-07 1.959478548105648720e-07 1.741522053700428461e-07 1.561007076735562043e-07 1.299248701617112408e-07 2.488129953812173169e-07 4.623041031617672636e-07 6.290805229481865813e-08 8.249999377341698822e-08 9.560435943559960800e-07
3.771178617790279023e-07 3.480469916025766845e-07 3.194850067068973816e-07 3.363989130020501330e-07 3.875396082120849223e-07 2.328839344367971643e-07 1.978787505336170861e-07 1.754349030255025750e-07 1.462963788321198171e-07 2.692775983564873768e-07 1.696230167404327537e-07 8.958145249295447282e-08 1.255204074197244352e-07 1.282627654848505625e-07 4.098696093411660524e-08
1.322524543807361129e-06 6.937154045310006117e-07 3.093906691077372287e-07 3.745864544056450007e-07 3.138234135768809801e-07 2.756434040275900453e-07 2.651426186943873643e-07 2.854160057283244407e-07 2.098648821015799520e-07 1.295653598589484388e-07 1.050731349001334166e-07 9.549594544288279268e-08 7.298495189612783284e-08 4.570554840364100496e-08 1.135492471383745870e-07
2.273376468774692831e-06 1.138295542071687042e-06 8.350711856417816537e-07 1.240442130706648413e-06 6.517508779354349713e-07 6.288568280967852824e-07 2.362399468616796482e-07 4.007152644036862445e-07 4.332593046019501244e-07 3.973772420744040918e-07 1.667748284903393418e-06 4.742349165921213704e-07 4.791958959062154185e-08 3.896188574190788816e-08 1.739558233231905488e-08
1.492954919111005985e-06 5.781470735402726553e-07 3.906417428435485999e-07 3.484136005344615014e-07 3.033861273122999344e-07 2.647079294141958795e-07 2.262194057979614523e-07 1.896665297553665510e-07 1.576210362333998002e-07 3.505049327329136466e-07 1.100193678589151207e-07 1.647064549144909408e-07 6.211250349974678408e-08 5.950599175270968499e-08 3.495252542048781419e-08
4.642931101817214848e-07 4.080462434965952283e-07 3.617117060698033190e-07 3.190086461245499027e-07 3.054703130843232074e-07 2.807646926357701263e-07 2.721838481767484875e-07 1.921760397632570328e-06 1.258726742735207958e-07 1.663457835571040313e-07 8.992682256529832561e-08 9.373840008174402347e-08 9.669858796287372425e-08 3.797200926292455607e-08 4.584314905628415496e-08
4.747379873838909272e-07 4.504879337110532148e-07 3.469912941229753083e-07 3.019025588689168226e-07 3.598383998919958258e-07 2.955990863975032909e-07 2.345256838030838024e-07 2.019826732331669361e-07 4.862436481060785317e-07 1.338265343901701645e-07 8.625185622479497792e-08 7.067587765468532494e-08 5.884539017793561608e-08 4.136349420062030596e-08 4.217581066628297753e-08
3.335098127970436894e-06 2.437195856988027446e-06 1.926630847102198432e-06 9.567980687475989796e-07 3.107683880011702486e-06 3.772068709131570531e-07 2.595003224224051310e-07 2.044691525814220215e-07 1.695187106724054363e-07 1.073817290146118192e-07 4.489743463252843871e-07 2.313383718025964333e-07 1.315492469606820854e-07 6.069214433556782975e-08 8.216491904627100666e-08
7.052917897020225104e-07 5.877266518280706428e-07 4.823855800127710607e-07 6.211717537110844794e-07 2.662196841871369876e-06 4.603884225629274577e-07 5.159033592859038112e-07 1.232869409366489744e-06 1.699138176835257503e-07 1.292306722498462667e-07 1.397066449901787366e-07 1.749842894667742509e-07 1.239751050677610017e-07 3.424161454912067910e-08 1.251823859190752791e-07
4.428609613545635200e-06 4.553610718795749371e-06 6.008763945929818497e-06 1.619274317698398792e-06 1.217154692565862839e-06 5.587274403355981120e-07 2.844117121924944380e-07 1.858004494144655530e-07 1.620834001973828483e-07 1.243682602418638615e-07 9.735250353940816537e-08 1.074597804266423628e-07 5.621564550219272652e-08 7.016365499861863289e-08 2.809477340165623563e-08
3.028378135261013707e-06 1.226922756074462265e-06 7.859004122732022999e-07 5.230985751365523367e-07 9.205914602713944010e-07 3.873315712834763537e-07 2.713745377832005653e-07 2.185330205225616064e-07 1.711321888806871218e-07 1.227890352214933683e-07 1.322405509713359139e-07 5.529670877590437757e-07 1.742691726844278460e-07 3.942072417373082908e-08 1.832091889357093526e-08
3.452181299320372094e-07 2.564420388204945248e-07 1.949118224413733126e-07 1.582264832704344940e-07 1.663027041178833903e-07 7.161896647660586174e-07 8.574788469513670466e-07 3.140288820914038890e-07 1.910200863411588978e-07 1.361678699321795116e-07 1.078459677996742345e-07 6.733425250707041104e-08 5.313094704661874863e-08 5.769339536110065660e-08 8.641390641322932323e-08
6.097894529939627038e-07 4.065987953941200076e-07 3.084547572343058140e-07 2.662773292101779629e-07 2.206122227272013980e-07 1.706065769005518877e-07 1.333759598426183434e-07 1.192950583953916801e-07 1.026487696709242798e-07 9.115341158740433011e-08 8.122268162681734422e-08 6.280025113812626205e-08 4.578051328129496828e-08 3.617694290386916407e-08 3.168534049364759685e-08
5.019042588636097014e-07 4.013634996717871533e-07 3.558509381024516142e-07 3.208562500009386497e-07 2.989514095388314755e-07 2.628436634159072485e-07 2.422839228456278875e-07 2.183610585994064428e-07 2.684573193967531165e-07 1.290061705162214158e-07 1.053271527407386863e-07 8.979269530645934677e-08 7.064999547903372191e-08 2.134703656229120187e-07 6.866316636367463232e-08
5.673286872777747541e-07 5.238836651251032825e-07 5.881713952297257478e-07 3.962820623146815951e-07 3.810575665971900020e-07 2.802843963869598328e-07 2.675269157725872149e-07 1.293503244425257865e-06 2.544871451274550238e-07 1.447529567673333658e-07 1.399433876455803209e-07 1.636312304093367766e-07 5.968677191715453025e-08 6.260574325967905206e-08 2.339774094376021743e-08
2.571664113320444454e-06 5.486394429805462808e-06 2.688758350696210995e-06 1.624146733374674280e-06 8.786216828218003939e-07 5.371305666520459971e-07 6.126793981811323753e-07 1.922557487952257489e-07 1.455090079825197137e-07 1.059235500899322921e-07 7.966832129768949986e-08 6.488016334945551754e-08 4.985769643148351784e-08 3.794592969880651093e-08 2.792008596427440566e-08
9.047168611427110354e-07 1.448045439759149386e-06 1.215027378750952530e-06 7.001827244268499670e-07 3.674599785480926358e-07 3.734280596323832868e-07 2.803363991820871437e-07 2.765016249047654780e-07 5.329652939835152724e-07 1.913190329233532407e-07 1.427457772890799156e-06 1.223273134979794358e-07 3.016107085157680358e-07 5.414896773451254469e-08 1.168845616082513814e-07
1.352565687837896763e-06 1.025030386881407700e-06 8.945038918306428620e-07 4.393424087686539333e-07 3.352342312460785959e-07 3.401138653951536654e-07 2.457265001381107074e-07 1.703199969637104829e-07 1.471243509575541372e-07 9.255440988121834218e-07 1.154958534544725634e-07 4.524748516744371685e-07 6.451052791123274328e-08 3.732495046675454857e-07 2.138027577047955657e-07
8.590002792099523712e-07 1.020830346093492321e-06 2.933211821595150475e-06 2.793940821375052852e-06 5.057287457522682410e-07 3.534376967387556938e-07 2.550592957206257132e-07 2.014766803640960291e-07 2.863075159972877427e-06 1.322794846779358407e-07 1.063995323440196352e-07 9.712987295975250103e-08 1.986868931570010706e-07 5.015792084721662025e-08 2.401625065400799458e-07
1.036472361407211676e-06 7.187305673542301544e-07 4.488972996182168951e-07 3.055218272179658324e-07 2.415306462348020662e-07 3.130594268224632291e-07 3.714622647403764373e-07 2.015901577609387261e-07 2.124780860915529585e-07 1.090887099846978322e-07 9.316859105500691914e-08 8.266455676704967428e-08 4.964468415094567581e-07 6.409912907833687784e-08 6.322300362706435064e-07
3.039103734013108723e-06 1.491849734458758811e-06 6.971691016782033029e-07 3.949165737137142508e-07 3.025427041988118904e-07 2.617825741840394795e-07 2.203704559949243024e-06 2.533916058687691560e-07 1.417620604819883243e-07 5.714640403044205184e-07 1.360550596608381237e-07 1.482451191478392743e-07 1.568135467494513484e-07 7.025721029765178406e-08 6.645280731869281872e-08
1.674797168499837251e-06 1.206917522452275222e-06 1.063013934189593255e-06 1.043168753236970033e-06 1.268538561341817628e-06 9.047503431193003276e-07 3.771317932255820083e-07 3.219948441633821559e-07 1.834502339789861383e-07 4.482205857629430407e-07 1.816009597889180924e-07 8.504378445944628877e-08 6.388817463909340491e-08 3.691353215409141179e-08 1.303359194505307702e-07
1.779569989651153143e-06 1.376521218404016681e-06 1.587956251547893831e-06 9.700746384499165251e-07 1.547432860319166228e-06 1.885175827269235616e-06 6.185985837295630717e-07 3.272133279625818747e-07 3.895191777743028228e-07 8.454128251587057328e-07 2.283067911314284284e-07 1.449717156798190163e-07 1.941261653916720486e-07 2.331939861054114692e-07 2.412323553666816975e-08
3.847966284008055103e-07 3.764044097681619126e-07 3.495513389826941540e-07 3.774910970423299782e-07 2.903850540921809545e-07 5.970993072473635784e-07 4.612898047870280749e-07 2.110140182450642326e-07 1.507577372818515413e-07 1.114905384188531012e-07 8.676955179177014995e-08 7.717835637414821605e-08 2.120914172065095644e-07 2.079726928868491073e-07 2.694955743895384184e-08
8.945643755065076232e-07 8.115223989008322650e-07 8.587323090637428545e-07 4.484552281802807267e-07 4.861036267879733794e-07 3.251133786775914200e-07 2.498580850235460638e-07 6.669197233084399473e-07 1.945715615684685594e-07 1.325934139697742326e-07 9.752521863051322536e-08 7.999174092924044853e-08 3.941378181524193240e-07 4.204952998566589807e-08 2.185953656775730346e-08
1.078361561134954716e-06 1.389923390783917726e-06 2.527654512711039980e-05 2.055678880693221619e-06 1.877315832156343276e-06 8.936575784249272851e-07 3.647395315677764698e-07 2.364534283722081119e-07 1.481604740610820043e-07 1.452433289753526660e-07 1.153912381528986524e-07 8.032218322121736968e-08 7.041665785158414894e-08 4.470160023910812706e-08 5.847759313659176072e-08
3.601692354045794170e-07 3.302411219133714703e-07 2.519104768717647377e-07 2.136935312470213834e-07 1.869467994866490141e-07 1.769384888020383082e-07 1.509939532433103434e-07 1.236065566499300021e-07 1.153311115689130485e-07 1.105243662501961768e-07 1.388108553741709693e-07 1.605433084397010391e-07 1.604089692629132934e-07 9.750431810561021150e-08 5.828609497681202022e-08
1.455574449082848976e-06 1.867217846631025605e-06 2.257374904331935905e-06 4.736466100842353668e-06 1.590017579418639458e-05 7.218336835422349146e-06 3.023313198521921206e-07 2.230385192327341261e-07 1.340816613298907823e-07 9.479212812529194277e-08 2.421844348691039319e-07 9.041230234968233963e-07 5.754834180128956132e-08 1.023475777946289629e-07 2.565667692101002819e-07
5.013112431797974499e-07 4.590526567116104553e-07 2.809278331180581708e-07 2.026807227700520628e-07 1.494622495203333406e-07 1.173398825025235505e-07 1.125651176351986529e-07 9.675470841945069701e-08 9.322724655402499133e-08 9.408893056535057943e-08 1.024001508663189398e-07 1.407867151976632649e-07 1.828080759178024034e-07 4.619510606548285829e-08 7.505299593663234274e-08
9.271391151532743125e-07 9.688752084175366448e-07 1.076781410220290099e-06 1.943533483175003487e-06 1.139091828105185218e-06 6.273750597412638044e-07 3.715141019441622382e-07 1.430396351304809407e-07 1.288003046447923758e-07 1.179027906316005855e-07 2.638670581781644485e-07 9.190414509340491399e-08 1.326564624723966293e-07 5.937862823749476289e-08 1.377537052293318866e-07
9.734426307318363851e-07 5.094171764330409269e-07 4.160507785429457234e-07 3.640959950760398038e-07 3.328216434427885537e-07 2.860601929887329999e-07 2.382739351102687434e-07 2.049406148100768051e-07 1.556089889483081869e-07 3.010397837955926973e-07 2.424072620554777254e-07 9.496802869202795883e-08 2.783599922245189303e-07 4.368656380259750854e-08 2.450254570745008512e-08
2.004010831679599739e-06 1.392842969966204918e-06 8.718604103133814694e-07 1.130498463195008003e-06 6.692563479521613122e-07 3.361221440179485388e-07 2.388200114872487717e-07 1.981847869261867357e-07 2.080586706146759192e-07 1.761545398396372380e-07 2.217475118704128113e-07 1.006483878682712826e-07 5.913756377878725078e-08 3.292085199778366939e-07 2.832482636529790530e-08
2.999119697545260298e-07 2.965212916731830700e-07 2.356579694597794348e-07 1.997911617712474210e-07 1.581154335434380938e-07 1.384387404692323998e-07 1.424221927419846471e-07 1.310215947642883664e-07 1.297296090224966082e-07 1.489934109119636552e-07 3.335348169357913554e-07 2.371374288433110897e-07 4.324553917340724936e-08 6.667380786898876257e-08 8.247741507268761744e-08
1.470713534303787440e-06 1.275517400214046199e-06 2.607996637084037775e-07 1.760297927014556530e-07 1.785059583593208825e-07 1.541659665770215957e-07 1.354371674274145663e-07 3.324396160616882591e-07 1.203392816431632507e-07 6.069331841494534099e-07 2.246157686321113434e-07 5.893082031240361370e-08 5.092916654136140044e-08 1.088847337377158771e-07 4.941225174855562290e-08
3.818235780226925965e-06 2.123301882772900953e-06 1.613970046805817913e-06 1.259110281653093177e-06 2.598320341760604837e-06 2.404361736460477936e-07 1.746539991792816104e-07 1.320312392590157597e-07 1.255471141600717793e-07 1.088617481227373750e-07 3.460458783299179380e-07 8.747615298639214544e-08 6.468448960791606150e-08 1.371345768791268806e-07 4.059489115045481178e-08
3.750739682003548213e-07 3.009226757393252300e-07 2.534136453954323861e-07 2.135659083970092974e-07 2.174796071112748669e-07 2.107815465792027525e-07 1.798915293964320848e-07 1.381594413444948888e-07 1.004720417399243120e-07 8.026548842978890592e-08 7.980062249526150724e-08 8.627227797828818559e-08 3.736805137392627779e-07 1.622860702349476338e-07 4.240931930119978609e-08
6.576578617489107421e-07 5.480669841819449815e-07 4.773049859181372835e-07 3.433410614316517884e-07 2.963388962101105831e-07 2.664899182781230760e-07 2.233775873285068137e-07 2.100476583849158648e-07 4.204349977976974419e-07 8.835497970548758752e-07 9.519177302086626633e-08 6.095587822835599384e-08 5.639485693959627445e-08 2.763069637181353300e-08 3.369600254334253884e-08
5.914912606984501624e-07 6.692552147084242128e-07 5.089115279447905046e-07 4.515308461423948335e-07 4.278862576329834632e-07 4.728387378273121296e-07 1.459767902142617704e-06 2.158541349495354530e-07 6.572879682854991440e-07 1.294354615791286273e-07 2.892000373021028743e-07 1.260024144649644810e-07 9.605403086457990710e-08 4.063032326986808604e-08 3.385857185589623305e-07
7.064802911277305640e-07 4.817250097036500292e-07 4.957565307423665146e-07 3.302422221916532064e-07 2.946054564164983786e-07 2.579373583090479552e-07 2.384518529283529434e-07 1.792489831701735352e-07 1.336933130625656406e-07 1.041633859076051581e-07 7.896182011786941054e-08 6.339350180373040763e-08 4.871774086652229167e-08 1.311711138628990292e-07 2.284961054149116384e-08
7.263505906844017333e-07 6.493366466144512782e-07 4.348649201244057647e-07 4.428034558835418216e-07 3.353654343834500402e-07 2.119875869796773927e-07 1.645127227285783901e-07 1.034506867254017803e-06 3.051030092136283353e-07 1.393913156302502021e-07 1.022170632516349845e-07 1.287728348648558351e-07 5.562774174743297711e-08 6.001753112168849326e-08 4.958017261289713213e-08
3.125979247276166210e-07 2.639702571627217325e-07 2.338427071650447213e-07 2.299349746824231175e-07 3.449724135128371728e-07 2.863208797545095775e-07 1.347812619929034387e-06 1.148743306388903402e-06 4.726371994564669879e-07 1.220255498035961072e-07 9.047308106998357759e-08 5.906792952768202167e-08 1.098150454950083560e-07 3.646585056444729994e-08 5.279449165374794032e-07
2.420088801028913634e-07 2.213466804353506693e-07 2.085168818249540860e-07 1.968550252346298299e-07 1.744843619136173885e-07 1.596839818714707738e-07 1.377149898578715535e-07 1.169117851108721883e-07 9.468490100295074717e-08 7.699293284812700756e-08 5.867508151013249679e-07 5.989671798818074151e-07 3.624769749615712658e-08 2.299575963295864991e-08 1.143771737496377088e-07
5.092604427383921944e-07 4.679159172616111377e-07 3.326856116576514783e-07 2.948756264534149560e-07 3.048769151717827752e-07 2.933826182672414009e-07 2.157250171889422561e-07 1.981152628860987636e-07 1.781409590616917028e-07 2.006818940740402603e-06 1.330256273605774123e-07 8.739911245999714697e-08 5.478657354926636199e-08 7.477448441108527301e-08 6.584653666380458495e-08
1.752238159042705884e-06 9.511911049279778681e-07 7.254366498558340796e-07 5.155084917260626338e-07 3.571253491127862870e-07 2.835985309026737339e-07 3.886839921920647065e-07 1.464282182173738588e-06 2.077913848677583886e-07 2.186970642064194246e-07 9.781317788010446454e-07 1.180078316080393481e-07 5.983102305574841865e-08 3.556293458668766083e-08 2.030028646921210414e-07
1.382023240304394085e-06 1.047356885899383719e-06 9.437128734631949551e-07 9.522944104431427785e-07 6.678248184142197719e-07 4.744171099482224982e-07 3.128933882363840779e-07 1.981058432136304710e-07 1.489947251866591949e-07 2.632161129696909168e-07 8.685202475436338390e-08 1.314282931254164973e-07 1.609948474876671805e-06 1.621069771715207634e-07 2.706611872816043296e-08
5.975265559485163631e-07 4.128756208905285874e-07 3.579915649927461727e-07 2.885749641016917614e-07 3.108171385954462361e-07 1.183951764648426753e-06 1.474949872835677221e-07 1.236788743385764843e-07 9.968752213933378202e-08 8.672402561111776844e-08 7.351650693198482348e-08 1.166270262287477766e-07 9.405096750356923882e-08 1.250910730549733035e-07 2.031930138667102697e-07
5.124280433815321588e-07 4.200045156867397131e-07 3.122898799417919892e-07 2.506122545977780600e-07 2.097373983271182563e-07 1.898783690335728290e-07 1.556458706357379526e-07 1.413134823851627069e-07 1.188146466199741804e-07 8.282646654203528201e-08 7.018099191902551207e-08 5.219532142103156180e-08 4.111125484867301305e-08 3.434098178387400849e-08 4.094645482250038558e-08
6.215763017593918379e-07 3.904467509100128332e-07 2.809237419054473783e-07 2.204303218230274733e-07 1.822980715861539481e-07 1.542117670062925349e-07 1.380401358683068388e-07 1.433094565383458875e-07 1.606506115108814980e-06 1.764837140562227404e-07 1.629964217792948798e-07 6.278257665823700364e-08 4.850978902321212846e-08 3.391352173543432951e-08 2.271593314550922066e-08
1.636917262046869817e-06 9.425302572303093593e-07 5.080495144067223353e-07 4.023069094694793050e-07 2.844610196863429469e-07 2.443433650627385196e-07 1.883744363182238295e-07 1.566799025712728076e-07 1.644057443575126168e-07 2.820417654592246826e-07 8.273679154148558895e-08 7.106438860354290893e-08 5.903370898058957261e-08 3.139267640222810099e-07 8.034036420323445193e-08
8.129952740168719398e-07 7.248703897298950537e-07 4.405936980694527552e-07 3.927897524415575995e-07 3.241121131683371545e-07 6.374338564533151152e-07 4.964629779385177856e-07 3.823310610462213112e-07 2.430297389854434006e-07 1.201658469724611520e-07 9.724128717738506991e-08 4.788715631195907202e-08 1.093054809079997244e-07 2.912945672139170853e-08 2.615943777251076673e-08
4.639089193701582411e-07 4.130603675029732219e-07 3.306226890473902150e-07 2.643616415637487501e-07 2.098299320326649637e-07 1.893876158250781523e-07 1.598336781157290763e-07 1.401686326147305396e-07 1.230067130888285061e-07 1.831249605085870969e-07 7.514753650293030234e-08 5.540395551736579178e-08 2.001797824398516230e-07 2.690719342933157912e-08 1.454724004161415619e-08
8.523978624416182655e-07 6.070598043303733043e-07 4.039567115151990610e-07 5.110495924577365675e-07 6.850672560558657717e-07 6.736843644644370947e-07 4.643229677609887274e-07 1.830764850604047022e-07 1.314457811120862264e-07 9.480352123632922260e-08 7.612250491403845485e-08 7.907169462190843456e-08 1.227415993914436532e-07 4.331728028050310783e-07 9.865611442774828669e-08
5.288238400295831548e-07 4.728105255233938956e-07 4.945586424372989702e-07 4.366565001184524786e-07 3.531356677132092089e-07 2.869929902751161403e-07 2.274718918798782002e-07 1.993040678317845020e-07 2.214699893059990402e-07 1.493905669862586934e-06 2.129966138850973742e-07 7.624821318404272385e-08 5.420901142269351437e-08 3.655718873826423030e-08 2.468512158404679096e-08
1.461541646560417736e-06 1.367649489326109690e-06 9.506535030491315712e-07 7.579422204120781695e-07 2.037102479883073501e-06 8.134596427209690913e-07 2.799086924137042749e-07 1.867048173527385605e-07 1.521690235967428326e-07 1.173307226699297443e-07 7.955534126884531221e-08 2.168372709483801198e-07 1.824254319010036854e-07 3.384579606060461043e-08 1.596925900396899995e-08
3.014804610674789344e-07 2.583156454511961118e-07 2.824689015205902590e-07 2.356796148990381028e-07 2.099941658379080571e-07 1.742585474779639600e-07 1.443442706024293787e-07 1.137140612577765091e-07 9.163455053254918351e-08 7.978681948263541966e-08 6.798177025326453769e-08 2.531994624430027558e-07 3.006901061733739746e-08 3.811591914106993531e-08 1.256690008192909856e-08
1.354546602408022942e-06 1.046757661077846057e-06 7.207935538618731319e-07 9.680144088372493456e-07 1.067945400195266843e-06 6.485430859649688682e-07 3.724986008562507146e-07 2.907730512451868740e-07 2.224424342320143551e-07 1.768010016753694912e-07 2.026873510661857216e-07 1.109906316426762192e-07 1.391961137369349008e-07 4.369220178877102307e-08 1.584264823018297287e-07
5.060564038423574578e-06 7.811824875394019427e-07 8.432093060108157787e-07 8.276223989219738287e-07 6.694008964747552633e-07 5.062896169154659560e-07 2.681029528656999519e-07 1.347808214105036456e-07 9.352390498455469538e-08 7.098984619651892257e-08 7.292205401152885306e-08 4.542898115094155567e-08 1.307236044574469915e-07 2.434175993799840930e-08 1.579550478264689186e-07
3.845725842991831130e-07 4.223912555724704058e-07 3.931610070276368932e-07 4.822007640586300675e-07 8.507074210114411792e-07 1.222854071159321516e-06 3.372230697731357948e-07 2.112421029501328242e-07 7.585634399636897845e-07 1.208382277320484259e-07 8.344699589958088717e-08 6.194930802090003501e-08 4.422439808524982351e-08 4.671783995007403559e-08 2.055357245469612948e-08
2.287142848084150909e-07 2.620444236757069146e-07 2.560869759726418427e-07 1.250752284800840297e-06 2.930299404530309841e-07 1.775092056572555404e-07 1.413519762848384128e-07 1.017117401330883455e-07 8.814707589806988107e-08 6.788560221379799742e-07 9.610466113931140339e-08 5.406135043229088385e-08 3.967572268533798277e-07 4.020833739973764426e-07 3.300909519029838758e-08
2.879640946451595523e-07 2.659128275417877515e-07 2.414154660654977403e-07 2.441493824985080665e-07 1.929780449220285529e-07 1.585762155818557462e-07 1.322147841012238852e-07 1.089214878500671445e-07 9.276224435065534018e-08 7.924600685269639709e-08 6.191064937648575166e-08 4.965994479390376980e-08 4.514384666492050062e-08 2.832549095184930522e-08 3.291765117059579255e-08
3.241329746450219087e-07 2.807151341965644964e-07 2.436718256551011182e-07 1.977755359857908317e-07 1.815757918768397128e-07 1.528099293745864346e-07 1.274638642486780393e-07 1.171384548799093323e-07 3.124690651371580214e-07 6.667005052924010010e-07 1.074582955966509860e-06 4.314739003773403509e-08 3.318892238446686035e-08 2.573500900989096722e-08 4.594805107343896283e-08
2.292428411095271990e-07 2.137136435630414405e-07 1.859092942437264068e-07 1.702739772373665070e-07 1.539735330429532256e-07 1.470690990064125093e-07 1.341669394033818950e-07 1.164558601182319184e-07 9.583755509841990942e-08 7.706153265820427794e-08 5.614348203171357859e-08 2.525439222398571219e-07 1.102948129477884186e-07 3.222732207463129682e-08 2.107596022716257660e-08
1.659057825082481877e-06 1.193407664377757359e-06 8.725080697763370948e-07 5.226968437951418806e-07 2.477136362118858678e-07 1.561884759413415935e-07 1.690734331391434294e-07 1.387382788285408786e-07 8.809602310178730166e-08 7.892310279395849553e-08 6.535108670737692923e-08 1.142723327055467135e-07 8.406250534853438490e-08 3.941100837551206973e-08 5.432120711880767045e-08
2.552524329647604621e-07 2.320227283790701718e-07 3.866355023917331128e-07 2.696230486680248626e-07 1.993874711969545082e-07 1.562286436160094082e-06 1.174342403859305714e-06 1.374043022233884634e-07 1.885834596777225881e-07 1.745190401977898847e-07 7.330804365224563181e-08 5.877210664045753084e-07 4.017896835912381969e-08 4.751900148091040360e-07 9.345986455947700177e-08
7.447519141274253103e-07 1.396166200278550458e-06 7.033240798104011023e-07 1.463408326046485342e-06 1.399124379713921614e-06 4.325363768483304596e-07 5.394361743787609563e-07 2.478283605400872618e-07 1.793724459714500428e-07 1.121881567754730713e-07 7.672365564061259151e-08 5.575445609604557934e-08 3.960212434435456043e-08 2.711932616290738261e-08 1.733975151651323185e-08
7.481233163459782998e-07 7.866566558959764369e-07 3.544785310244248833e-07 3.160291970566345853e-07 3.127590128609954570e-07 6.705120085838570758e-07 3.560751009906965206e-07 1.463457282649875061e-07 1.329371066676186191e-07 1.141452601974253252e-07 2.960229658114991560e-07 4.719490137971808303e-07 3.309526198295131493e-08 2.854724264521489801e-07 1.471404394208726327e-08
4.323795561138421697e-07 3.911750292776989641e-07 3.727911414978005233e-07 3.740999414128943554e-07 4.890709388341194395e-07 9.594658936437068498e-07 2.433950441875715195e-07 1.892815731563782963e-07 2.198158147944309850e-07 1.472579319490665844e-07 1.472813785837608154e-07 8.689856295240693174e-08 4.666798918741824664e-08 3.579254585949112654e-08 2.890346037788998698e-08
6.256698675253706610e-07 5.308947028482771538e-07 2.856571978531155717e-07 2.796639039876936481e-07 1.932746418969219536e-07 2.394242560152020073e-07 1.806690883969417840e-07 1.484965205126032585e-07 1.220481721213109972e-07 8.939370492851949993e-08 7.362022451887522981e-08 2.002267703232090284e-07 3.404815026558591309e-08 2.482289549107722070e-08 2.612741644699454466e-07
