1.768338431519982135e-06 1.243592507622802437e-06 9.194641425206672279e-07 7.276196808733513764e-07 6.266498641692234180e-07 4.448654023988224813e-07 3.231191909389324461e-07 2.208284908606419621e-07 1.641652144849190269e-07 1.340029713487726316e-07 1.269931744129163065e-07
2.368054740124063190e-06 1.783500021595368367e-06 1.094981819939111473e-06 7.975047421167961394e-07 6.153249874521032715e-07 5.018749267377733290e-07 3.631204742402958991e-07 2.412780763764226158e-07 1.680036233731613268e-07 1.172192843316414405e-07 3.053308253366967314e-08
1.369701563958869296e-06 1.219091094354188724e-06 1.073935980653036431e-06 9.071962302364467656e-07 7.309688008606931284e-07 5.246504679548186603e-07 3.706118999274602752e-07 2.349506546891463892e-07 1.547901665112428207e-07 6.451660567909614965e-08 7.786834991255327665e-08
1.375296878767608670e-06 1.165822807517801998e-06 1.015238246003969058e-06 7.598583434886163561e-07 6.111060207882554114e-07 4.958001084988931422e-07 4.230272263383276629e-07 3.211975252749499778e-07 1.424712193102979795e-07 6.794109942023750436e-08 9.832599451148310295e-08
1.987424492932999308e-06 1.588264744331238282e-06 1.218136227146308900e-06 8.243793406310152089e-07 6.094544056520365785e-07 4.770932487308842117e-07 3.322643961005887065e-07 2.139797059247554228e-07 1.905726369542848397e-07 3.245601945349080343e-07 1.358549827200780167e-07
1.479964653558985434e-06 1.241519679063367610e-06 9.538791674318286311e-07 8.224774255521769866e-07 6.233563413566876450e-07 4.750429492033053255e-07 3.607046650053841934e-07 2.848921524122193071e-07 1.082155167693624998e-07 4.845886689739556851e-08 1.054723314128565667e-07
1.301068382822273112e-06 1.311023726597896324e-06 1.080032438650269490e-06 8.740732310297593498e-07 6.738137433838815738e-07 4.808813084789874789e-07 3.294561821357873826e-07 1.991710214975674032e-07 1.117381098830451778e-07 5.564754756451236796e-08 7.085367568571154471e-08
1.717932251624716754e-06 1.446914306102839839e-06 1.130010506940461079e-06 9.710568943140508297e-07 7.381804911967612447e-07 5.371770479252209489e-07 3.561064191009295977e-07 2.467763748365261048e-07 1.739709130441417111e-07 1.015229392760201175e-07 5.366564512466372333e-08
1.629270326595070234e-06 1.458031373174791646e-06 1.315267488207599667e-06 1.160130231947100563e-06 8.769854266950491881e-07 6.779726749377701746e-07 4.402799911215001426e-07 2.712179738535560754e-07 1.477181987134933624e-07 1.039896140890967184e-07 5.984740072853607032e-08
2.590501983722179982e-06 1.338746906821051158e-06 1.091532075735854834e-06 8.618593849520493676e-07 6.370937755801748780e-07 4.580976322546346662e-07 3.545790999727235343e-07 4.022725788640323653e-07 2.718016081529663102e-07 1.239109867098958042e-07 7.242909210227066124e-08
1.391623589200479847e-06 1.472698955753007439e-06 1.096886001063929781e-06 9.142306850444527106e-07 6.737067620174571066e-07 5.004642809523331555e-07 3.517004452274641655e-07 2.054305968007802618e-07 1.183482657525637105e-07 7.155541650657882211e-08 3.136322939849228598e-08
1.496438944012301253e-06 1.227022298159887908e-06 1.149466615443951446e-06 9.797879709730372596e-07 7.705930978896572646e-07 5.751825184939114973e-07 4.042875175305376787e-07 2.410063859121698615e-07 1.222756552177160499e-07 7.824390963248447455e-08 4.623032820733731680e-08
1.417845806113231722e-06 1.202607107603776077e-06 1.086684197997826694e-06 9.519695772457600663e-07 7.541139446476410548e-07 5.262353122234081365e-07 3.929001154141733541e-07 2.906176869283581832e-07 1.211206790247640042e-07 8.709302430516644161e-08 1.055766727050465425e-07
2.129512835078051309e-06 1.640629053255021133e-06 1.321417568414574296e-06 1.052382063456391010e-06 7.645773024717841050e-07 5.907251260886631715e-07 3.932193027104917978e-07 2.360202505139461334e-07 1.133107420801000463e-07 5.521491099933572419e-08 4.796173750748396983e-08
2.128781700877650601e-06 1.477873531657574211e-06 1.118438423370556055e-06 8.775156791384474107e-07 7.403764100885236417e-07 5.408239858983003025e-07 3.921861798945369666e-07 2.403133155804554466e-07 1.216212068731440684e-07 5.620001181125601646e-08 5.069275574661745674e-08
1.866514956709397592e-06 1.558662947007461254e-06 1.259919709055879424e-06 8.999350110853682205e-07 7.048718291828205229e-07 5.291687386831612361e-07 3.716035967101177877e-07 2.753327494669096909e-07 1.479122248241244911e-07 8.149559482571314147e-08 7.745806738491433275e-08
2.143075611033812719e-06 1.672436022217025175e-06 1.347554793445995076e-06 9.392535515254062919e-07 7.397719202804870091e-07 5.843956657807799523e-07 4.061447027857531501e-07 2.438856712471949341e-07 1.605783085303375217e-07 7.222826318873476074e-08 4.267268608064989815e-08
1.796371222137491100e-06 1.662607560251134125e-06 1.389419001748734760e-06 1.257863972026464086e-06 9.464592642572454907e-07 7.217210970408477294e-07 4.709492295329616810e-07 2.937697674374123317e-07 1.442053708949334069e-07 7.040192804055531638e-08 3.520798013365252829e-08
1.859436465112480014e-06 1.612828360875309875e-06 1.452697881865519780e-06 1.239402356062341854e-06 8.907668020768236331e-07 6.169034428785323726e-07 3.883560274676568483e-07 2.385176314120649888e-07 1.183553469749535184e-07 7.101630919997852448e-08 4.713502519232357826e-08
1.442456697949578670e-06 1.258669418439573823e-06 1.079493339822034334e-06 8.498323034865547533e-07 6.697516792872611401e-07 4.700834141349939513e-07 3.043557811887043314e-07 2.043480042836487941e-07 1.204100271796745309e-07 5.829143641339484912e-08 2.732539480497318681e-08
1.730212407246389155e-06 1.646095213355548541e-06 1.364071980735490984e-06 1.055024097225737582e-06 8.146405555913823589e-07 5.798236123146007817e-07 3.947623420490772424e-07 2.471809238819738308e-07 1.621603618898004648e-07 7.735066472435630625e-08 3.095120284349935266e-08
1.370583271210554221e-06 1.331148619616897614e-06 1.140754377843856511e-06 8.378560012827709501e-07 6.517047162926443778e-07 4.886718513006837116e-07 3.518100862907170792e-07 2.254762400999436382e-07 2.134716255517250848e-07 1.303696010909107002e-07 1.109397254932242092e-07
1.402031480476930726e-06 1.227418573942652406e-06 1.097924116071636464e-06 8.457246317633201476e-07 6.238933944787049451e-07 4.399166247404151834e-07 3.111110711812256688e-07 2.373976930261757176e-07 1.623677798866847904e-07 2.490354037729137649e-07 1.747231960679580541e-07
2.156719088503715491e-06 1.734015830375095914e-06 1.327011237956689789e-06 1.017544948783977903e-06 7.988890110413863884e-07 5.807122828089662108e-07 4.032372648010705351e-07 2.476137942390461213e-07 1.593185714801402334e-07 6.325583010035859392e-08 6.238235383858861678e-08
1.330324731825597111e-06 1.213692605947318350e-06 1.033398002544446819e-06 8.709893562293293389e-07 6.632549217758582744e-07 5.047376801133654142e-07 3.876300331507511634e-07 2.401018521199435520e-07 1.817305609176610888e-07 1.974486751617222229e-07 1.188900540532494262e-07
2.500426066336760104e-06 1.675711745090682545e-06 1.436900225782887809e-06 1.122009743235104682e-06 8.256192374675100834e-07 5.764586677703380283e-07 3.944215995638457828e-07 2.492561961444466609e-07 1.104820842338401044e-07 1.184257422423601690e-07 1.707907749071610216e-07
1.190873459788888658e-06 1.132575359905021717e-06 8.895858951895758191e-07 7.923865454378276551e-07 7.044649422433424841e-07 5.300102888771986013e-07 3.546854085566742620e-07 2.025305278501365887e-07 9.132636113239930235e-08 5.160114667178561583e-08 1.485850260808128907e-07
1.916932051289616793e-06 1.557990282223135220e-06 1.135974258772747749e-06 9.761040928309252191e-07 8.038657743422553957e-07 6.309749165205962268e-07 4.122911137621264792e-07 2.196131340446717556e-07 1.196138912760745634e-07 4.500494281378456782e-08 3.975868989707179812e-08
1.305578778647303143e-06 1.142021697155948367e-06 9.314759656503571391e-07 8.030000732566678483e-07 6.661814524337403995e-07 5.504678339550084251e-07 4.110951742285525034e-07 2.834474271522029242e-07 1.592981978322371094e-07 6.804418429698284338e-08 2.236688802238410798e-08
1.771439669128261437e-06 1.520638124213706321e-06 1.267651479830382414e-06 1.041932885049972082e-06 7.711106650855540908e-07 5.960504043867884667e-07 3.852017995583739616e-07 2.278158632981763887e-07 1.182314028472960544e-07 4.615353175687959467e-08 3.448586410586451856e-08
1.906221056260292164e-06 1.666463640089516642e-06 1.385284548351953368e-06 1.166350128554927600e-06 9.011614331558593704e-07 6.495078214822604130e-07 3.998518144842679394e-07 3.413517997867263558e-07 1.156346659217676223e-07 5.495827211422267305e-08 9.200100030605644722e-08
1.587091345045855043e-06 1.399055178828918420e-06 1.263346431456611974e-06 9.386249393304670914e-07 7.232285107125447549e-07 5.504505846050759310e-07 4.013685453080608697e-07 2.457123965842825369e-07 1.168889292365283944e-07 4.128294339298954337e-08 1.607168303738934930e-08
1.384341568766847346e-06 1.243215370279873527e-06 1.004777848392901107e-06 8.320856427462390462e-07 6.874671060984100729e-07 5.023419477730745357e-07 3.305603309450889183e-07 2.095791795435447887e-07 1.257008538217487404e-07 9.260225274622867974e-08 2.932610025473245286e-08
1.916789714124985821e-06 1.591615585423971787e-06 1.216643156708439492e-06 9.898482177028176771e-07 7.369733379699964515e-07 5.369924628588023412e-07 3.748394266456539568e-07 2.306172656143878455e-07 1.183251908050706671e-07 4.955272810093768013e-08 2.331149266292639292e-08
1.275209811343263911e-06 1.080266367765802621e-06 9.113021325896648108e-07 8.219355413803712472e-07 6.877909014134119323e-07 5.173436005732718806e-07 3.614576543749342855e-07 2.757058812042419964e-07 1.573914157257859839e-07 6.957329257236835026e-08 4.408768373846112334e-08
1.707618178022935160e-06 1.312196195443330876e-06 1.152228099191883801e-06 1.036558558609719696e-06 7.490821682919888380e-07 5.564487535321236860e-07 3.844212678566302416e-07 2.423632267320348412e-07 1.565866510558088593e-07 1.143095161501751833e-07 6.857303222297534684e-08
1.544405828653008567e-06 1.319045677018305849e-06 1.128537446465454523e-06 8.628029238645585209e-07 5.832087006309763243e-07 4.295351600249178954e-07 3.075420195669013951e-07 1.838053829661294918e-07 9.325240558882028055e-08 8.478508538905426830e-08 2.216546682513206000e-08
1.595754265464024387e-06 1.202061679847750498e-06 1.335784361596602049e-06 8.910500684487612948e-07 6.259578018023078527e-07 4.674923466318172801e-07 3.445101470624027798e-07 2.293002917600288119e-07 2.935712256178455759e-07 1.038347218488677762e-07 4.266411582669981317e-08
2.141604535909804017e-06 1.422909307937351807e-06 1.061620613584034564e-06 8.092690726636962278e-07 6.603038881816354938e-07 4.752771402551079600e-07 3.260038440932804582e-07 2.161326902852254088e-07 1.051042172871097508e-07 8.286532760341628214e-08 3.610282307582529317e-08
1.733627755930948080e-06 1.471766947238501071e-06 1.357144181112107101e-06 1.236105895495820272e-06 9.858360564804918061e-07 6.856277428020516801e-07 4.509096416165732027e-07 2.659977161603613888e-07 1.388509367513679178e-07 4.788785463168441390e-08 4.404117603216317140e-08
1.711458907538474891e-06 1.418095756322064250e-06 1.177901055133945020e-06 1.006754329241947198e-06 8.205964651492335642e-07 5.990118177668447503e-07 4.330610825471203343e-07 2.555394830321314020e-07 1.287268757956718158e-07 1.009641375638594939e-07 1.111119475099133865e-07
1.191899167217878071e-06 1.056576256146194313e-06 9.473970549787741327e-07 8.401940531839544263e-07 6.358057456603169191e-07 4.651474981795794909e-07 3.366704694228434700e-07 2.288143908024661353e-07 1.290241418359185910e-07 1.536969664502622128e-07 3.525721940471471288e-07
1.595197508115451918e-06 1.490339074974091508e-06 1.306061316526848504e-06 1.052887117360650612e-06 7.517783244626194131e-07 5.506207349676303274e-07 4.095427644133651750e-07 3.139213011444863531e-07 1.568154366804228487e-07 5.111692890374123789e-08 8.042195379060450434e-08
1.091187665287570299e-06 1.052614975858403618e-06 8.252503786388347397e-07 6.504970764167421581e-07 4.876340094089313244e-07 3.571719131243222210e-07 2.461508045038010841e-07 2.170870919596597447e-07 1.445017313352306360e-07 1.325241629075759587e-07 2.503541269740371204e-07
1.117967389711584017e-06 1.115081508332117351e-06 1.038183636912366720e-06 8.467360916905293482e-07 6.440937347136971879e-07 4.579924534478794090e-07 3.260930694800416218e-07 2.042864150409084127e-07 1.103160585863678539e-07 6.452101582467477212e-08 9.200196533537383899e-08
1.643402369956166395e-06 1.268201196793689020e-06 1.088152522632484322e-06 8.545466077357388657e-07 6.799663649874214708e-07 4.643097846565113788e-07 2.908277465207759668e-07 1.739389709946041957e-07 9.019989046454456422e-08 8.600311310624782145e-08 1.996712298474260618e-08
1.283234309021942703e-06 1.141778950748109558e-06 4.197465491224269245e-06 2.304670061614540045e-06 6.194991780266719471e-07 4.928216107204233382e-07 3.656957788330906094e-07 2.728400823602889379e-07 1.921693119956801571e-07 9.591302302330265462e-08 4.721281188804862839e-08
1.576482389902558315e-06 1.343617988166132771e-06 1.148015617323497832e-06 9.001220078181758754e-07 6.966041211988403996e-07 5.558005593856558513e-07 3.923505104099091407e-07 2.445177233727085992e-07 1.643782054783722534e-07 1.250383935723567662e-07 4.094016320809746994e-08
2.560134015255325478e-06 1.662073686557195832e-06 1.232166654717317673e-06 8.876710035588909130e-07 6.307757379456136413e-07 4.839130548573082617e-07 3.411157596878900095e-07 2.145818710681940044e-07 1.146704608305103469e-07 5.271575742697444492e-08 2.464856951787223105e-08
9.814299474186474508e-07 7.584491837379654046e-07 6.903183581108413313e-07 5.619805829706380835e-07 4.887006362542274691e-07 3.678817425498656805e-07 2.821280670959859605e-07 2.270240043738582107e-07 1.285166115691581810e-07 7.080106119905407545e-08 9.038145295966824426e-08
1.592532817551982290e-06 1.376025211909190037e-06 1.281702991099908482e-06 1.006393016937526436e-06 8.370681902147580199e-07 6.979478713800276110e-07 4.184401972407088238e-07 2.612182685698779134e-07 1.251206902779743621e-07 9.431213656869661854e-08 2.211262063640761256e-08
1.769153863954093644e-06 1.493528389717792806e-06 1.235991444872941768e-06 1.039614033623247208e-06 7.711787302257971194e-07 5.208647359459028058e-07 3.449097053217157905e-07 2.245297314375188445e-07 1.189296545667995040e-07 1.016873917348006101e-07 4.028536189266844773e-08
1.754253834791104963e-06 1.581181935042511319e-06 1.406460058972740850e-06 1.140296272649696865e-06 8.316220883154957204e-07 5.660909454949074236e-07 3.576410841795990756e-07 1.929604697736066614e-07 9.279602842443858967e-08 4.241726403432957702e-08 5.281770214184002246e-08
1.388159599677035326e-06 1.157496584243596543e-06 1.059339456427190420e-06 8.765330762457383556e-07 7.107480161749520459e-07 5.416922109802272354e-07 3.737881828923033479e-07 2.248674303349450136e-07 1.253237488265818696e-07 5.495237640565805654e-08 2.977604405909528731e-08
1.554182043706795695e-06 1.375141575485940803e-06 1.077346440056794564e-06 8.862935733202888543e-07 6.440750129713974934e-07 4.588972825862875660e-07 3.336126774760471315e-07 2.173257944789781434e-07 1.242320520228286500e-07 6.341311252254216517e-08 5.905330372202388100e-08
1.036846071646476415e-06 9.272709449219877935e-07 7.656502961254189430e-07 6.643340759978494720e-07 5.700418797320849923e-07 4.138330181631117414e-07 2.870598006785009657e-07 2.152706907557792651e-07 1.766300166180917927e-07 1.248429124822197215e-07 1.364779905774842760e-07
1.166827172762840293e-06 1.027283309688225927e-06 9.500420296682658007e-07 8.166836126060420198e-07 7.461876897589061253e-07 6.050272955164457751e-07 4.766146079953192602e-07 2.892283198149974134e-07 9.496816072141657664e-08 8.974109221505360417e-08 2.045823720066882164e-08
1.730268574147045671e-06 1.567210312841244678e-06 1.251607349455722454e-06 9.041619825742326534e-07 6.530042486000231993e-07 5.572577336577868713e-07 3.047853955227858128e-07 1.805863437990406164e-07 2.017949534257753546e-07 4.397645639015484614e-08 7.252924530188355074e-08
1.109918417034630469e-06 1.012814062459717648e-06 8.518143582492662670e-07 6.944783661959327605e-07 5.617313040759739917e-07 4.492933497516730720e-07 3.220528535189308985e-07 1.838150502505250600e-07 1.741190589414996178e-07 1.092334959149959511e-07 1.108522374892338872e-07
1.157327795343344854e-06 1.077702309851804158e-06 9.672951644753738090e-07 8.692252342756787624e-07 7.418370530378323902e-07 5.389598065975630444e-07 3.962955896525339151e-07 3.002990334610481811e-07 1.373884779866454661e-07 9.716348343302104326e-08 3.610191507404293243e-08
1.834818747923185361e-06 4.527673557365499352e-06 1.055991043626707336e-06 7.526644680649471770e-07 5.224026335354782298e-07 4.033103351059459022e-07 3.143810917381744173e-07 2.028405154895492801e-07 1.253158063951048640e-07 7.085651222149014287e-08 2.699679064767128846e-08
9.364357184016291600e-07 8.484089779235999145e-07 7.670301145666732970e-07 6.766646069363371708e-07 5.412079547110437696e-07 3.911362874491361214e-07 2.796556398075471965e-07 1.908563886430993922e-07 1.474831904779904054e-07 7.204600368386272360e-08 3.502966533238621625e-08
1.092483854732859262e-06 1.141619050603280446e-06 8.815648625543134703e-07 7.815556841456943578e-07 5.917751135671669383e-07 4.478524914736209210e-07 3.152799046298416002e-07 2.062307496440381182e-07 9.626325638287758843e-08 4.186324485205784522e-08 9.598902961727721852e-08
1.493406593181528960e-06 1.195680396341053029e-06 1.072310570228793023e-06 9.546371603562546975e-07 7.288510336737975109e-07 5.209836076230045966e-07 3.543742120163074444e-07 2.284037266771255201e-07 1.309484702246046032e-07 5.249054330586513240e-08 3.277230404516285859e-08
1.483265982422593317e-06 1.686465773657368829e-06 1.097262107962311947e-06 8.934990152787646052e-07 7.543384382484161439e-07 5.584317017285879176e-07 3.836279907052205365e-07 2.408520747543111577e-07 1.479909573710772935e-07 8.781247814640271574e-08 5.506565691344976125e-08
1.353947450571316985e-06 1.131474211791166924e-06 9.860461465358955782e-07 8.403495437720228469e-07 6.520212674908024696e-07 4.895797007097095216e-07 3.513707547616062711e-07 2.681187005830194916e-07 1.355167242403064101e-07 7.949378906052099301e-08 4.709523571173813283e-08
1.425140485545693274e-06 1.190483195268972135e-06 1.040362665773648566e-06 8.211549487682748908e-07 6.825769899633564034e-07 5.431475014966984036e-07 3.909336923024029048e-07 2.208136712106575759e-07 1.125049655135512379e-07 5.478902607679860804e-08 5.078016173575618133e-08
1.444344058616922290e-06 1.367650689883817476e-06 1.143478674784426492e-06 9.032311489957361497e-07 7.283204076030462651e-07 5.733920784014610545e-07 4.094053773302492755e-07 2.464317126423756856e-07 1.171074640126887720e-07 5.386189041499816851e-08 2.543514505003807995e-08
9.505390212217397086e-07 9.209258501089111877e-07 8.931258485662601907e-07 7.486718323414518137e-07 6.128383891847575857e-07 4.995153529543399940e-07 3.431609721723111076e-07 2.355931338404578706e-07 1.600166323924043823e-07 1.027049464144974470e-07 6.611486853415025700e-08
1.323223292863981326e-06 1.170696028485320298e-06 1.024036632463498508e-06 9.046126485752906121e-07 6.935251183392367641e-07 5.289831038338899034e-07 3.691712109405671013e-07 2.264739479497349905e-07 1.211703779093357776e-07 1.277133182501979045e-07 1.580070801195382847e-08
1.085052479643538666e-06 1.067983712581820344e-06 8.620372646369179906e-07 7.417357746416740372e-07 6.352671818142757892e-07 4.824373515827943458e-07 3.494559711949905347e-07 2.755633083344958482e-07 1.133479737329638788e-07 4.846167660779327247e-08 3.971884082994671292e-08
1.784930352970437008e-06 1.655688655510708685e-06 1.300355291933623640e-06 9.131688435347353429e-07 6.567972019433961959e-07 4.785042372280750235e-07 3.238155049630377556e-07 2.050496509854966827e-07 1.147140355271118178e-07 5.693581003233973123e-08 2.196024477435199924e-08
1.073894547214999216e-06 9.309659931557944003e-07 8.567653659532126927e-07 7.431837626744053063e-07 6.089821080045008300e-07 4.664624726103641893e-07 3.171190657864750346e-07 1.978321133285179506e-07 2.325312964588967432e-07 1.742709776057780935e-07 1.144328783744310042e-07
1.322351609015505089e-06 1.234512886033279019e-06 1.061600510655466150e-06 8.980968755446273834e-07 7.986689516784710587e-07 5.322897133323680274e-07 3.362231871219357356e-07 1.856801949627523333e-07 1.022128758692643328e-07 7.906275545772291580e-08 2.183427669280004395e-08
1.364499099162855249e-06 1.322381190146086491e-06 1.225145183344249892e-06 1.009710143904967562e-06 7.725512756419771617e-07 5.906309942443928228e-07 3.850052261145235906e-07 2.225676602097870280e-07 1.079457228319228489e-07 4.025440059649554311e-08 7.187612797106941992e-08
1.715285258371661970e-06 1.363946754170981183e-06 1.094194524641191109e-06 9.712032946376425902e-07 7.910608414439723964e-07 6.192846632408875921e-07 3.800419424072749981e-07 2.613123539792010179e-07 1.419012394617411263e-07 1.213671634453385436e-07 4.769492101564240482e-08
1.612249415584938292e-06 1.251487599461352394e-06 9.673307828127828506e-07 8.452221968980584430e-07 5.623425064749796839e-07 4.969480810481898088e-07 3.563420577394546515e-07 2.408752802881249286e-07 1.114717957910563296e-07 3.777827494635880057e-08 2.118606819009675266e-08
1.505962530230049582e-06 1.412001276990967311e-06 1.149233903497371604e-06 9.489299020939455653e-07 7.600177227490288470e-07 1.229616293691746789e-06 4.880975158295634438e-07 2.525865114982911759e-07 1.298828939940456082e-07 5.226214623259296623e-08 4.090682208549292113e-08
1.586364523381368453e-06 1.285531371644873282e-06 1.095058728300340841e-06 8.692959100584726648e-07 7.171248827715065461e-07 5.368051776224792472e-07 3.660358954439732184e-07 2.304177528557183894e-07 1.941298761402236099e-07 8.009572978654517404e-08 3.581658140540579532e-08
1.801810918918091448e-06 1.503633497306730487e-06 1.014743693506622683e-06 7.743438552787966515e-07 5.700862201427199075e-07 4.268073663666100696e-07 2.908751910421523236e-07 1.947688556469734980e-07 8.850551314835365717e-08 7.616916638568483756e-08 3.436531900146630282e-08
1.552714327255090071e-06 1.436913262412983614e-06 1.335827894299346474e-06 1.003710925267262770e-06 7.765248036257370931e-07 5.580467283493758784e-07 4.105545373998935459e-07 2.365016985504457625e-07 1.021198515123978305e-07 1.073252062474492366e-07 4.136940290597769923e-08
1.146721361781570695e-06 1.029325601128086466e-06 9.007257965838964343e-07 7.843803616653430823e-07 6.406122483360173537e-07 4.875247834827755339e-07 3.414779756734127635e-07 2.966718718346047834e-07 1.327333430490517855e-07 8.687607619439512110e-08 1.369313027765154434e-08
1.245881289122926716e-06 1.115991978947922305e-06 1.014277310602030610e-06 8.977867619997270977e-07 7.479258217033545955e-07 5.672575717503413721e-07 3.893577935410401527e-07 2.503252809668052289e-07 1.747840404732835749e-07 5.115452584706334243e-08 6.047790723116544324e-08
1.363213882713208189e-06 1.038409318266517441e-06 9.650226195789100338e-07 8.196670693638989487e-07 6.241971686444206428e-07 4.692795676279068423e-07 3.221933662870517196e-07 1.869825327670400529e-07 1.325330247386448849e-07 5.994922081723186018e-08 7.892787481451174916e-08
1.443945399814054244e-06 1.229648763043102346e-06 1.143379813627664829e-06 9.840689994745331806e-07 7.782180813830896724e-07 5.539217170485585007e-07 3.721431466281724709e-07 1.939252207074706522e-07 1.043150661159802304e-07 4.442011074990759544e-08 2.828306551368024574e-08
1.815060529711652798e-06 1.429245707835882931e-06 1.156363552033802101e-06 9.302136422340645773e-07 7.051050189875552092e-07 5.426579771807656557e-07 3.729502620592576956e-07 2.159703698296745781e-07 1.313852333233845066e-07 7.503647531557845660e-08 1.820857554755414669e-08
1.683688065169939247e-06 1.449518541036352405e-06 1.111189566746991262e-06 9.335561803543557203e-07 7.092588282961003480e-07 5.235522397757982394e-07 3.821265290695209735e-07 2.071796652759570696e-07 8.785098003660387093e-08 3.942147915402465302e-08 4.479737107987286090e-08
1.329784548120241430e-06 1.141044784737570239e-06 9.965564304674332707e-07 8.938327118884010748e-07 7.272571332254954614e-07 5.120391176424854466e-07 3.340521532270903586e-07 2.146626500726534790e-07 1.828109629118686899e-07 9.874737565473885375e-08 9.920764539320156813e-08
1.643971957124009093e-06 1.353159406554773061e-06 1.098199432942611911e-06 8.899969911387785588e-07 6.758974203289927009e-07 4.818285618717160583e-07 3.299173155514587687e-07 2.076711561034061435e-07 1.813697244029658068e-07 1.346532581781122792e-07 3.855377861765372956e-08
1.221664943983021420e-06 1.123142430859623944e-06 9.649615096423585538e-07 8.549133875358784923e-07 6.878962869053743395e-07 5.328152925014186205e-07 3.986608534017042320e-07 2.306042647472258867e-07 1.160157703354886780e-07 6.176828880809473689e-08 2.228319309939255373e-08
1.692426139427948724e-06 1.413027176167836793e-06 1.208668390483744823e-06 8.648710926828040903e-07 6.939133327122971248e-07 4.947234547807291750e-07 3.349241557245509458e-07 2.777697814105269899e-07 1.083044649356768019e-07 4.202300412620309804e-08 1.444209113196660204e-08
1.278667284984186265e-06 9.662778865124039013e-07 8.877842988370702513e-07 7.771799104729580178e-07 1.077774585856643282e-06 6.082950799093444004e-07 4.251201260646016857e-07 2.535444307576666387e-07 9.612546623723662239e-08 5.689172665917569339e-08 3.335232597858864607e-08
1.249880742248782587e-06 1.058805199610855218e-06 9.343926772891955912e-07 7.614731653717740847e-07 6.507967222880163466e-07 5.162312646698860022e-07 3.695595031147300624e-07 2.181464218895111386e-07 1.201979258797680125e-07 8.709717062658755069e-08 2.231477665835005153e-08
1.411814227477043683e-06 1.362558899291728916e-06 1.161449637177470099e-06 9.102046170226994279e-07 7.221513979964467301e-07 4.912666795341187549e-07 3.125113693478479766e-07 1.944514807925893151e-07 1.172715704024312640e-07 5.980941973413994702e-08 2.783825475177548215e-08
1.351139444107664673e-06 1.160711325482039738e-06 1.268534038431121375e-06 8.630569198945620249e-07 7.166083458750275328e-07 5.119534696746073329e-07 3.594545851873322568e-07 2.302468943277809152e-07 1.435866682603453840e-07 7.321088479917154478e-08 3.601472123115939640e-08
1.461817076376163127e-06 1.390643043903914642e-06 1.211069269832556042e-06 9.565892169711388710e-07 7.247768361434602427e-07 5.105442631002352022e-07 3.492120005916880796e-07 2.240380812324087017e-07 1.275303504384116309e-07 1.108391200574737027e-07 3.251300790798763541e-08
1.228373356457931930e-06 1.147496643465427052e-06 1.031380330330877533e-06 8.398963820182476323e-07 6.567281290466778359e-07 4.752724612273516638e-07 3.049755779396749704e-07 1.939084733538780174e-07 1.127898935320710003e-07 5.849696660189042227e-08 7.088414461556035697e-08
1.910799815300702045e-06 1.553092733884040247e-06 1.245102136340961114e-06 1.029534798348598602e-06 9.226211430664309968e-07 5.632166163164904628e-07 3.681262154134638695e-07 2.082454058920464846e-07 1.005686256966477085e-07 4.459485361125283563e-08 9.074972595705409352e-08
1.408976703623519229e-06 1.281093681285492830e-06 1.106633806684884099e-06 8.708859357449192175e-07 6.885427184996823210e-07 5.037427386435351500e-07 3.475578971305878285e-07 2.290404523689151847e-07 1.013338149583932949e-07 4.189475904504633532e-08 1.582999002251584991e-08
1.128841996978524624e-06 9.649541633972143355e-07 8.626694439608351318e-07 7.213872051673346960e-07 6.433008302939516569e-07 5.113891675671539628e-07 3.517017197509167254e-07 2.067046839132593153e-07 1.022013324890124390e-07 2.935738935094934292e-07 1.618441579564142196e-07
1.547266003355866722e-06 1.378059868444825590e-06 1.044261644748095783e-06 7.877117908126047493e-07 6.002113425744032669e-07 4.433645389980061062e-07 2.867913695386951987e-07 1.802077152501538365e-07 1.246898487863982440e-07 8.569871891654360897e-08 2.850394931012379773e-08
1.273762704306736048e-06 1.133452691419731132e-06 1.017542496810984700e-06 9.075952125245259962e-07 7.531218931685201111e-07 5.744767285711865390e-07 4.043512764436363789e-07 2.425109066733368473e-07 1.178415211817556550e-07 6.911963968562711366e-08 3.800312887086993736e-08
1.186904430114142345e-06 1.081346200074443831e-06 9.719374489891604837e-07 7.115292600763636549e-07 6.030100471611198639e-07 4.376128667318480398e-07 2.974056044811265221e-07 1.859499651444289903e-07 1.375742003084334911e-07 1.909367506159305731e-07 9.021100904305950799e-08
1.319549071451632513e-06 1.124592537547872483e-06 9.090959392292273321e-07 7.908811051893382112e-07 6.281367358889046710e-07 4.749560170978215754e-07 3.314296637684624281e-07 2.033815891944836937e-07 1.113321006456625631e-07 1.480829965009828532e-07 1.707997592540588505e-08
1.652313606318722466e-06 1.303591961848814742e-06 1.060725451607477166e-06 7.816874817788001831e-07 6.919662059497236413e-07 4.567848041608479046e-07 4.129190348216526215e-07 2.150259180746030915e-07 7.987756628509030905e-08 3.307205104428104911e-08 2.785432798531126530e-08
1.898649432711162380e-06 1.582790610051714898e-06 1.377415347578676198e-06 1.024741744705875677e-06 7.259897763609343833e-07 4.960559789390101156e-07 3.333966850349137978e-07 2.403053427080123446e-07 1.318245278720434303e-07 5.796463983371851309e-08 2.086294713849361176e-08
1.162243575873576691e-06 9.390895754358102242e-07 8.727059605588646558e-07 8.580178949115379869e-07 6.359459772675017315e-07 4.940588460175460371e-07 3.460818354061125657e-07 2.170045753996510525e-07 1.930199296099942952e-07 6.378032318613429878e-08 1.119453296421653531e-07
1.311323575575614491e-06 1.358488602452417815e-06 1.216278576553991423e-06 9.566598501537086634e-07 7.188401161967923763e-07 5.171288561767997627e-07 3.235219190044118248e-07 2.028934899880754633e-07 7.352249598027891650e-08 3.166005931445994527e-08 2.258360118446405672e-08
1.020445502750653195e-06 8.772065707287327821e-07 7.533162791990918386e-07 6.685219189190626466e-07 5.981470979154547835e-07 5.268915702452229263e-07 4.324285306602925461e-07 2.454849038850413767e-07 1.053696267306159083e-07 4.233219495796701977e-08 1.005380088179482571e-07
1.704505418798110134e-06 1.344143929398224258e-06 1.087711283077577563e-06 1.005897457526015680e-06 7.760550315317641110e-07 6.693027726894335617e-07 6.027057667204785176e-07 1.748208653759592935e-07 7.592328654474220395e-08 3.430031276779408338e-08 7.987483956937743032e-08
1.238806662694206526e-06 1.150993347348984751e-06 9.697921017597900909e-07 8.036265333026073116e-07 6.850523996862787236e-07 5.078034174971667708e-07 3.429610832040329850e-07 2.122118024650033709e-07 1.276141347390872307e-07 3.965687459968889282e-08 1.117327451678612309e-07
1.125338200562433608e-06 9.767498369543488936e-07 8.683106411730568451e-07 6.974364081866133459e-07 5.813765598688768089e-07 4.650018320074219374e-07 3.136994944713712683e-07 2.105405242172218371e-07 1.063762400957520416e-07 6.884595982058249393e-08 1.726259063241775645e-08
1.164852356759648821e-06 1.609419868834136519e-06 9.712153927011258552e-07 7.703061159630993402e-07 7.246352886837801737e-07 4.807163923074493163e-07 3.450283623648957591e-07 2.479560127828790862e-07 9.914546654425096344e-08 3.427800239040977888e-08 1.576108587445827062e-07
1.203429304917635671e-06 1.111554132438904446e-06 9.907738120868322935e-07 8.307007269165412454e-07 6.802298796995396642e-07 4.531571083963101531e-07 3.289655661351188774e-07 2.011703580331342306e-07 1.035921125144379842e-07 5.667471572080187184e-08 3.436095183682391064e-08
1.006034110438221015e-06 9.107589735763145114e-07 7.355273163612749845e-07 6.605632249778159748e-07 5.029182044130688014e-07 5.038653941865316821e-07 3.250357784151501588e-07 1.676682438094309289e-07 9.037416910435667271e-08 1.554614825340957974e-07 9.903613955752097911e-08
1.596356955164157421e-06 1.280224751417547367e-06 9.865180669411165969e-07 8.435803745653878425e-07 6.815317228684461934e-07 7.215186494593237205e-07 3.496691197437064296e-07 1.901878887557295713e-07 1.222463409563267044e-07 4.105297333676476048e-08 1.047909977761948184e-07
1.509095265589025821e-06 1.234291546289288876e-06 9.060007716495755158e-07 7.667398597051807236e-07 6.242149815004384128e-07 4.596490178778743673e-07 3.071281616594992943e-07 1.860745325666925703e-07 8.019213074205236150e-08 8.681065499590250604e-08 3.165441803402353438e-08
1.721739999559862845e-06 1.208868969116186626e-06 9.917774472845439974e-07 8.688228972356412778e-07 6.752069035096157427e-07 4.858555000055390851e-07 3.046608897412544920e-07 1.973591282754072323e-07 2.363595481349886581e-07 7.000950935623631101e-08 8.364168660395848754e-08
1.114270008759248690e-06 1.030935990185945389e-06 7.849902220997491424e-07 7.438460522506871886e-07 5.543811735819564598e-07 4.260611324544282744e-07 3.188367038543540312e-07 1.997673130948938044e-07 1.182542776879563682e-07 3.981885701635294198e-08 3.681380711681344289e-08
1.617417807890103593e-06 1.205077934514053402e-06 1.070127347668279481e-06 8.602059086231919746e-07 6.876127389871470532e-07 5.330971121309097179e-07 3.091530122835801253e-07 3.051107732817866943e-07 1.111283262744748911e-07 6.596698337267021299e-08 2.210083799374871667e-08
7.756733515252284442e-07 7.040640376754584291e-07 6.744832258238965476e-07 5.947740053619902711e-07 4.961670021046577557e-07 4.204126606520814900e-07 3.196769154201248946e-07 2.306432001016504324e-07 1.811480080057969391e-07 8.080983112578643354e-08 1.287922457393099388e-07
1.958326825509015725e-06 1.688336780955633379e-06 1.414657022387916883e-06 1.140893819002926582e-06 8.083137065041096601e-07 5.674288264599884641e-07 2.941462700652942683e-07 2.768204770969041655e-07 7.447334423288160901e-08 3.649847288626681711e-08 1.031702230661920828e-07
1.162598623969366186e-06 1.067925368652176287e-06 1.028652288990172758e-06 8.895812237901049134e-07 6.803166194128919383e-07 4.947514751507510695e-07 3.472387514933723396e-07 2.075116273355990685e-07 1.246693832845804411e-07 5.316326203451061883e-08 2.432443245132840211e-08
1.423023797161876681e-06 1.275233359448775076e-06 1.098418330300158766e-06 8.771694450301406723e-07 6.453599923383467026e-07 4.641425713253099200e-07 3.685443131481722329e-07 2.233473874864346061e-07 1.316213014923054134e-07 1.065567460145334419e-07 1.416117095571014187e-07
1.143963453933177323e-06 1.125551987443990820e-06 1.001328093105611030e-06 7.068119510301722639e-07 5.671463209272801451e-07 4.191203964731494982e-07 3.097644866247715115e-07 2.032174095472518809e-07 1.191374462645863780e-07 6.510774670041041400e-08 2.018467394166603246e-08
1.290946393538586794e-06 1.184874972422573440e-06 9.393340143771183217e-07 8.099832688134958957e-07 6.253959853416166684e-07 4.756391120228985804e-07 3.358880081710540676e-07 1.978898775365344496e-07 9.064593227594227223e-08 4.467623680029920632e-08 2.247329241010809021e-08
1.339540829541808468e-06 1.208494941035507324e-06 1.023345299416119661e-06 8.808474193455070262e-07 6.667269124706503733e-07 4.754011175963206287e-07 3.015773927359940685e-07 1.775770823732517474e-07 9.409724763008736961e-08 4.291360200572496518e-08 1.130945569651138783e-07
2.767388267926105028e-06 1.486332724942982911e-06 9.612667877243179067e-07 7.508985186887453639e-07 5.696281210777636192e-07 4.324476292256733070e-07 3.227721963120460871e-07 2.358918563314832595e-07 1.368376960030509133e-07 5.377779483252144716e-08 1.599068417878109011e-07
1.465966517128052120e-06 1.368835469825115489e-06 1.205456851258877205e-06 9.387420921205806646e-07 7.510327155372580407e-07 5.193929483322401975e-07 3.292776019365118938e-07 1.859851389408023848e-07 1.766400639391815978e-07 1.173225147824525961e-07 2.894311429862784455e-08
1.028038595069651385e-06 9.768287278770687692e-07 8.629800077950361767e-07 7.426718025996335668e-07 6.104845787893515732e-07 5.205406481931151435e-07 4.661274637643807570e-07 3.055791493557904165e-07 1.212445341450125717e-07 3.592737531724110771e-08 1.667053805533947204e-07
8.875233138998015610e-07 7.656121409096526291e-07 6.308410355863252573e-07 5.211161326946380036e-07 4.175908360430325933e-07 1.095331515196046826e-06 5.228491748933839349e-07 3.378569471803345573e-07 2.495642289673463578e-07 1.089536990100766653e-07 3.223698366081107689e-08
1.279919703175660257e-06 1.034680084770681594e-06 8.859744349900192844e-07 9.266260985522583481e-07 7.678828802522518473e-07 4.525795540374450669e-07 3.107517769654603661e-07 1.954027689535795259e-07 1.037006461669887037e-07 5.441188280745682823e-08 9.167528496020217702e-08
1.173532598365423091e-06 1.015242381307631076e-06 8.521436878177350702e-07 7.197272080806982948e-07 5.878705342405471536e-07 4.397169440330180338e-07 3.128027422574975286e-07 2.176817774987572871e-07 1.906301053227815095e-07 6.346684968424093402e-08 6.747713602577564238e-08
1.154422476040984872e-06 1.016070277533605522e-06 8.354984411989606739e-07 7.536485929327163152e-07 6.491718296283505863e-07 4.541823761564045254e-07 2.931967556912383224e-07 1.768017137798938221e-07 1.435044895598058875e-07 7.974967360979085180e-08 9.833057857777291267e-08
1.608135755802673097e-06 9.523462757451100170e-07 7.858968271273680207e-07 7.029162791653098605e-07 5.411388056348634163e-07 4.113986280766538255e-07 2.707454286391512072e-07 2.005393651463835925e-07 1.227921896213373948e-07 7.332321565675493649e-08 6.679822030560132572e-08
1.182805208584362918e-06 1.127440306770290162e-06 9.914273401137302835e-07 8.610674929455752003e-07 6.821509428884971485e-07 5.117068221870044205e-07 3.487290513031601578e-07 2.148638326566621172e-07 1.548582593251959688e-07 1.159582314263522896e-07 1.864071024458425902e-08
9.487191919943946222e-07 8.121577202326401159e-07 6.683084678962140405e-07 5.570494462915395593e-07 4.344754908435730378e-07 3.534113628286903994e-07 2.395051281522042642e-07 2.281384323943552533e-07 1.792204761480748246e-07 1.009814116979787775e-07 3.993475009366427429e-08
1.628495564492860050e-06 1.499041474155509169e-06 1.105828061090127380e-06 7.950309858451653114e-07 5.973905207040696790e-07 4.426076559488406771e-07 2.914488581604075716e-07 1.861622360618794680e-07 8.350378525608366164e-08 1.094773604679534537e-07 3.359786033128942449e-08
1.422349568312231534e-06 1.232796223020852083e-06 9.567076644408807996e-07 7.959378118193650587e-07 5.871562630872504499e-07 4.264170084622665123e-07 2.955937800021493088e-07 1.833029609759644354e-07 9.698533178876343410e-08 4.039074681472132627e-08 1.594910854577919191e-08
1.035648508035735976e-06 9.136896995120868355e-07 8.242032060387149823e-07 7.728466102614967790e-07 6.708019800026947101e-07 5.272092888773983690e-07 3.763985190909881038e-07 2.366081860531050581e-07 1.138250576513671421e-07 6.783640157361644080e-08 2.171701298811415511e-08
1.353825278989275895e-06 1.210157939623953764e-06 9.306017045672572986e-07 7.919514073697358267e-07 6.153005101185765735e-07 4.145538436644154303e-07 2.642435807034284691e-07 1.662863399007515879e-07 1.040667747998563112e-07 7.137032387768131598e-08 2.146202954070025573e-08
1.253922084131257321e-06 1.112555554409679208e-06 9.435844296257802206e-07 7.761031264728678740e-07 5.630884893967486639e-07 4.123687071486168548e-07 2.784064715203679409e-07 1.706418319371532520e-07 1.195748119564276359e-07 6.358069387620223751e-08 5.843544589933099122e-08
1.092195039677192680e-06 9.941618402180790157e-07 9.448346158516804411e-07 7.703357548195977133e-07 6.282001939705803646e-07 5.264385920611637947e-07 3.591146308832312752e-07 3.456293328430827735e-07 1.087814059653070163e-07 5.409824413828608689e-08 6.548514161213344179e-08
1.377110880455680211e-06 1.193712887275052936e-06 1.057245940627409596e-06 8.770049809737756427e-07 7.372337059066157704e-07 5.674730935102469119e-07 3.741913997737032770e-07 2.429647573437005035e-07 1.854301160781234475e-07 7.130162405673131351e-08 1.790742720541095896e-08
1.697928419182527917e-06 1.376215804121905614e-06 1.127956073235533862e-06 9.152894312995004073e-07 6.820341575121339258e-07 4.936269587204674679e-07 3.900192898216644257e-07 2.271266877668448368e-07 1.071349304638266363e-07 5.231266783931496473e-08 1.039867317499730502e-07
1.313804057133779138e-06 1.185247983421344672e-06 9.052274374612847533e-07 7.784041436334632536e-07 6.268738186288781100e-07 4.776895914315607819e-07 3.440143328879812852e-07 2.060678376766253042e-07 1.146473601741401435e-07 1.159898520148294037e-07 2.172105944240164761e-08
9.970313544439638124e-07 9.569178639565424477e-07 8.957125460393049121e-07 9.071182899197456698e-07 8.762101231064794052e-07 6.283062703908626800e-07 4.120699058875757387e-07 2.432927904426792832e-07 1.286209276754248636e-07 1.220278108379310074e-07 3.576276201965515230e-08
1.301317516375323843e-06 1.097582638443368172e-06 8.524993884416133265e-07 7.384819196165476115e-07 6.580418078257862096e-07 5.023563619265743582e-07 3.435625671819990395e-07 1.975942774843794053e-07 1.313931077433267679e-07 3.818031716175717410e-08 1.142369213802590275e-08
1.399533012634324346e-06 1.271419417478436861e-06 1.035725347267189800e-06 7.659522957316457914e-07 6.143248038394898710e-07 4.529384693508794111e-07 3.314437872734828328e-07 1.988833622934569844e-07 1.212968227031588627e-07 1.475936980627499024e-07 3.467114376339528201e-08
1.918372006366863538e-06 1.740141561712444032e-06 2.526310614986800608e-06 8.919563918179394686e-07 6.847918121983120534e-07 4.483875902963906981e-07 3.013894981281437033e-07 1.847429362193525305e-07 7.917874864219639523e-08 1.311897177572969844e-07 1.085868899587892327e-08
1.174802293321553947e-06 1.067798972906531131e-06 8.997248468775627298e-07 8.079432510545002252e-07 7.336716946478746251e-07 6.531815550134782587e-07 3.928537713722970216e-07 2.185069116359350856e-07 7.692787349656142020e-08 5.278723114346714411e-08 8.980079551104054232e-08
1.057100800616861643e-06 1.172057079572678995e-06 8.470546839884025859e-07 7.390261618927015405e-07 6.158481417683257246e-07 4.905684584411540782e-07 3.172340726997550308e-07 1.790843647408806749e-07 6.304636827740831193e-08 4.737371419041023984e-08 4.714125810840366826e-08
1.341230640870193944e-06 1.268806104799921338e-06 1.133842440458491156e-06 8.952358663398549240e-07 7.177923015772533303e-07 5.437216535051650120e-07 3.633209625074132300e-07 2.029902814406147139e-07 9.966619468319782574e-08 4.071397896397435177e-08 4.136198338520574378e-08
1.067578130401072245e-06 8.713009997558376190e-07 8.271732107167123876e-07 7.047234400144628871e-07 5.448359019838923559e-07 3.887566022931609655e-07 5.876324191421353730e-07 1.817890485607850213e-07 1.630070841213891242e-07 1.064413635045787177e-07 5.116631600840537712e-08
1.383298763107069853e-06 1.340340737002008074e-06 1.065677406959788502e-06 8.668481106437297235e-07 6.317026709387144925e-07 4.485930487518728332e-07 3.064561180953599809e-07 1.913424327112847993e-07 1.050730522251833192e-07 1.168359925785762958e-07 2.409198001824365884e-08
1.458680890419345083e-06 1.202505567682474668e-06 9.735247437810026507e-07 8.510952154640751619e-07 6.742014007499041407e-07 5.879687043611332388e-07 3.923599086305405751e-07 2.796442481936376996e-07 9.395055211316571417e-08 5.905278426314984670e-08 3.062136980119893754e-08
9.423129098478230068e-07 9.256223154992845563e-07 7.597231438466364255e-07 6.301213383976305281e-07 5.385274784195957191e-07 4.321602812498158905e-07 3.140746756582435149e-07 2.007453792033349312e-07 1.068613551339598063e-07 5.763150136046478951e-08 3.841460267274559090e-08
1.651560675391737452e-06 1.255138894623225150e-06 1.071108745032117862e-06 8.948726693322241749e-07 6.908260966190751249e-07 5.168034713419271501e-07 3.591279564173614664e-07 1.980228924190848281e-07 1.030336914586846716e-07 5.447738988783404155e-08 2.351689025934690303e-08
7.815659919825091364e-07 8.665003156791183679e-07 8.296630010908862245e-07 7.231888135834643402e-07 6.000719548519236031e-07 4.778912823595223319e-07 3.361427917105617027e-07 5.815796770009334734e-07 1.301216649902884045e-07 1.047392817964382492e-07 4.351779250307639853e-08
1.048788284860587677e-06 8.997583868997100055e-07 7.737844794193325869e-07 6.713436076753548635e-07 5.181495242281051635e-07 3.681584634254920909e-07 2.895237929762495759e-07 1.795936186851469026e-07 1.017015474126464643e-07 1.404838123533422379e-07 6.667269649670218482e-08
1.349916858454699718e-06 1.215882901565997150e-06 1.033001310170982692e-06 7.468504908479008100e-07 5.828579151783284667e-07 4.272446879071874947e-07 3.106823521903899600e-07 1.925630199607216479e-07 1.463744498141311950e-07 1.312600337922711681e-07 4.081381247378738639e-08
1.411800990037053000e-06 1.168974553621399533e-06 1.015687619737425775e-06 8.329435899798094268e-07 6.235374324626984036e-07 4.411825775220182145e-07 3.090109512838424820e-07 2.228365032731238639e-07 1.131679631878176275e-07 1.604624757918972967e-07 3.451471590775463506e-08
1.585531127735882156e-06 1.098829137662206222e-06 8.251459768387469151e-07 7.225016546882187519e-07 5.888442116754842641e-07 4.401458870179483533e-07 4.410755068399578728e-07 2.139237061002811795e-07 9.489864086250191227e-08 4.010223788196785185e-08 1.743170525681816494e-08
1.351739942944523429e-06 1.346668041892286915e-06 1.117817798990565532e-06 7.289275670982573754e-07 5.753001460690273851e-07 4.364603080038802423e-07 3.169892851189305018e-07 2.180768871963929946e-07 1.737888338093104392e-07 1.350953939284546536e-07 3.335102436875227943e-08
8.704973949908581252e-07 8.740119308303028709e-07 8.538994209703866765e-07 7.453116392206856046e-07 6.138919039733682499e-07 4.599844266833496882e-07 3.190859244690373129e-07 2.072222144733629428e-07 1.113214330284863967e-07 4.171925885871865423e-08 1.394696661007869617e-08
9.077687493253380990e-07 8.375809418583775097e-07 7.669068685865046152e-07 6.715800123635085035e-07 5.834411274986568728e-07 4.751352302246415151e-07 2.905793249274242437e-07 1.825404368217162826e-07 9.387732704592192679e-08 5.901341907255934199e-08 2.431179804374614621e-08
8.264409582180124783e-07 8.791539346503143736e-07 7.517615996675745978e-07 6.812271161105115812e-07 6.099971564038023537e-07 4.621847388026467879e-07 3.369476196405375396e-07 2.482748575341032709e-07 9.991577321917660753e-08 1.734835754124503459e-07 3.254117096952234333e-08
9.833152336786418038e-07 8.791978675960225449e-07 7.585904202738600523e-07 6.946140463288944332e-07 5.878995905757425997e-07 4.602446812442261053e-07 3.184583912393549879e-07 2.050288592709251497e-07 1.155400751600835046e-07 1.343704303618802448e-07 5.962832125506022476e-08
2.334477341779437726e-06 1.502239409034771454e-06 1.310466353576127683e-06 5.732335769309657665e-07 4.544184831502086587e-07 3.557885987602936315e-07 2.466871731888009535e-07 2.688637613996929552e-07 9.222672358719891729e-08 8.408040477236034133e-08 2.292174125238768475e-07
7.951265879461414212e-07 7.480636764876318221e-07 7.088207880977461364e-07 6.468783909759777944e-07 5.551314121798684079e-07 4.287308726332567487e-07 2.999540720834500402e-07 2.218693002951189208e-07 1.096807526272720506e-07 6.055263571396665115e-08 3.387045067567486277e-08
1.084807015302592259e-06 1.068483760787003276e-06 9.543382896241586686e-07 8.029482956105394782e-07 6.294574071657326274e-07 4.947886985802076037e-07 3.700701714931305805e-07 2.270311467423879460e-07 1.190974153554273142e-07 8.393246022159751825e-08 2.944522876590284763e-08
1.435742958997023689e-06 1.236438126178182861e-06 1.017616570832164317e-06 8.676309887398148070e-07 6.285171974945850947e-07 4.527281478113480908e-07 3.139854448022322213e-07 2.029562535167672297e-07 1.069829445007687714e-07 5.495134550393093711e-08 1.041477068940349043e-07
1.677924921458444661e-06 1.542923768323620702e-06 1.313025569911105768e-06 1.111824527877609801e-06 9.054666786987794050e-07 6.265708644112388791e-07 3.658939396933056765e-07 1.930827395653143306e-07 6.916144596969260158e-08 4.633363159427385697e-08 2.591637005298518392e-08
9.833902968567320386e-07 8.916005562699285108e-07 8.376086491988283486e-07 6.765586508132433648e-07 5.491396290426780032e-07 4.276476729849498894e-07 3.119899772086589953e-07 2.871714048667034949e-07 1.235837049345063458e-07 6.195823879708318383e-08 4.738653187848336542e-08
1.329050758924412374e-06 1.187611431832415416e-06 1.052634201372313930e-06 1.837003401427492341e-06 5.922703869551685279e-07 4.363570259114122479e-07 2.914116415146388062e-07 1.883535882800969159e-07 1.311358691787309581e-07 4.485267814157294911e-08 6.853500156113804742e-08
1.113464608375493046e-06 9.613162071492847263e-07 8.506907787548375065e-07 7.530116706866500254e-07 6.094155902353411733e-07 4.667798169199621886e-07 3.538880243988108319e-07 2.623154824536128825e-07 1.148579792185439486e-07 4.638480073794788579e-08 1.473970224222309622e-08
9.640744537891951914e-07 9.687923446749839468e-07 8.813584885455926817e-07 7.967370311336463434e-07 6.401445657686165456e-07 4.879662510961298758e-07 3.303206799550251322e-07 2.002151685866117383e-07 9.898398569651087133e-08 9.452476374105624298e-08 2.646852752433012498e-08
1.587788445529202021e-06 1.191893953709292215e-06 9.391913524943725949e-07 7.733556231882255859e-07 5.466145305028945421e-07 3.934206633918570370e-07 2.604099623960996136e-07 5.908366923980161560e-07 9.614544327059662339e-08 9.099587020000924920e-08 3.393311979426140338e-08
8.254918579316668665e-07 8.365282023284637892e-07 7.849344425329596897e-07 6.837820380464728666e-07 5.515675490640219907e-07 4.784906945470356567e-07 3.790236127313305646e-07 2.352997022601189215e-07 8.262660174881447210e-08 1.012116785317413603e-07 1.584374992276368039e-08
9.749294689765334171e-07 9.078744657493071958e-07 7.755204327979880761e-07 7.786188539371474474e-07 6.744931813667383711e-07 6.241008940037586529e-07 4.787630600490709641e-07 2.571567179727610753e-07 9.237620744302081272e-08 2.663849212398010797e-08 1.133655292117765071e-08
1.001439527445794688e-06 9.791887086533760101e-07 9.132017311979668768e-07 7.441545602820605164e-07 5.879830495882442093e-07 4.314154036032726227e-07 3.023414525150123033e-07 1.866524703048086776e-07 1.035523154776534372e-07 4.973710152290587677e-08 3.717396378707811957e-08
1.088125064558157527e-06 9.698491942038471148e-07 9.240985858844394296e-07 7.794394996201331817e-07 5.719281642436281398e-07 4.347149012209603996e-07 2.980775826717585865e-07 1.885376027339396520e-07 1.202555130263666751e-07 6.955212710612188316e-08 6.151255977971684808e-08
1.573665710352089770e-06 1.252121086066405994e-06 8.897593365552110599e-07 7.682465302175828848e-07 5.977374134908567478e-07 4.393851579271696496e-07 3.044851143156320640e-07 2.004593988014665416e-07 1.144881752324621957e-07 6.386509602555351557e-08 2.998346734050462216e-08
1.273377240231736123e-06 1.169400465236328620e-06 8.919779044464136709e-07 7.069585129849486791e-07 6.179695040047392236e-07 4.549503425985646770e-07 3.012683100115206616e-07 1.946972288222873491e-07 1.171317561390847236e-07 5.896906242569751406e-08 5.680585375566584784e-08
6.970583915437740916e-07 6.963040579793439481e-07 6.576580926517840060e-07 5.964409292196907476e-07 4.974779072971832132e-07 3.913347641995319721e-07 3.124627973765991218e-07 2.258931039583410171e-07 1.455198470523118247e-07 1.261849350107042900e-07 5.414426692852941203e-08
1.295584517808129768e-06 1.137041466328074436e-06 1.031090747329568198e-06 8.160053752342922950e-07 6.489920273301359989e-07 4.525959064345781828e-07 3.498508064368412398e-07 1.784040059139248916e-07 1.132093671120134098e-07 4.266057373321851336e-08 3.792488893453738108e-08
1.009774353787338813e-06 8.739549363505646220e-07 8.607645682649511515e-07 7.499371259793111220e-07 5.660548300529489965e-07 4.483213296996578275e-07 3.062749857662210606e-07 1.790471808615357854e-07 1.071534218723559090e-07 4.211526873704335297e-08 1.579869448015949558e-08
1.070508741483434533e-06 1.097624015030256292e-06 9.440488785136482364e-07 8.068599649325265123e-07 6.558028018088138997e-07 4.897004300668585562e-07 2.988239344116442498e-07 1.820170106243107601e-07 8.926833008123089143e-08 1.433337925338986489e-07 8.359632131281506696e-08
6.867614476476474775e-07 6.514212636680228784e-07 6.290507239565518856e-07 5.351568945505867598e-07 4.558442242494926619e-07 3.934252254657109299e-07 3.144350395095485037e-07 2.146521340575080496e-07 1.098647826956583936e-07 1.538173066639490837e-07 5.348477190026706410e-08
1.193799326644109475e-06 1.126433611845923101e-06 9.716768556706272745e-07 8.158232155563016181e-07 6.123921524182920447e-07 4.489871601944691499e-07 3.023448689737977502e-07 3.333484712584855665e-07 8.201325085668254663e-08 1.701044375448012116e-07 7.441566506053165963e-08
1.119224219496010520e-06 9.660903482189737752e-07 7.633243947767021470e-07 7.225531806314695897e-07 5.696847623067019670e-07 4.222285121872518185e-07 3.024749964026241403e-07 1.851404586129211893e-07 9.931331279278945115e-08 6.472865444133304307e-08 1.131201150074881320e-07
1.507688206244720074e-06 1.282355840364542334e-06 1.080888674027667584e-06 8.787067767060134655e-07 7.180028700609707869e-07 4.707424007511147404e-07 3.039635119202626588e-07 1.835022881197743069e-07 1.014805044121199047e-07 4.607178076827667075e-08 1.989999876162110174e-08
1.030192197668033357e-06 9.972004533311915877e-07 9.267662653936157709e-07 7.661275993911807966e-07 6.328837651634277932e-07 5.074095345709595706e-07 3.293919207259628654e-07 2.019751521723606458e-07 1.617780951799773571e-07 7.022125967475829476e-08 3.727704148522199670e-08
7.677033952991129621e-07 6.659236836094885818e-07 6.282413165109465018e-07 5.682226424626225989e-07 5.613278956712242695e-07 3.494946144414024708e-07 3.020395212252972970e-07 2.105607282035812666e-07 1.392358504582499087e-07 4.214969656164593403e-08 1.687394771488821569e-07
1.196544114740376293e-06 1.091903636736005282e-06 9.519363058694525623e-07 7.044303431628345027e-07 5.712557184034192666e-07 4.390292781642948078e-07 3.005627036667085241e-07 1.918388140362063059e-07 1.284398871680504014e-07 5.487380735367193698e-08 2.025817790574392955e-08
1.317528843581065665e-06 1.036456742900482147e-06 8.148331761627191365e-07 6.305868385438286647e-07 4.985012407333967228e-07 3.313084804968707564e-07 2.134765106223292369e-07 3.776606534244264464e-07 1.015749914746795550e-07 7.209364813683134725e-08 1.623441306964160461e-07
9.865255626033237558e-07 1.350111288949420038e-06 1.001035458918917785e-06 8.242047762693225386e-07 5.499618030514361402e-07 4.062973239293225775e-07 2.849513685211906551e-07 1.843607862539704250e-07 1.100605032355120904e-07 1.317475197248189557e-07 6.374462831005510662e-08
1.300100993834208608e-06 1.012512894240856804e-06 8.653546177611058181e-07 6.958698809409996970e-07 7.559469766227248370e-07 4.233498493615784307e-07 3.069483655246705550e-07 2.070666955547123374e-07 1.178436439250607306e-07 5.714879727982543641e-08 3.534616137855293998e-08
1.244825663543221871e-06 1.038465882306753615e-06 9.077585298197073811e-07 8.273910579303534297e-07 5.345838603008613774e-07 3.499499955097072793e-07 2.555447613944860435e-07 1.523906792143797556e-07 8.759488433608524373e-08 3.693941623677876722e-08 1.075055384812646537e-07
2.313550289334690832e-06 1.794514269547519471e-06 1.271518906652429664e-06 8.876626038338664172e-07 6.815266958166946796e-07 4.620636794885293239e-07 3.130872278773747850e-07 1.790884224580151635e-07 1.369728426915883205e-07 5.492260954022892436e-08 1.533379275688793905e-08
1.109955214658960211e-06 9.717238591397511102e-07 8.432075100369499710e-07 7.590550587564730435e-07 5.973377241257571054e-07 4.202858946959261819e-07 3.000442148879447101e-07 2.048327742956517078e-07 1.557122355370229819e-07 8.300400735786937433e-08 5.497814212731469331e-08
1.038477622985144656e-06 7.910587551724435477e-07 6.591365341404601236e-07 5.417090064888409174e-07 4.242898413370628930e-07 4.692191637444108791e-07 2.654325377942454370e-07 1.796733093492158613e-07 1.052598408210957987e-07 1.445622961965688543e-07 6.640073073217741052e-08
1.147827654946982400e-06 8.606571543633380432e-07 1.796632044052599758e-06 6.609243723540420858e-07 5.018380932273318012e-07 3.717091093141670961e-07 2.997668422681702302e-07 2.098301194113251831e-07 1.163116952330042665e-07 4.565267455961902515e-08 4.989975481793689351e-08
1.586691762413988797e-06 1.171602534989330263e-06 8.485628209105802526e-07 6.726948848784836037e-07 5.859476894412548891e-07 4.370909564597052469e-07 3.295184890145957806e-07 2.097452534509232514e-07 9.722511677424822268e-08 4.316865511345469671e-08 2.265731411069875887e-08
1.056933203304414166e-06 8.964987837182991262e-07 7.433631148192333001e-07 6.633256876465879699e-07 6.187723913094041081e-07 4.041370681033582652e-07 3.011791871770102618e-07 3.819218793230658915e-07 9.622848401649438036e-08 4.653542513184949858e-08 1.204265446274809127e-08
1.436295814362634259e-06 1.124945286840200751e-06 9.011862188004585533e-07 7.211294494688962232e-07 7.436725890925126832e-07 4.570858994942512141e-07 3.180455986524169488e-07 1.911958150139750949e-07 1.177326749296868141e-07 4.338015518572443610e-08 2.009948523036255046e-08
1.497507272387200754e-06 1.282256432354498452e-06 1.128324654570542470e-06 8.905641163143872405e-07 6.710318890180205903e-07 4.475843149994229827e-07 2.601371435456295720e-07 1.483938717548363562e-07 6.946433607295948110e-08 1.487148627869839172e-07 7.877607977101821092e-09
6.288462570828748658e-07 5.850554757206762475e-07 5.168214531310521649e-07 4.952597097111811501e-07 4.900626467876381486e-07 4.663871492033940152e-07 4.286469360246871653e-07 2.800777415906479476e-07 1.660245499890978272e-07 4.294196069899432112e-08 2.161876016199320438e-08
1.600919569131664856e-06 1.277180545604557984e-06 1.038217704359567946e-06 9.010138764177314214e-07 5.835334681354533450e-07 4.603487991935841396e-07 3.139879533745863520e-07 1.775860570189784162e-07 8.709395797811104611e-08 3.700832416026719028e-08 3.592663784066821079e-08
1.131075530443834278e-06 1.034611957897717575e-06 8.384843568946609748e-07 7.416074882941197780e-07 5.495143323974144053e-07 3.971609648932788753e-07 2.731995752396440749e-07 1.880144479835866612e-07 1.023114004223846562e-07 4.652109832267706389e-08 1.577157192832264240e-08
1.153674145669816060e-06 1.192314687447091117e-06 8.453178887297048717e-07 7.214176880504666348e-07 5.764307796735855350e-07 4.362045463125985960e-07 2.991754471270384886e-07 1.852398892262090465e-07 9.808360932422364961e-08 4.271857233475084474e-08 1.348096740359981023e-08
1.608669995803408050e-06 1.187523609428263932e-06 9.781092152118834649e-07 8.264851325679293521e-07 6.328359212912867634e-07 4.432088210584200949e-07 3.134594053409693158e-07 1.996975856864614368e-07 1.087555801893116483e-07 6.075952669192412562e-08 3.225852316566632492e-08
9.129033680017129292e-07 8.654170330184357385e-07 8.278673806281667139e-07 7.165223930912315480e-07 5.317219155875792490e-07 4.492804611285254327e-07 3.160821847462589925e-07 1.925023953955840161e-07 1.383665718555582443e-07 8.033396297226783163e-08 2.162526714000263924e-07
1.125522146036624155e-06 1.011292392927030014e-06 9.563563734927888337e-07 8.106236278276430563e-07 7.137468682801627280e-07 5.883058786358268516e-07 4.761666316546884571e-07 2.032826006427378245e-07 8.104845036588476554e-08 3.451326788997579234e-08 3.522411624580253133e-08
9.762384080964345496e-07 8.882902875997524292e-07 8.606105782515604281e-07 7.647578408644637471e-07 6.311708870577506481e-07 4.687557625315202707e-07 2.923257472620460025e-07 1.668687459804727823e-07 9.521173658164235875e-08 4.730770398868531481e-08 2.726341483961306466e-08
1.010991713461623899e-06 8.708016180476607789e-07 7.400480456179808535e-07 7.244635484696182761e-07 6.263853592146673572e-07 4.492492644997091582e-07 2.965193154181882800e-07 1.709869575964712020e-07 9.479688813758711102e-08 8.742679014049990782e-08 5.619705428181684232e-08
1.153844579621650716e-06 1.219346698312340762e-06 9.126029780017373264e-07 7.882638831404146594e-07 5.969390990663892887e-07 4.925886947457670015e-07 3.796067247636902757e-07 2.430499273562546948e-07 1.163977241702480761e-07 3.756649768427798508e-08 4.690620414083869149e-08
7.897403955012209798e-07 7.852287745289097100e-07 6.652817255184966036e-07 6.168220008121957950e-07 5.096730145047797674e-07 4.124077494848892637e-07 2.887405369992897819e-07 1.816367859435332816e-07 7.818234604312178825e-08 6.678168869476347729e-08 1.046897681090879524e-08
9.886566111052114464e-07 8.276430519101156413e-07 7.758540321132954913e-07 6.864193123297690580e-07 5.334090468843792025e-07 4.774289146882896941e-07 2.924590295556723915e-07 2.888880753242280589e-07 2.208877319980315943e-07 3.682560135395889914e-08 5.765927872117785674e-08
1.214366456170078547e-06 1.060916928040048433e-06 8.398558102708772179e-07 7.128136155311617873e-07 5.720294585657612711e-07 4.400989664634332567e-07 3.194479441779538118e-07 2.012114036413322868e-07 1.347624407238612349e-07 5.122843993979178820e-08 2.075815569284662941e-08
1.123428544994601447e-06 1.529151040539319184e-06 1.000799912577266413e-06 7.627447845881857690e-07 5.746062830595009920e-07 6.236818386107166119e-07 3.769108897856793866e-07 1.907397954969984051e-07 1.148729960977015424e-07 4.559148553795502557e-08 2.039244976932499233e-08
1.931006245159516118e-06 1.339388585191625991e-06 9.535338076956967289e-07 8.148378628993325031e-07 6.160698109924468877e-07 4.160790041939155318e-07 2.915593791704396210e-07 1.688158334129837752e-07 8.244119386190973315e-08 2.819535201198528961e-08 2.390035783601228521e-07
9.411468893832425165e-07 9.203698705810283716e-07 8.110404323588177352e-07 7.047445942641243397e-07 5.396858254848982314e-07 4.173372443441372162e-07 2.835811492261520674e-07 1.484840587438810830e-07 1.936464619483301108e-07 4.749483798801658559e-08 2.590675778990554493e-08
9.209440727499926582e-07 8.716839872350303524e-07 7.947293938291949546e-07 7.044715191290733279e-07 6.596409578841420165e-07 4.772072757091771550e-07 3.105652799904868524e-07 1.853351266110416987e-07 1.086675473555292172e-07 4.025956724248703916e-08 1.388247382627127246e-07
1.261397051685375547e-06 1.133058595883958338e-06 9.568651708182511583e-07 8.230798863871716588e-07 6.016490783171116999e-07 4.377311226421861649e-07 3.036093506408935314e-07 1.950537177765700498e-07 1.079827445645503108e-07 6.305492939122625256e-08 3.492283145842254604e-08
1.364305020910100274e-06 1.161750705058182958e-06 9.660966870476586277e-07 8.072273850005980049e-07 6.017939512298039326e-07 4.438083412513731924e-07 2.810922559456582991e-07 2.392566930459909850e-07 9.268813860733190103e-08 7.149399632335293853e-08 1.685012408445865291e-08
1.140239814053282725e-06 1.035566120919789910e-06 7.738030807596539379e-07 8.940771782546797818e-07 5.580599267294058047e-07 4.301517385719663316e-07 3.192846812533175089e-07 1.912248938406504769e-07 9.731459590905149014e-08 3.182702412940824322e-08 7.631847596869485513e-08
9.958278512101933209e-07 8.963724583505446331e-07 8.314327901025504216e-07 7.702109298383086083e-07 5.770367289978219379e-07 4.381301416372767804e-07 2.983649341509361732e-07 2.179156804246445970e-07 9.109820066130702111e-08 4.597467222086938087e-08 2.542648735665990360e-08
1.355711114474861148e-06 1.196584596275895923e-06 9.022737834865206937e-07 7.556118110618195145e-07 5.690690006460310480e-07 4.149533952989108070e-07 2.854152806976291484e-07 1.999761264098321772e-07 8.869908781194642420e-08 4.004352792952986926e-08 1.431223820688162575e-08
1.072981967340275639e-06 1.064598017213594866e-06 9.645136667833126269e-07 7.708678838980817869e-07 5.716341559017664975e-07 4.492330980743360562e-07 3.196807539533884089e-07 1.927980810652336399e-07 9.133080078625015559e-08 1.897629467047635391e-07 1.711150947726704731e-08
1.547496565974632466e-06 1.173275352823150015e-06 9.615575819497975276e-07 7.110369969756174207e-07 5.759604879931517391e-07 5.111372418851807241e-07 3.083894939348990476e-07 1.735346898047587855e-07 8.762109597545453870e-08 3.308650070427045067e-08 9.398124929927774361e-09
1.254426766972081174e-06 1.180619770531890428e-06 9.775664575182627703e-07 7.877320337816962566e-07 5.955584455411386363e-07 4.597748809647137897e-07 3.212035230708581299e-07 1.868247961927513550e-07 1.533129153833411720e-07 4.433740521183790618e-08 1.916467580163173860e-08
1.484091284706018316e-06 1.214598287012467071e-06 9.559843660430369732e-07 8.307833395603832014e-07 6.424914012269631445e-07 4.659917734390613597e-07 2.915473277600167017e-07 1.516190544099946911e-07 7.621793547821419903e-08 3.337936204109150742e-08 1.926389362821678057e-08
9.587652290668878688e-07 9.009898072046933579e-07 7.872781595145683182e-07 7.036728873888678938e-07 6.057580778524067940e-07 4.439556356464636529e-07 3.236998158854385699e-07 2.592351371228046091e-07 8.722844777050099146e-08 6.972292507431008230e-08 1.358133189589204992e-08
7.147705480847959555e-07 6.150677946598688476e-07 6.092776117088871971e-07 5.403108778821069972e-07 4.939732223184352704e-07 4.215901815747299336e-07 3.465891212012699271e-07 3.466452190380320094e-07 9.936890109071882295e-08 4.052194340244998553e-08 9.891406294379441252e-09
1.238155992529926771e-06 1.287579109749722086e-06 1.558023076385666607e-06 9.514981208538458183e-07 6.713563067782278701e-07 4.585710525296732210e-07 3.140309092816906820e-07 1.603303069610444342e-07 8.266812268448773694e-08 4.084100339979297256e-08 4.025004546933935884e-08
9.495042502310707307e-07 7.354234637679274475e-07 7.088596686241519199e-07 5.573465926711450438e-07 4.673080254912754593e-07 3.897616061834206633e-07 7.091887860826510429e-07 2.998786045727955230e-07 2.197013563393610081e-07 2.904565358314457333e-08 1.042192185301078657e-08
