2.882871338889281219e-06 2.458576953468800755e-06 2.071896493617795657e-06 1.676284996890519980e-06 1.325575799139154010e-06 1.052288422751613840e-06 8.691410620364023529e-07 5.277162186399768107e-07 2.716392491160084062e-07 1.339598266777653710e-07 1.181988604203413245e-07
4.051118398490942930e-06 3.277034572173734688e-06 2.505996214746540797e-06 1.873515959983894747e-06 1.488610611857944723e-06 1.187685372355472792e-06 7.152144643194578443e-07 4.580693072775422556e-07 2.442279200766627113e-07 1.257568844367128583e-07 1.255482798434326204e-07
1.998220403661303809e-06 1.606678555088199037e-06 1.226783569311844980e-06 8.418975605153063417e-07 6.557269735726978624e-07 5.455153746506093733e-07 4.398889439413835576e-07 5.092499436889065494e-07 8.609994660080572576e-07 3.883182892516844711e-07 1.483445249055268354e-07
2.037750656324778627e-06 1.858846392391338155e-06 1.607685773790095642e-06 1.376877783781795194e-06 1.089512519245926804e-06 8.264590009879694647e-07 5.754990048202591077e-07 3.565462419037880418e-07 2.133443540762783822e-07 2.136645992482007729e-07 8.779927377101260241e-08
2.679039537799738705e-06 2.270902804910925641e-06 1.893863637663209967e-06 1.525414494122609814e-06 1.261202702231541484e-06 9.593566592289681327e-07 6.838504411890475206e-07 4.308823376027766617e-07 2.401954458979374443e-07 1.468168052261757081e-07 2.605209408095026393e-07
3.007315474311739046e-06 2.517273921764325444e-06 2.073422389529965782e-06 1.564447223646989065e-06 1.196143541503884597e-06 8.557763246587802025e-07 5.640022890815873381e-07 3.365801458665599785e-07 2.107750802519131626e-07 3.046881977926444670e-07 1.774704967227499863e-07
3.476857437294351771e-06 2.374833095287659160e-06 1.622143340319395569e-06 1.226734269037010841e-06 9.886612958278182689e-07 7.743495314424393368e-07 5.642017767667031153e-07 4.425608704656024105e-07 2.790152408203877899e-07 1.479767192178611773e-07 5.982364824879734697e-08
2.897040710191092791e-06 2.471346664679432900e-06 2.116995492137667812e-06 1.751034177751472214e-06 1.360254662564480747e-06 9.943229475859444336e-07 6.618181777226473609e-07 4.216936137803238514e-07 2.301969032941048464e-07 1.578695076749099845e-07 8.822324756980340922e-08
2.167182372204573051e-06 1.878854470922141617e-06 1.692732927268539111e-06 1.467529707694091840e-06 1.317141383537184207e-06 1.200141091240674074e-06 1.068225241527914527e-06 5.627114880325731669e-07 2.056959765569753389e-07 1.117840299802221313e-07 9.736993982265676323e-08
1.519296043677399934e-06 1.476707896431497255e-06 1.345350706156057966e-06 1.144856744530558612e-06 9.468371740227436214e-07 7.122131190083670787e-07 5.825058495992218877e-07 5.094845739502320521e-07 2.569924997902733616e-07 9.734932718720888148e-08 4.642238473573119707e-08
2.897787424818714236e-06 2.263792088471036214e-06 1.603382336142925221e-06 1.429548846454106204e-06 1.148180715919163627e-06 8.781609345200437890e-07 5.961850867114196989e-07 4.298708803844184252e-07 2.406808939269337954e-07 1.660437874952756451e-07 1.745538667481726411e-07
2.979927203141570699e-06 2.083738997179196978e-06 1.588262239121827510e-06 1.206802606867276145e-06 8.941143719539448942e-07 6.204161573708799160e-07 4.773903390274313481e-07 3.439944574722646688e-07 2.150221578770943501e-07 9.127282268066839949e-08 6.076270213844118630e-08
2.286929557741665052e-06 2.068861292872202518e-06 1.685657574198790859e-06 1.331087359177046236e-06 1.015761910537961403e-06 8.073504688185795126e-07 5.970538522403214184e-07 4.143353882963419828e-07 2.316545535321140237e-07 1.515099543280488493e-07 1.114980110242575252e-07
1.496096764232779130e-06 1.216831338664463579e-06 1.018551496693031239e-06 8.183722050657808368e-07 7.147500002075060432e-07 6.004213268048443189e-07 5.796967026856680195e-07 5.298967830711321102e-07 2.920399632601340202e-07 1.881325994914331990e-07 1.590212213983074092e-07
2.072383289747377508e-06 1.723391607628429025e-06 1.473006908488573673e-06 1.263901877239836970e-06 1.027748270641160000e-06 7.838350836737577605e-07 5.593798720200658225e-07 3.748688683452485556e-07 2.473171981640271566e-07 1.304020427957204842e-07 6.971497304364896491e-08
1.783828439631319392e-06 1.630403679139973458e-06 1.508556483475400898e-06 1.360753146686487840e-06 1.180356583654149472e-06 9.096244417059326947e-07 6.407501312570395749e-07 3.932273981195067857e-07 2.591238148681576032e-07 1.616550837601562824e-07 1.081820247620674329e-07
2.703848230406965549e-06 2.197081158839383547e-06 1.716143952734434901e-06 1.409463882715649531e-06 1.068887759077202191e-06 7.858060128221962003e-07 5.969159214222008206e-07 3.601108484430349902e-07 2.920620606520818997e-07 1.406329150605592513e-07 1.414579304667625144e-07
1.925511920388683162e-06 1.797481927134368570e-06 1.637029364961064080e-06 1.352892735337571860e-06 1.113465464869170458e-06 8.415154096691106092e-07 5.824435829771624501e-07 3.847361717983716156e-07 2.517639048929170392e-07 1.222389147738303939e-07 1.052701483077481627e-07
2.796274500696190411e-06 2.025491662466928138e-06 1.375090019142456624e-06 1.078852206717380378e-06 9.632449450984674010e-07 7.509210643587647738e-07 5.180986731428495830e-07 3.514156875177193267e-07 2.090713571349251796e-07 1.087684148646949387e-07 2.089126147976066578e-07
1.988017732243536599e-06 1.701176280846084743e-06 1.526286781014972274e-06 1.388029889909588226e-06 1.098957560652851258e-06 8.356538426208089318e-07 5.223396960696810196e-07 3.882652242505990466e-07 2.647654253723126258e-07 9.860127211619229177e-08 7.830910193999231090e-08
2.311761333928430127e-06 2.029184100012021845e-06 1.658432942261685257e-06 1.337674736643307085e-06 1.021348650900589726e-06 7.930412109294511138e-07 5.816413711492725197e-07 3.947099822827606740e-07 2.552581243201576967e-07 1.422789477375980832e-07 8.482532590327370611e-08
2.162940628335627560e-06 1.955921149422932596e-06 1.642481220714300138e-06 1.412835739189687727e-06 1.064693678039607566e-06 7.518979192291642590e-07 5.103929489621863945e-07 3.378116786493341646e-07 1.967268063274210321e-07 9.883563386248718701e-08 7.709418521395242082e-08
2.629626639156297861e-06 2.148433330245357107e-06 1.760505740110668228e-06 1.365682805624106893e-06 1.060970977041583548e-06 7.671249106395964576e-07 5.370068329457289202e-07 3.413988459263441019e-07 2.078588201968463715e-07 1.924373908988060129e-07 5.520726259248307919e-08
2.650043880372515744e-06 2.457275894974290515e-06 2.112088162449133409e-06 1.682233765561577916e-06 1.160237291205619986e-06 7.649711084009211246e-07 5.160130049624782086e-07 3.624067146932660986e-07 1.589449664956730206e-07 7.505342749984550193e-08 5.719700841675154753e-08
2.170201451640199215e-06 1.674365572840086068e-06 1.600781576786869326e-06 1.104730935862187078e-06 8.994834026011965211e-07 6.966680821254689603e-07 5.178303968044532156e-07 3.409608018048075585e-07 2.002372760343510674e-07 1.953054219584868455e-07 6.982712649250942573e-08
2.337830390019063538e-06 2.093451320012735106e-06 1.777044999394728959e-06 1.516422157871648583e-06 1.163749416806733317e-06 8.700459160006452742e-07 5.621705821909993694e-07 3.827850676275137191e-07 2.211201285481410914e-07 1.189860824727958286e-07 4.620295975554260619e-08
2.064131165997388640e-06 1.801301822452896508e-06 1.571740374279599909e-06 1.288294619916337266e-06 9.840928844423079516e-07 7.135196836978247725e-07 5.030156637247592457e-07 3.866693510577167017e-07 2.552721446868194486e-07 1.349470648501003624e-07 4.980431270508143592e-08
2.162942922728280757e-06 2.145879042415391377e-06 1.954147991985169810e-06 1.388855494379250184e-06 1.082788710734893569e-06 7.921824241809275036e-07 5.052924200729156508e-07 2.490468284268683994e-07 1.538209418254449982e-07 1.136198721787766332e-07 7.689750085482528396e-08
1.513544803780212204e-06 1.378249511514498952e-06 1.205806234428563645e-06 1.050037808913234330e-06 8.688793982403481090e-07 7.152139578299079171e-07 5.425431743346931169e-07 4.397505176100517895e-07 2.640293966699701281e-07 1.104843293526129744e-07 9.402885899260043184e-08
3.008634033354225347e-06 2.061431345340126039e-06 1.551683568773761217e-06 1.259907053836236309e-06 9.502310438991547799e-07 7.043015133170304125e-07 4.610533641084024721e-07 3.085633209001811721e-07 1.773240491610407090e-07 9.534167707703310761e-08 9.252513268882890329e-08
2.629509917867028281e-06 2.140159986625863509e-06 1.797217478871595002e-06 1.445972437885205833e-06 1.029657450821312459e-06 7.297486810974107605e-07 5.111022327396147840e-07 3.060453425602478225e-07 2.230379413599514812e-07 1.202797985578557642e-07 4.833483476322234822e-08
2.236331182974127185e-06 2.125862753039053023e-06 1.844922158452584552e-06 1.659128455605188009e-06 1.247060120515620358e-06 9.285750098886775021e-07 5.395701253673214859e-07 3.312019607918945606e-07 2.066963427367341531e-07 1.507212398421781351e-07 1.030789009565425421e-07
1.312839053782441022e-06 1.226624794739855520e-06 1.158381897531431727e-06 9.798932816865564263e-07 7.957570388105326849e-07 6.672957172165883108e-07 5.439706716719117627e-07 4.547449589273377519e-07 2.561155915880250824e-07 1.289703671334843231e-07 6.949396470896034509e-08
3.161659209608079334e-06 2.374365328346386175e-06 1.772068099293979882e-06 1.276449299625698973e-06 8.950943745015641421e-07 7.803210346778289384e-07 5.092802669352146129e-07 3.245124980750104793e-07 2.131928168770581902e-07 1.020598360993788314e-07 8.789978514284005014e-08
2.381540327011178556e-06 1.795692834414418352e-06 1.367035033421867855e-06 1.050562855332477570e-06 8.144096673696224220e-07 6.220334872688625133e-07 4.618718634387780759e-07 3.211245078383596444e-07 2.058903006170541341e-07 1.224082803861666914e-07 7.471105714385877353e-08
2.483819697709149565e-06 2.040840999146742714e-06 1.662915698217389288e-06 1.300162755488293905e-06 8.853295657131526245e-07 6.489051836624430820e-07 4.719861169950374750e-07 4.067965512143760439e-07 2.621933809120399989e-07 1.568951141619094144e-07 4.757420106858194916e-08
1.787289350149316592e-06 1.670334491924007478e-06 1.473806959926171573e-06 1.265918465302165438e-06 1.031658428442626361e-06 8.540602760120554042e-07 7.229449308994474819e-07 3.706451244024345063e-07 2.120531614119051885e-07 1.191007045857314627e-07 7.809661289349021279e-08
1.729844100291990290e-06 1.488894395367521608e-06 1.284042357064381415e-06 1.080632145085246145e-06 9.242676122165437847e-07 7.312365352079888930e-07 5.374807481234464555e-07 2.885599861098721773e-07 1.779758544599106254e-07 9.796023869490685047e-08 8.811249153833627243e-08
