1.003178982222390168e-06 1.004806850184988784e-06 8.863875179583480360e-07 7.424752028862334479e-07 6.133015485313797896e-07 5.396595276483432983e-07 4.462312340524910775e-07 3.423924354892297423e-07 2.710455656322340086e-07 6.424932245662965559e-07 3.181098080412872175e-07 1.321158265155064693e-07 1.347948897365686324e-07 1.309711827600386009e-07 1.786080087971393015e-07
1.543298802010800733e-06 1.817810160591495807e-06 6.033650196772196425e-07 5.112419662747812488e-07 4.422938377657750856e-07 4.625962758709983286e-07 3.881920993006461138e-07 3.370114166160722878e-07 3.578083911219554191e-07 2.489731510512962431e-07 2.184665678608222311e-07 1.896933837142681193e-07 1.924540624913642864e-07 3.438967401918649091e-07 1.660409053963313189e-07
8.105003406136339458e-07 6.710649465676866925e-07 5.549316082999272361e-07 5.192197343705872388e-07 4.483598124938288695e-07 3.807893873775602878e-07 3.435220949969919984e-07 2.875064312836954568e-07 2.566630756538831318e-07 2.111279444028683432e-07 2.029780629409382154e-07 2.021333044572213888e-07 1.452687920271403007e-07 1.316404003857612254e-07 1.050057587314965975e-07
7.107156667701991203e-07 7.248617632009464269e-07 5.845063034210886327e-07 5.313365722823494310e-07 4.905791820831047188e-07 4.419016158129698763e-07 4.012010443134367016e-07 3.451818345428378000e-07 2.900861374335802723e-07 2.283922304050916129e-07 3.474766142036388813e-07 2.712089082131716839e-07 1.115621044484384032e-07 6.544743594938032873e-08 5.715239798228980069e-08
1.236373719557578274e-06 1.046105029000608337e-06 9.330039708151582553e-07 8.299726345246073536e-07 7.320012937414580943e-07 6.396469756364166421e-07 5.285651253801462943e-07 4.014279095052311190e-07 3.001353470430519801e-07 2.350989772202505385e-07 1.678671148113640658e-07 1.282766713385195253e-07 9.268424788625379603e-08 6.719522923055639671e-08 2.180468862086944429e-07
9.409825327728552272e-07 8.269327526223553248e-07 7.173575455523785085e-07 6.293117390411684186e-07 5.554375706237806080e-07 4.857170689861493634e-07 4.402011471225770125e-07 3.770339348179606708e-07 2.930186777289133866e-07 2.162083366639331710e-07 1.447371027634214850e-07 2.140792509859675804e-07 7.513780658393594285e-08 2.492423747577235497e-07 5.488326632418718432e-08
7.892173761856981362e-07 9.005503069533950321e-07 5.579161672255690840e-07 5.485717523858127581e-07 5.151165181124923725e-07 4.963466874473399837e-07 8.670066625849212957e-07 7.952779370535841967e-07 3.869419736787854227e-07 3.500279895336061159e-07 2.375658005070292771e-07 1.636119011762822283e-07 7.790321421771114621e-08 2.877066718786442311e-08 3.068267846909782531e-08
1.077899537218250531e-06 9.936172752848834260e-07 8.455296248722483645e-07 7.478666786784463973e-07 6.559445106151620563e-07 5.574283976773857387e-07 4.555971883446822639e-07 3.925358957094786925e-07 3.169594770362232145e-07 2.422863620699892400e-07 2.331183397134919783e-07 1.224931793962679775e-07 6.448057252203751215e-08 7.020891653323699556e-08 1.426241291171228838e-07
1.317771549426003926e-06 1.289863876813826042e-06 8.894751341723311018e-07 1.652041932767249732e-06 7.660924402080362250e-07 7.422693585043519935e-07 5.060916774126734951e-07 3.421954437228864188e-07 2.757637051497310419e-07 2.194291052134135603e-07 1.630416454903070541e-07 3.903747829346496150e-07 9.476842850313345074e-08 1.337947095533237347e-07 6.952397977023638511e-08
8.088371780207859394e-07 6.768719420918590315e-07 6.017850159108488991e-07 5.573144470462626536e-07 4.870821202238169209e-07 4.267150784186910707e-07 3.944064041183822523e-07 3.516893031427404115e-07 2.674923062704373134e-07 2.026500189067910859e-07 1.593278558096187997e-07 1.515358855353518161e-07 4.551076345338192187e-07 1.404021827698308843e-07 3.688058541878608701e-08
8.236721883219560179e-07 7.483184597116009967e-07 6.556754108947101868e-07 5.731703885444207070e-07 5.431024685719299787e-07 4.642643368880904956e-07 4.097233008215586417e-07 3.708416248599743589e-07 3.971744824243428683e-07 3.605201422603250287e-07 3.119820952138576025e-07 1.000016917684416588e-07 6.356689836443833757e-08 3.848483184151166149e-08 4.871364945417164082e-08
1.325685283990894872e-06 9.189462264829891727e-07 8.504022378969171593e-07 7.514001708900915492e-07 6.523683287606446732e-07 5.749971261534442047e-07 4.671250312881853866e-07 6.710732920645677502e-07 3.694946929004787496e-07 1.990040505069226921e-07 1.320504443911841578e-07 1.018410455148981562e-07 4.501493819303566854e-08 3.344847190229514762e-08 6.199598231903090536e-08
9.256360983599041430e-07 8.411066340644862178e-07 7.238828905259233349e-07 7.063134523277002174e-07 5.462825676884323142e-07 4.721150845076908257e-07 4.251326829778419762e-07 3.429364297713838943e-07 2.798111285443910707e-07 2.139125109222634097e-07 1.570257559874217536e-07 1.453332184336464501e-07 9.575176883484450202e-08 1.148009255139539723e-07 6.892043597428785605e-08
7.917076033506877606e-07 7.597226388260237409e-07 7.415999784243467211e-07 6.243940879167231625e-07 5.647613364854540755e-07 5.209827273886629633e-07 3.828360974920300923e-07 3.260031407235779375e-07 2.667511846520727336e-07 2.217632760045758777e-07 1.372570593053700137e-07 9.251203990301212126e-08 9.400084821775906851e-08 6.983044648083627893e-08 3.297482378738831722e-08
2.360475195403382089e-06 1.574539012240559454e-06 1.278473234709450039e-06 8.149672331884910550e-07 6.176784923839771264e-07 4.924217859920494097e-07 3.994069722116983907e-07 3.348665077043132046e-07 3.760624787468672609e-07 2.055557600912393392e-07 1.635682657368876227e-07 1.204157758854481038e-07 8.658597051562765606e-08 7.359743107454610801e-08 3.683567722502952194e-08
6.511404514986495542e-07 5.758017085215714523e-07 4.657319954135098508e-07 4.481102438659476580e-07 4.332520960211120562e-07 3.918821248754317530e-07 1.368586437314059006e-06 2.975461202090076775e-07 2.437317940664642622e-07 1.760137638000947398e-07 1.397907643787275966e-07 1.091439652470333936e-07 4.858975434015209976e-07 5.956092680489141966e-08 1.802701011985238314e-07
9.154750887536010956e-07 8.056897220890313759e-07 6.525664794255014545e-07 6.226871376184740401e-07 5.728096838821012960e-07 5.405937608333936848e-07 4.561586032292432115e-07 4.656605286057893992e-07 2.865824724108092686e-07 2.059350859934968169e-07 1.652199746161755781e-07 1.135757276162972017e-07 7.598624963075905164e-08 6.837442397518792029e-08 2.397107709622628274e-08
7.734420130621629199e-07 6.880425987269202474e-07 6.325743666879757914e-07 5.745881866715150113e-07 5.065582729121695521e-07 4.507248683017185144e-07 3.957288447569330461e-07 3.387995729233324829e-07 2.945399109929546815e-07 3.872407267991415507e-07 2.629425669122744305e-07 2.162297342941010484e-07 1.033575065573671076e-07 6.663419864398205353e-08 1.325753642567526315e-07
9.585665047341476593e-07 6.404283494171792555e-07 5.850360104221187452e-07 5.255593714802199268e-07 5.110256252743741439e-07 4.274696145483025635e-07 3.731023406061618081e-07 2.956365334603592195e-07 2.356634006323457027e-07 1.769511036636808972e-07 1.336679098631306400e-07 1.051270929980077045e-07 1.073304005906693903e-07 1.367025514022604357e-07 1.216116623971869661e-07
9.011866019699499648e-07 7.510320724618210715e-07 8.545635788141974564e-07 1.919592194633278747e-06 9.241568015192355122e-07 4.465333715487644444e-07 3.697312287985963446e-07 3.587042745021340965e-07 3.493542217235598432e-07 2.372660917717363118e-07 1.814895867467038266e-07 1.937543130029924346e-07 1.846041321405749170e-07 1.466841773481705887e-07 3.145698179581609849e-07
7.396142355984160189e-07 6.403453437381699248e-07 5.368682380134584833e-07 4.673611477954143913e-07 4.269273720251168245e-07 3.624969300987642047e-07 3.129174320507376714e-07 2.824055248738523015e-07 2.652107962551494644e-07 1.956853853637380385e-07 2.769958710118218895e-07 1.338073569306510829e-07 1.136370332011331359e-07 5.510031315382224954e-08 7.259032104697101095e-08
5.669729709713156840e-07 5.709226862589502893e-07 6.512797952664940254e-07 5.349958789599933033e-07 4.257224487101834614e-07 4.606198501783724760e-07 5.461856927917167583e-07 3.715561955611998673e-07 3.141465212204695174e-07 3.028696123007185937e-07 2.020804536041698565e-07 2.509413065471242250e-07 1.475281779852424690e-07 7.828433487855588256e-08 7.986872768552664836e-08
7.646416675479528219e-07 7.973371923566396190e-07 6.909958169892540109e-07 5.975612519114023132e-07 6.455536218110865760e-07 4.899126959682238336e-07 7.251449813068148779e-07 3.386107678942705079e-07 3.893736688096641464e-07 6.326023740265546111e-07 3.034928463223749962e-07 2.786064714904067066e-07 2.201001409990857346e-07 5.028866707611406061e-08 1.172902558104865183e-07
6.760623537652939427e-07 5.899618259949015795e-07 5.737050686644192840e-07 5.584198180866424924e-07 5.089573637525017832e-07 4.556848576151050605e-07 3.667373495465958458e-07 3.007815280721689092e-07 2.504738476435189062e-07 2.111725657204649611e-07 1.612935880871791217e-07 1.287160964676542257e-07 1.085243691958902670e-07 5.259283379363146017e-08 7.626283254493865862e-08
1.133015367924733125e-06 9.736210386337970209e-07 7.340916354812623420e-07 5.357361129378246450e-07 4.885372737812547642e-07 4.234288176186561065e-07 3.496100028571270116e-07 5.970701495871739296e-07 2.668087201105166309e-07 2.069849993808446411e-07 1.781613616285517725e-07 1.329264118664991050e-07 9.412599958015520765e-08 8.241637876156277968e-08 1.139185098219734459e-07
7.839253858033133355e-07 7.026471022113128345e-07 6.667241801782778298e-07 5.926946616701064677e-07 4.889908522001775562e-07 9.702793685464698314e-07 4.757937570416929443e-07 3.685449481567167577e-07 3.120692761457881167e-07 6.541306061918628850e-07 1.866523460443231501e-07 1.060683093936068169e-07 1.795400741857513429e-07 4.515667925093559798e-07 4.042457238048175596e-08
1.129365023039764603e-06 1.070441088520624908e-06 7.544537974365211213e-07 6.346106806206467902e-07 6.671852923036739663e-07 5.400519431149580170e-07 3.997810209627576504e-07 3.326831369053342570e-07 2.617194941424155747e-07 2.074171921988415323e-07 1.746422774830822214e-07 1.033014486128808172e-07 1.506390039631077358e-07 6.594920602327245186e-08 2.528299806254917595e-08
7.578536929768482893e-07 6.799303608093366558e-07 6.580829304215043616e-07 5.507206902575036928e-07 5.689632657894940182e-07 5.636507179196156786e-07 4.019816573021980944e-07 3.448260449328166268e-07 2.771161335854836098e-07 1.952104228544305438e-07 1.473466621862860972e-07 1.029635082817965292e-07 7.844265910286437283e-08 1.126097806759029864e-07 3.510792077048654019e-08
6.174138788516253016e-07 6.610496645508077963e-07 4.833874137325063390e-07 4.403157591614074580e-07 5.209335858299250271e-07 5.097310101329937118e-07 6.136389769458011965e-07 3.367401525515388914e-07 2.780594119094088478e-07 2.277375162508348995e-07 9.993720489159504586e-07 1.144431849652071131e-07 2.353820506068639605e-07 3.721821460552503087e-07 7.878321562920130933e-08
7.621078494223196878e-07 8.229521682486355335e-07 9.035015571242275930e-07 8.887780771424033454e-07 6.431838132987257373e-07 5.099678735366400730e-07 5.147032890389833044e-07 4.352645577760612292e-07 4.340076444220628956e-07 2.576895713524846667e-07 1.411344796484304710e-07 9.352482327295451952e-08 5.705263547871379339e-08 6.782545351245610007e-08 4.155147933271140150e-08
9.811269509090136819e-07 5.650762800820145279e-07 5.607722491743208797e-07 6.414684462861527306e-07 6.885464541756980418e-07 4.701442579668811050e-07 3.974879363669665142e-07 3.228595460246424265e-07 2.534655851112316566e-07 1.949773946467869067e-07 1.463438886334534249e-07 1.737415787608495942e-07 8.563813475958282922e-08 1.814057392852510599e-07 3.783991181981445813e-08
6.358530453277673934e-07 6.067797731197674494e-07 5.241575393312711143e-07 4.794253899009905357e-07 4.496744206392431875e-07 3.658170861486013893e-07 3.259031014249529348e-07 2.622641933325398250e-07 2.341659604692252511e-07 2.047064969871918657e-07 1.439142573580593358e-07 2.867295726072303593e-07 7.132494969281017650e-08 6.086768968265438140e-08 1.410405345022156042e-07
7.808101498070514830e-07 7.570399634007608601e-07 7.233484435711266740e-07 6.428374483628105867e-07 5.503343136999923756e-07 4.799277634699102368e-07 4.105147334105126166e-07 3.240454109832340114e-07 2.536018402629939350e-07 2.227991568966621087e-07 1.700683120118174114e-07 1.054335151410195414e-07 6.949145673224262844e-08 7.298220157197781685e-08 2.213419435519247719e-08
8.089193961823315175e-07 7.726118910510445993e-07 6.681892653050000840e-07 5.797842633294403622e-07 5.213856449772702053e-07 4.453720997767714198e-07 3.726284927497589470e-07 3.059781442882004538e-07 2.622133603105141547e-07 2.112937266199547147e-07 1.757178312067290131e-07 9.355935576625596941e-08 5.891786412439432051e-08 3.872637296241660742e-08 2.541930700673310404e-08
1.207157046388352638e-06 1.138856927095552243e-06 7.353026817921196532e-07 6.168215170993562079e-07 5.253249747108682045e-07 4.655008328036962335e-07 3.983710182765962531e-07 3.280052834552855814e-07 2.584081111515660895e-07 1.921746317700160763e-07 1.570034391177970547e-07 1.181379875252382762e-07 1.033949635319259890e-07 4.482076296894540512e-08 4.873081687117845751e-08
5.467393720778685685e-07 5.068631824320747115e-07 5.086906663201937187e-07 4.556768505656757831e-07 4.144713726307047350e-07 4.140310546893255446e-07 3.892225258504860240e-07 3.665355178532592107e-07 1.528777528616759300e-06 5.765015000297170350e-07 2.277911738231133955e-07 1.891805678524867502e-07 5.640994493408758780e-08 1.301930720267332098e-07 4.546892642325636630e-08
7.081604535522793106e-07 6.319226237911772081e-07 6.045180553562076901e-07 5.424416521829350714e-07 1.005662378499597255e-06 4.679977980888718761e-07 4.825403242775293814e-07 5.060003648288970734e-07 7.831818744531713859e-07 3.384172481586949100e-07 1.748479829319486546e-07 1.629348838606270273e-07 4.867343430532801553e-08 3.322023706960673416e-08 1.646952456491326016e-08
6.741494698825421742e-07 7.038601057888455570e-07 9.309171739143740677e-07 5.240972945933959380e-07 5.654387481529578159e-07 4.794521812739291769e-07 4.357921961298247251e-07 3.576467358340468117e-07 2.870337449009024682e-07 2.607567406857948194e-07 1.966403922571606439e-07 9.046393195987375976e-08 8.900805279456643151e-08 3.233270800606366598e-08 1.894011011683052800e-08
1.246131187353887156e-06 8.830266739757011047e-07 8.535681320748246534e-07 5.755465139510143865e-07 4.795786853625911983e-07 3.944879690357133163e-07 3.684953461173982930e-07 5.428572828596651390e-07 3.634600094627950653e-07 2.195431567683775531e-07 1.440437094367374594e-07 1.536011400326452636e-07 1.923561039600990692e-07 7.767269063306980150e-08 9.547426240796289329e-08
7.086092183706785180e-07 7.435152859212345414e-07 4.918099258877013290e-07 4.352225883775550034e-07 4.063016480594494586e-07 3.752201822052656955e-07 3.288892353685842230e-07 2.824963082925979987e-07 2.315260147703700624e-07 1.995850568842574130e-07 1.720716632549671368e-07 2.140166404197857643e-07 6.884132511654882371e-08 8.804692514551500621e-08 9.339560549409509143e-08
5.133579032397756538e-07 4.923699659725357410e-07 4.457387693913686627e-07 4.194881139096798649e-07 3.821118589238303955e-07 3.470243960920071588e-07 5.690286562934574786e-07 2.903992169489843950e-07 6.712308099894551638e-07 2.460142541240479123e-07 1.405484981167271510e-07 2.062701621228351419e-07 2.754890250749992063e-07 5.341889236444968397e-07 1.369032822066268142e-07
5.007215747263496436e-06 3.092646500104829173e-06 2.660296825587818408e-06 1.073553344347083749e-06 6.153991963994877504e-07 6.680473349588197701e-07 4.043631824178513098e-07 3.082051046366168931e-07 3.465655146302467677e-07 2.382255619061132050e-07 2.489646931703361065e-07 4.076512263464045805e-07 2.870583369006227398e-07 1.433772670065564484e-07 5.560152208979897051e-07
9.006589283428758619e-07 8.011346498686077804e-07 8.407434438320101748e-07 7.666036799659403857e-07 7.679652340159555431e-07 7.941107364815527671e-07 1.778727359623515189e-06 5.325350417438358927e-07 3.779176599398659750e-07 2.533856150499221065e-07 1.409254412430728708e-07 1.055450484106154192e-07 1.259817831114619421e-07 2.458780745003575459e-08 1.651999405399667263e-08
2.959990367666312465e-06 9.514385649218911058e-07 7.397267832645738619e-07 4.635696896210398433e-07 4.162906324476179428e-07 3.737671098736127744e-07 5.973358584470108751e-07 3.991078632596971869e-07 2.645887100951668462e-07 1.989975244214483236e-07 1.479297296267614981e-07 1.107249825903342075e-07 3.470143949234109532e-07 8.688069231893788496e-08 4.043912551328980232e-08
6.557416398381958365e-07 5.633443601220360080e-07 5.016171355782314861e-07 4.500990956782049208e-07 4.139260364804053985e-07 1.928670931869123104e-06 6.587400520408556395e-07 4.261244979955399128e-07 2.324309439062605121e-07 2.018331822036712724e-07 1.347514285595247169e-07 9.727977469950784827e-08 1.982638666539024453e-07 7.434322547475838191e-08 3.215369433186053361e-08
