7.886256984132508579e-07 4.374658610228803517e-07 7.746744201853476772e-07 7.255001899779666936e-07 2.865143040476012778e-07 1.415485306028562001e-07 1.114164189521676999e-07 1.133375927661410571e-07 7.177054906464640794e-08 1.293405835767343735e-07
3.033243945151750703e-07 2.500878454638051749e-07 2.558421806312555524e-07 2.753427652891335429e-06 1.756809692053572519e-07 1.175979479529389175e-07 8.916935499856806427e-08 1.391608677121638137e-07 3.733312296408525083e-07 6.820942396267432489e-07
6.446509174376962121e-07 8.926629001455476156e-07 8.862985938162162676e-07 3.456684031609509521e-07 4.758192436749616338e-07 2.173302702121757988e-07 8.710478065526781884e-08 3.064927769012210314e-07 5.357303580002066051e-08 1.406129584456016101e-07
1.240352024277658720e-06 1.303631659495517944e-06 7.418730791793542608e-07 3.243773999652231982e-07 2.284903429722499864e-07 1.123452964846277761e-07 9.127827497680376134e-08 6.184278914678769512e-08 1.565478299559756201e-07 1.339488864895572112e-07
7.085243237043597823e-07 2.581883658401634135e-07 2.404851287054677619e-07 1.976389990214026003e-07 1.527534256596766158e-07 1.075938639180235295e-07 8.541380787422316915e-08 8.489249560732247665e-08 2.494066903508515999e-07 9.815371868673796013e-08
2.843995298013520015e-07 2.033064614998681415e-07 3.880774739526211727e-07 5.866024656943041917e-07 1.309889364457362806e-07 9.223149489138584806e-08 2.052798963765592591e-07 6.734169814029717538e-08 4.755919975542739592e-08 3.862568029153024914e-07
1.478600271220678072e-06 1.178954890860968025e-06 6.306488998325612592e-07 5.240848410908709153e-07 1.474617120931219698e-07 1.212247988954813257e-06 8.736240358118447463e-08 2.143509573010863457e-07 2.816940714834115238e-07 5.985763141863666773e-08
1.218715860394145620e-07 1.002508279651830154e-07 9.046102484957625589e-08 7.337193401418855854e-08 6.358397479993049767e-08 5.293981088661967581e-08 4.632724710901025958e-08 9.987927782231494843e-07 7.205205889200227140e-08 6.445860083517984073e-07
6.118576335463164160e-07 4.261461194408960458e-07 1.328376683364251774e-06 3.544816371123986160e-07 1.446977661430643557e-07 1.061829750687689446e-07 7.596536685815850978e-08 5.568602740095768187e-08 1.055050543203869182e-07 3.274668611299928514e-08
3.711388908372054827e-07 2.119458191559839124e-07 1.280437112485609602e-07 1.113462352302735982e-07 8.934443752053850552e-08 7.447884219288203877e-08 6.986146569595321133e-08 6.872948829668740107e-08 1.738889817333022703e-07 2.341523189809083112e-07
7.685078102357227982e-07 4.744961064040452276e-07 4.755647782356290803e-07 2.061496866160677376e-07 1.226990009379082856e-07 9.414479504532087946e-08 6.111904095440400607e-07 9.758099260247083452e-08 6.451928963985419378e-08 3.698228332678296924e-08
1.028308077794664222e-06 6.161031777659822718e-07 3.345163266185572650e-07 4.208204086427522941e-07 1.332703444829050188e-06 1.040547564664535293e-07 1.240642847628954073e-07 1.178038819012215813e-07 3.877365533469557922e-08 1.107040091692728669e-07
5.799188691093892173e-07 7.335568323115474611e-07 4.800102649723453569e-07 2.937975182920158725e-07 2.005744168358220495e-07 1.292943335429112036e-07 8.220873230144175348e-08 6.484685904495067827e-08 4.636466345874246331e-08 2.372277139270726668e-07
1.891675522403704602e-07 1.734925433473764309e-07 1.514621809914102171e-07 1.326661028875608046e-07 1.010450776107935960e-07 8.209969106705519591e-08 6.990352712239168813e-08 4.744860926741653488e-08 4.990953138801447164e-08 1.790781339837013592e-07
1.374585793313829057e-06 8.919779282049619342e-07 5.572358866856458385e-07 4.643717243766950090e-07 3.423058870029969169e-07 6.024329333348508387e-07 2.915779128221943054e-07 7.981810245954053990e-08 3.797262677916369767e-07 1.156556213533709903e-07
9.790011808527659944e-07 8.008360211245148312e-07 7.435311960948101304e-07 5.593061886976342151e-07 3.403454237170321508e-07 2.278225008906280926e-07 4.266512299333645406e-07 8.067496044330574401e-08 9.584627239894058437e-08 6.721021931428289759e-08
3.598831892746918762e-07 3.183066905095533753e-07 2.477753923921288996e-07 8.733044788212656850e-07 3.742462846498105629e-07 1.936912008478122917e-07 1.445965669721042655e-07 6.683690564310030659e-08 4.264916664655882405e-08 4.734754235458291516e-08
1.678032462931606734e-06 1.038124212104288404e-06 4.021288457163138539e-07 2.522544109818174440e-07 1.830363905638467618e-07 2.939518138963705193e-07 9.975951705853921080e-08 1.013427030197634719e-06 2.916394292461949200e-07 4.808292797086456606e-08
4.173215058618724755e-07 2.339974191145484067e-07 2.686734713856032535e-07 2.405284141082174731e-07 2.626801269982583459e-07 2.879084665349677281e-07 3.487150832454273393e-07 2.563841128000773688e-07 7.278103236198676153e-08 3.078077423716615034e-07
9.490445164771914199e-07 7.624835300365031787e-07 4.009279234970358767e-07 2.772489051784722469e-07 1.928703026513994016e-07 1.607093684477959565e-07 1.298112077815748565e-07 2.630094975228825431e-07 3.570228753829306286e-07 9.071295534897369176e-08
9.817340313487647057e-06 1.226461593068801462e-06 1.352732444474334363e-06 4.767134121195065294e-07 1.211307138488497248e-06 3.258431107744105825e-07 2.205468635930770135e-07 2.816705462266985503e-07 4.281449724944405451e-08 2.411901453522575516e-07
3.102914071898055122e-06 2.474355930162225010e-06 1.996347766559818159e-06 9.711521106047970241e-07 1.175847610879546674e-06 2.885283968329847553e-07 3.611773582133676065e-07 2.101105024800691458e-07 4.502281325283520101e-08 2.698648349580761160e-08
1.211698259702156129e-06 9.203302341335320821e-07 5.930632753541772579e-07 3.422152267880083530e-07 2.434098893847831090e-06 9.100672831648870201e-07 2.146736473990003832e-06 2.911036456818420870e-07 9.932349838351194331e-08 3.143502387734691107e-07
6.292579051953356793e-07 4.621628645638782672e-07 4.266857633639330003e-07 2.895539716075643458e-07 5.007070661191461287e-07 2.102713540445269911e-07 9.603416885916274905e-08 7.835607082505899963e-08 1.174506390803723604e-07 2.910650648423002168e-07
2.731529781687703034e-06 1.272166423419976442e-06 4.493757187521316896e-07 2.734983842273963923e-07 1.573113003433298775e-07 1.378298553750896288e-07 9.909648405330910200e-08 5.379081340192682637e-08 3.719848318428364957e-08 1.272879186117592378e-07
2.298157126907538718e-07 1.799832323000745495e-07 1.178187646216853327e-07 9.373663358377210923e-08 8.400089106843046889e-08 8.412537828115718337e-08 8.996784592080002314e-08 4.421448711460911091e-08 5.778487030283662430e-07 2.467942102717043536e-08
7.196126724565547566e-07 7.122759565423337730e-07 1.541892514077135015e-06 7.157033083281828281e-07 3.145631984008847982e-07 1.973472183499666145e-07 1.239287506714495195e-07 1.273014073732485128e-07 3.936108231262289755e-08 1.736732028442272376e-08
5.094768129284662808e-07 3.034701636592979538e-07 1.881408928492579926e-07 1.395820715043748789e-07 1.195119883386864163e-07 9.718558793481743506e-08 1.196197245605379360e-07 2.920820082645095797e-07 5.830697557717997892e-08 6.863182164233694152e-08
6.457413518451112291e-07 3.135119602020182800e-07 2.885082342246109892e-07 2.304551733415079350e-07 3.027537015212238546e-07 1.982437118170872311e-07 1.423193081953976872e-07 6.579457612678585664e-07 3.514913688796018592e-07 5.591958774549691534e-08
1.876552476979264042e-06 1.149187705206316813e-06 7.009456764153220897e-07 5.369531031449655931e-07 2.065482467409787544e-07 3.069280019240888688e-07 2.390583310177720799e-07 2.048084683597457390e-07 6.842571489419113757e-08 4.463065379554820319e-07
1.151147404453387475e-07 8.863535558705773373e-08 7.624808690358056558e-08 7.554266652520920741e-08 7.020424253226331694e-08 6.087721581317020667e-08 5.197902510936109529e-08 5.481495651748220336e-08 2.986228910873202046e-08 5.488468649720421467e-08
9.391882426757679244e-07 8.334373422636824916e-07 8.161885608398360482e-07 3.573611668501300831e-07 3.890491077013872693e-07 4.604773478115292066e-07 5.843845286232387526e-07 1.130307327278908262e-06 2.451415591492387093e-07 3.375680337428944910e-08
8.433346549913986650e-07 5.028985395282288877e-07 3.984859384204475134e-07 6.217717447276675970e-07 4.505007186622559668e-07 9.632297717189654234e-07 1.131425759997326485e-07 1.327611616373856573e-07 5.069809618618762826e-08 3.619844956502898944e-08
6.928824987655416048e-07 7.653482061181021858e-07 3.948369486133511159e-07 1.796922084449175076e-07 1.992716192370438712e-07 1.361265986429567528e-07 1.344182053986547419e-07 2.129103950298034586e-07 5.032527019762862184e-07 1.006662481763917749e-07
2.898639655293149672e-06 2.152192504247235187e-06 8.442099298817993294e-07 7.943765753472634048e-07 2.331342668480727997e-07 2.183596775065492316e-07 3.320827594620117346e-07 3.070820067357946432e-07 1.169494660578605892e-07 1.441857086241391300e-07
1.452856167218192319e-06 1.530263124326617436e-06 8.149005135021581683e-07 6.545827219083092689e-07 2.232176517304497530e-07 7.470203171252652806e-07 1.237847110688647880e-07 2.182764524738856191e-07 4.420809018158657195e-07 6.118940439013955320e-08
2.795870889227584574e-06 2.235174786096955646e-06 1.421239867674619742e-06 6.359573841358778738e-07 5.998961255858211061e-07 3.855987964902960600e-07 1.073414526045016395e-07 1.382354688749303979e-07 3.801079483982586936e-07 4.083616626804244043e-08
2.085328538775558338e-06 1.464279780130633050e-06 5.201604265225776424e-07 2.626902948778042111e-07 1.833063123210644578e-07 1.577053127313444613e-07 1.070520239771004832e-07 7.502471542337504256e-08 1.331062249017248517e-07 2.597032763929382085e-08
2.566292824287837796e-07 2.332968062113977041e-07 2.261470782645897316e-07 1.993325144192726660e-07 1.591620957544842811e-07 2.250999874655527631e-07 7.872482738200065551e-08 8.967223541803118356e-08 8.050503344548480831e-08 8.186583050178147627e-08
5.727194031239989672e-07 6.298180962397637793e-07 8.586289352702675218e-07 6.769930217027819949e-07 9.118720425058110394e-07 2.632381401780417159e-07 1.329718387125361879e-07 1.804428181303960616e-07 1.380098417193188633e-07 4.060081863332313556e-08
2.390654461053495337e-06 1.613105176212627710e-06 1.085868844009872921e-06 7.383278099450961362e-07 4.376990164160162475e-07 3.749367537770111902e-07 2.210391097230680044e-07 3.403400753764127031e-07 1.204241468712877825e-07 3.394000967806313339e-08
2.194728972415808834e-07 1.931457929312060930e-07 1.418672559808769719e-07 1.273211394854380036e-07 9.648162090733996059e-08 7.554454063696604145e-08 5.684546233700875272e-08 4.325046034707459023e-08 3.376974060946940748e-07 1.979342382465799405e-07
6.804831795012899340e-07 7.505727741107779147e-07 3.550568071282017343e-07 4.058401970723925838e-07 2.906949164509826701e-06 3.143451795085324170e-07 8.926657376941782351e-08 2.147880341722641030e-07 6.206756611893338930e-08 2.222978972016989133e-08
3.729534238717038840e-07 4.039586507993655315e-07 1.160948615908101305e-06 6.988942528548923531e-07 8.880756469897479177e-07 1.053815527902625225e-07 1.099564149008132413e-07 8.451288867611594039e-08 3.457862575246361695e-07 2.899291470750218857e-08
1.246424104633738852e-06 8.131040599230048165e-07 4.830046349920981908e-07 1.706590258594034708e-07 2.227047730397472908e-07 1.216454876101358632e-06 1.029084227299885644e-07 6.058225968021436701e-08 5.828641318211296964e-07 1.101545358605056714e-07
3.212251774914063757e-07 5.330628539837589505e-07 3.514118575271752829e-06 2.153547861372557364e-07 1.327516917050607629e-07 1.008333456896262946e-07 7.676899192075861344e-08 2.828055039270083903e-07 4.387910751278928253e-07 1.787446293830759652e-08
6.513244039538266716e-07 4.551998276799225128e-07 6.144800999110151913e-07 3.020025477246688263e-07 1.934772337791180085e-07 3.040332119490903104e-07 7.151653324742637777e-07 9.918268445390261659e-08 9.731755064922928092e-08 4.510928883306777240e-08
3.340672338782765884e-06 2.011135918010538106e-06 7.997597901811270789e-07 5.007498846238195792e-07 3.349498575445646574e-07 3.721405668763787057e-07 2.444043230956970972e-07 1.285919680961596609e-07 7.806567143546190206e-07 2.211366050192291170e-08
8.297825104839566772e-07 1.302994094169998478e-06 6.575231581374052563e-07 3.780976114891611290e-06 8.997187747933128062e-07 3.176342544371941951e-07 1.055898487985501833e-07 1.499014936220335490e-07 1.248462452655872803e-06 1.200708874112807955e-07
2.735837184781798302e-07 2.553829447191003598e-07 1.931704127876981976e-07 9.686706592649187784e-07 1.958609982610297219e-07 8.358449080460308822e-08 6.691811107089723643e-08 5.257607759494916108e-08 3.975055069589782318e-08 6.404929918751543191e-08
5.920129283448101710e-07 3.666685245680067747e-07 7.220023033332667239e-07 1.196637220415546768e-06 8.440005168695420334e-08 4.792237157684415400e-08 4.502255194989265595e-08 1.269440820247258526e-07 2.671744079984882961e-08 2.264690269313757794e-07
1.032949943175786124e-06 7.387198913101466872e-07 8.673049444211703827e-07 2.587459895956720854e-06 1.741647068857043858e-06 1.876621912701709601e-07 5.700753796127818558e-07 8.097513654942846303e-08 3.527090731578681202e-08 1.333677371109866534e-07
6.023452161828687496e-07 9.268053794460638470e-07 8.289223089554015434e-07 5.051174699633876297e-07 2.701328433881243010e-07 1.089298152234795058e-07 7.163835543964563530e-08 1.081242745935121321e-07 3.454287573639659754e-08 3.341312667043241760e-08
3.767772631063159101e-07 2.683889149243069303e-07 2.021550161696067054e-07 1.940268551601392262e-07 8.688644005303715716e-07 2.221393241657801517e-06 8.521344214620092945e-08 5.535320676402064684e-08 4.015648529955235292e-08 8.480418053662037348e-08
1.020992621801219547e-06 1.211860632294824339e-06 6.358261749995542405e-07 5.501279243862464979e-07 3.665942221847207515e-07 3.113018129229926883e-07 1.080110239410076041e-07 2.497190724876134791e-07 1.539369882969753299e-07 2.571586159499788234e-08
1.761131581954574327e-07 1.378540717965614875e-07 1.582837325262239536e-07 1.488534727382759363e-07 1.921286651619166363e-07 7.834370039004624492e-08 6.657434654423800037e-08 6.269775608583549817e-08 5.226121986056291645e-08 3.413189631617501647e-08
5.929545243521990244e-07 2.575339367792139188e-07 2.036577409349478926e-07 1.828242685353805308e-07 1.264419073109119616e-07 9.812513377080323074e-08 7.110783544464174885e-07 9.613858229338152510e-08 1.038277431637497486e-07 1.023152090196789349e-07
1.629323022251096655e-06 7.437055397887725896e-07 2.367571426370440491e-07 1.533204177144088989e-07 1.185325068019712855e-07 1.177838754429370077e-07 1.229643463938593457e-06 1.247778470836980336e-07 3.121678680162472077e-08 2.472805069274206858e-08
6.863207610747035696e-07 9.624930910776971947e-07 4.779196918001001997e-07 2.049336510134370711e-07 1.662063250518871081e-07 1.462511845301215088e-07 1.447370255684606381e-07 5.025856689581020066e-07 4.159698176664659143e-08 2.590338701311537347e-08
7.221802536885878013e-07 6.245783058335171509e-07 3.986339209046373243e-07 3.573789669611850536e-06 3.233620904611771098e-07 1.390860033953030136e-07 1.311408905617623457e-06 2.562081184298789109e-06 6.205635053478034824e-08 2.020444656378942113e-08
4.859848810480398828e-07 4.901664806015258911e-07 5.418594880893301643e-07 4.860083889269269193e-07 1.329584936896698231e-07 8.308377825137687289e-08 6.865007232343593673e-08 2.140023312637015752e-07 3.039583556823608932e-07 2.358765373730355233e-08
2.343008699183960846e-07 2.246618298249080947e-07 2.168300166154169446e-07 1.768030845505853507e-07 1.577283159817117408e-07 1.139295428931600799e-07 4.958813598965831277e-07 6.291644661235800469e-08 3.220144191048796050e-08 2.215640655289147574e-08
6.936154275496017429e-07 5.215555420570614280e-07 5.701935775950891954e-07 2.444552419523062905e-06 3.506190360607490402e-07 1.224921871546090291e-07 1.024907561387698869e-07 5.819607783184335209e-08 4.174301975393727663e-07 1.982766028165812341e-08
1.199273948580228414e-06 8.903911023208239939e-07 7.099324984733915873e-07 5.021182830700795531e-07 2.381474787108070078e-06 2.436832382183830027e-07 1.298360730909847576e-07 8.092908144594717557e-08 4.968102983936541902e-08 5.395685474665391599e-08
7.445666764297022117e-07 3.886253029277317460e-07 1.837575758997707706e-07 1.230386749752556329e-07 8.424498017534286557e-08 8.915355997892700893e-08 8.270911759565456291e-08 5.521544253419546011e-08 2.164689467014846491e-07 4.464937582986232093e-07
6.687166579050073944e-07 3.730078207020252572e-07 2.564829438074267582e-07 2.060143541654774101e-07 2.376345725607182675e-07 1.235264123691070291e-06 1.026928332746717891e-07 1.927570618277516382e-07 2.993289148859612039e-07 7.623641908399761678e-08
1.256526596456265391e-06 7.848993731131613213e-07 5.280639013302107068e-07 3.616580029381087113e-07 2.298305182718368680e-07 3.118261221845496013e-07 1.272468976831715100e-07 4.284368350049094002e-07 3.847836805508526607e-08 2.370208354600077902e-08
1.205463723310630224e-06 9.494343557296041847e-07 6.087734507324677565e-07 3.853714184842271080e-07 1.948777063825622969e-07 1.400219755122953171e-07 2.051692082975863276e-07 4.268506807503550078e-07 4.642333466038420024e-08 9.778725829139378331e-08
4.279159894089898502e-07 1.073671736525901107e-06 4.590384125915015000e-06 3.338353580275828916e-06 1.563417486833546269e-07 8.580965386696854000e-08 6.062616675407960094e-08 9.712523915116190799e-08 2.877459812045300730e-08 1.890164731036166125e-07
9.690557569100924131e-07 4.030316509566592663e-07 2.353920581876801537e-07 1.862335803170649830e-07 1.383015383993235003e-07 3.200734192748744681e-07 1.847085845667214914e-07 4.204221505967189543e-07 8.609261181461087568e-08 6.901909034966601326e-08
7.861022357915437519e-07 5.396486973672492692e-07 3.473334437046137503e-07 2.977996928421985341e-07 1.422892220532060263e-07 8.958205609309821746e-08 7.752843036095067867e-08 6.101729005441576839e-08 2.538261778743997276e-07 1.213255555259797309e-07
8.963316488300075080e-07 7.798969590687949793e-07 4.805717034937058107e-07 7.777422201848776803e-07 5.353406073645060238e-06 1.765653374872043231e-07 1.593662352580294808e-07 3.143110968593817004e-07 2.790460429968370664e-07 3.084996034432621406e-08
1.315056573653273347e-06 1.002789352199409000e-06 6.811264143389451310e-07 3.118018436717113560e-07 1.919122161081951654e-07 3.065985998958163334e-07 9.025542584640633116e-08 1.864553181264628394e-07 7.692565122148982615e-08 1.952640929981819899e-07
1.588053571037385036e-07 1.359411735795485502e-07 1.155983110104446082e-07 9.454830676103877987e-08 8.812027039073024789e-08 6.795557607716100930e-08 4.684471040896246944e-08 3.542492217001157895e-08 4.166072442777915005e-08 2.832049906373044038e-07
2.195600454882348662e-06 1.810496285279441082e-06 1.404874600111367750e-06 9.525870213552496700e-07 3.762891205819928711e-07 1.322034958009656095e-07 8.957585508875810528e-08 6.143667180343413041e-08 4.340318755128635619e-08 4.385667353507302084e-08
2.853889176356284526e-06 2.456966049127762981e-06 1.654012107893879526e-06 5.767474226587311621e-07 1.798750774618526313e-07 5.051815334463859168e-07 9.736383197039107352e-08 5.490942368923263954e-08 3.810715364555140798e-08 3.743269085518425189e-08
2.446179733499638943e-06 1.622395386053455099e-06 1.382089623184840396e-06 6.362283028620081802e-07 3.169045197934607273e-07 1.889830742056384727e-07 8.155503443695422084e-07 1.028766234479140509e-07 5.202608396011887554e-08 2.078138417293407793e-07
2.515645885516447429e-07 1.941386920902856223e-07 1.476103539377474690e-07 1.134877613554812885e-07 9.012526631562331613e-08 7.768231331190437573e-08 6.544222178474244104e-08 6.981388499569723548e-07 2.998621075855364127e-07 2.016760546563571184e-08
1.789319615563420764e-06 1.385661966308198251e-06 5.923445201513741650e-07 3.299755088276817433e-07 8.845236145257960884e-07 1.321213169578554067e-07 8.799514333565217509e-08 6.503362953967627186e-08 4.319163249790371676e-08 4.593017808095840209e-08
1.390470673754228301e-06 1.280394691037783561e-06 1.083435852477910078e-06 3.970082921906505771e-07 1.965186792699547352e-07 2.634180361415073706e-07 1.621392350044300925e-06 2.130982396792922468e-07 5.990022679975005897e-08 3.937576189630425948e-08
4.288511905700177115e-07 2.557207224238322992e-07 4.511363485406953712e-07 2.866292819033778490e-07 9.316144705009589797e-07 1.855985725224366893e-07 1.637540269539706320e-07 3.041936405661486644e-07 1.265768232697579996e-07 2.959909441796824510e-08
2.621057687781786549e-07 2.446660697963857379e-07 5.170708104566084468e-07 3.171382243692024009e-07 5.525498107559931647e-07 1.691195984458254082e-07 1.061788729586515605e-07 2.900975437360488850e-07 3.430665692816196174e-08 1.725221193836716231e-08
1.694917204267023968e-06 1.210821790519904343e-06 5.856103323457909842e-07 2.503675515433179498e-07 1.326916451572249758e-07 1.111339339936134443e-07 7.026033409953555871e-08 4.742354027291860211e-08 5.288206293797683983e-08 1.516055577626833902e-07
3.062528487404125566e-07 2.606049614047609282e-07 1.704506397687696270e-06 1.831368747929616940e-06 3.004837498536769102e-07 3.239151585051010094e-07 1.248959943431452630e-06 2.080024371594750312e-07 3.270270533939559381e-08 4.321256000691603122e-07
1.428479511613322015e-06 4.504366651290155333e-07 2.972030578375239034e-07 2.389694113046034332e-07 2.574931038787286468e-07 2.115923019744707347e-07 1.947490265101215923e-06 6.267599367597288261e-08 4.175922735669095388e-08 2.789070113685000335e-08
6.365880042725718908e-07 4.377436527689032241e-07 2.645931693002855907e-07 1.956997345866370198e-07 1.268237397178544712e-07 1.095637640504883039e-07 1.314248601499224451e-07 5.820259491596094625e-08 4.243837535270119364e-08 2.315928621115132675e-07
1.596253716628403893e-06 1.069200676047906684e-06 7.148146138550561338e-07 4.590676053788806314e-07 3.359037441685813800e-07 4.972068158529288563e-07 1.241450998985471545e-07 1.935145856474195212e-07 2.261173243178506717e-07 2.893143486279018024e-07
2.842919911626039765e-06 3.999135889114873363e-06 1.781333863651593555e-06 7.972228701756663973e-07 2.501773989799289941e-07 1.846179624498769731e-07 5.434381871836278381e-07 1.994461189399338559e-07 4.554946967412286448e-08 2.698214820243482989e-08
2.303436835484392459e-06 1.314333202996010597e-06 5.617647122899503518e-07 4.338221533428353350e-06 7.751212889412035644e-07 2.038893809715712044e-07 1.564134310817686837e-07 8.159668536115337662e-08 4.399850408409786783e-08 6.429996137178626988e-08
2.303584498884976366e-06 2.558438887701403914e-06 1.797899824508532716e-06 1.089874519775542876e-06 6.770193002947092970e-07 2.690850257218916529e-07 9.489994719550196965e-08 2.389655334837087232e-07 3.418952461784323319e-08 8.997301179318647509e-08
1.344352274127665952e-06 6.200419289619308932e-07 3.913723021233214616e-07 2.916190463389412864e-07 2.779642860911071999e-07 2.102786869823381745e-07 4.134520203319628084e-07 1.228646302211889063e-07 1.070917813794436586e-07 6.786669011211965543e-08
2.105222136782838881e-06 1.514834022171172704e-06 1.692824609845380099e-06 1.385237159226740449e-06 1.456426723846204334e-06 1.427219910528486179e-06 1.400044075253008576e-07 9.393322017743691386e-08 5.667862828586024721e-08 5.117598939499815900e-08
1.577601379984608903e-07 1.279291667245562714e-07 1.197756504566347216e-07 1.368827927840787145e-07 5.135844792467092171e-07 2.769666129724539898e-06 1.031331061325730009e-06 1.578593764562835974e-07 2.563809466743635478e-07 3.647979682209810475e-08
6.826187557506404829e-07 1.319810094774412400e-06 1.828485681857130414e-06 8.215312568067281303e-06 4.251697681247666763e-07 1.608099455026371406e-07 1.037638026739096947e-07 7.786852625747866170e-08 3.568389737270964614e-07 4.462362345014846535e-08
4.711078904036261386e-07 3.651443268634021983e-07 1.806165648962512412e-07 1.428491283729685635e-07 1.542069189634239491e-07 1.181865900107034324e-07 8.655562496766423984e-08 5.593892513803675212e-07 1.043088772606369656e-06 5.944041302413790072e-07
2.664084255684255866e-06 2.026330183296828180e-06 1.555516275055163903e-06 1.092613544150234349e-06 6.922247237080896006e-07 2.893586420213194906e-07 1.049774993842138119e-07 5.915065028435217548e-08 4.221797829744673097e-08 2.606175685446472534e-08
1.842267117874554917e-06 1.077887663043476420e-06 6.950887203180382944e-07 4.651465722973260993e-07 1.320788093027475024e-06 3.350607196441604548e-07 1.328614949739050424e-07 7.282570521308407667e-08 5.732291741749710002e-08 2.656322249603569537e-07
4.595517465076281585e-07 2.318548280025569728e-07 2.106858734286462117e-07 1.510845853839666882e-07 1.120789012815321710e-07 9.232600060141153991e-08 6.345425615005439710e-08 5.516337263353762635e-08 1.739760135493348698e-07 2.590270706340769494e-08
3.506606098877779620e-07 2.716926153610802749e-07 2.132832520951947299e-07 2.079093042614716891e-07 2.497687581652244043e-07 9.852681566994360685e-08 6.741447844000926144e-08 2.000910687748896655e-07 3.509560165621021559e-08 2.590970967170904018e-08
1.004567235266692271e-06 1.048889034230289472e-06 6.523736711323523788e-07 3.755942414559527753e-07 2.166998659327913421e-07 2.817982151312091942e-07 1.756333328099213717e-07 1.308206094056101062e-07 4.345234508049790688e-08 2.876687627575585643e-08
2.714351327631705683e-06 1.711611951164664365e-06 9.319432853100987859e-07 3.735730751569255724e-07 2.356639007686621963e-07 8.355677788390798077e-08 6.625559439124417832e-08 5.217202349629374592e-08 5.159832100458363305e-07 8.911211824383375396e-07
1.483984692256013436e-06 1.708996700023041583e-06 8.167212981177638581e-07 5.496514677324145957e-07 4.515656326106164136e-07 2.000235869017588712e-07 9.884094905400296117e-08 1.978851795591054735e-07 4.624537661326301969e-08 1.281313747229054746e-08
3.172565773797452991e-07 8.685060056136576884e-07 3.921435900365721984e-07 1.627644272195588292e-07 1.257048613326532625e-07 1.001079648634274426e-07 6.973195434283915021e-08 4.799279236766107453e-08 3.430962394771956487e-08 2.557044959450473253e-08
3.747174315564068454e-07 3.736893042980997689e-07 4.340795356935021248e-07 2.095748435937971301e-07 1.597816933145856997e-07 1.414032918337801994e-07 8.439425007771499644e-08 6.621996765931277040e-08 3.308605200439502828e-08 2.419070479425156117e-08
5.696619045143943259e-07 3.746561033459727180e-07 3.185784494786099547e-07 3.449804308125168121e-07 1.702953289318420707e-07 1.018166588970155091e-07 7.523844508802481667e-08 5.400803036741399339e-08 3.242268855265806652e-08 6.087724548415549461e-08
8.098458582753211498e-07 5.780064386297247074e-07 3.888470401465933987e-07 3.501688988438232658e-07 2.890052392949847887e-07 3.643962149982208487e-07 1.179295267808359317e-07 5.925984420398472345e-08 2.799740704291127462e-08 1.827843090738460132e-07
2.878998123729795070e-06 1.780600110708735044e-06 9.477611007173134292e-07 2.809220081077873596e-07 1.556122167087257747e-07 1.120686813682066814e-07 9.988700595213274700e-08 3.557704109510231495e-07 2.189101308577251380e-07 2.548577324324691276e-08
6.931408261670712701e-07 1.521744164647144485e-06 8.099595113079741463e-07 9.772918879298965402e-07 1.592106537543482668e-06 1.365132116575970223e-06 4.735924932912182767e-07 6.557597915381553949e-08 3.631208543687957490e-08 1.412174569230727357e-07
5.012747221362117565e-07 3.871092481923433966e-07 2.410931869569455440e-07 1.620899595682372683e-07 1.037592376791765032e-07 8.444411822931602828e-08 7.381228955362078952e-08 4.420395133120247296e-08 3.033649249219320268e-08 3.998629879672583465e-08
2.772912036771915518e-07 2.127606688574067932e-07 1.516853705924190687e-07 5.736515516089753099e-07 1.476355476575943037e-07 1.004408123618866067e-07 1.099619195316778160e-07 1.516921393762246039e-06 9.662800983664693661e-08 1.617561064776953182e-08
6.923045206899018870e-07 3.736582654785828051e-07 2.835612185382710718e-07 1.375259178135905514e-07 1.292005658470641587e-07 9.310077339422029540e-08 6.726845726072429232e-08 3.333900557544591652e-07 4.160577379884744573e-07 2.122422130622517143e-07
3.215915319493122862e-07 2.008480381211616890e-07 1.635717418887287966e-07 1.455870144938268156e-07 1.193820013350696177e-07 1.186260524326073305e-07 1.049616846632303073e-07 3.144987182147325653e-07 4.016898149330297334e-08 2.479714498630826185e-08
1.663312043895294538e-06 1.443268524944663843e-06 1.119017456786944437e-06 6.683401125315212713e-07 4.701031435505758893e-07 2.786070743090788864e-07 7.836062274551436635e-07 4.840204856445675368e-07 7.802021789286292170e-08 2.212374923838264576e-08
1.205684888212757289e-07 1.278613784865330554e-07 1.010272849641232546e-07 8.833212364197771488e-08 7.617537056593402350e-08 2.337450388155472885e-07 5.623099687260342382e-07 6.249711662871879882e-08 1.089856611217970993e-06 1.931669223914940755e-08
4.303843678760597396e-07 3.298377560704740480e-07 2.012360749072625153e-07 1.561951315980830840e-07 3.834525495146996780e-06 1.441661568727713987e-06 3.104886378176164478e-07 8.880092500111429315e-08 6.176736119870735076e-08 3.757948725548496434e-08
4.038129067644532906e-07 3.110871991434782414e-07 1.030286589288192013e-06 2.778046602414971691e-07 1.984988025504371934e-07 2.437048981285921726e-06 8.036065385912157844e-07 9.030985969234553793e-08 3.262885333792302338e-08 2.180213026620783807e-08
2.763824047387090032e-06 2.788619357187275268e-06 4.578374021207727911e-07 3.279931421101701111e-07 2.672425521969500320e-07 3.229523007052781672e-07 9.274814702051615736e-07 1.207802329204351496e-07 3.182638070249704370e-08 1.579635392418838233e-08
3.988302011182706054e-06 2.627587233800962197e-06 1.638731024333116002e-06 1.249300493093336293e-06 1.489535770000100205e-06 7.169051533944812682e-07 1.248793043156044831e-07 9.947079390478747318e-08 5.552411013992335324e-07 2.219759521292319953e-08
3.669033436126248775e-07 5.458726657502426871e-07 5.413884959963990541e-07 4.658922168432185890e-07 2.431683236490499852e-07 1.624629775951379083e-07 5.999387366852865845e-07 2.675286634334963561e-07 3.739976863867594763e-08 9.277802206156821676e-08
4.262234271865698958e-06 1.914531336154616343e-06 8.696928594267567409e-07 5.108510530899996395e-07 3.638707374391171415e-07 2.225414302845959288e-07 4.335034457876387988e-07 8.013903631984081750e-08 5.290689067842826430e-07 2.293039545717256450e-08
2.164369576205371815e-07 1.672283519716076674e-07 1.500547850758715108e-07 2.035184171154659302e-07 2.467889254666080768e-07 1.377440446218466640e-06 6.909427761588019254e-08 7.477718181586183366e-08 2.636975821482648347e-07 2.967418811385366752e-08
1.321424037594244027e-06 6.666810848712243137e-07 3.829629475506050645e-07 4.136631115044534583e-07 3.549178191980158492e-07 6.195192773022844621e-07 1.124641066093135554e-07 6.003535452875090229e-08 3.409868768516646242e-08 2.070591036990701197e-08
8.397529127610012540e-07 8.695695546710562348e-07 6.748746889185793516e-07 5.213658435006216423e-07 3.829931461780136876e-06 2.910012171614515928e-07 8.769181767019470239e-08 4.912409856076080036e-08 4.791646263005422678e-08 1.274749984413899418e-07
2.118097962117387450e-06 1.281693133222453213e-06 7.982050772193982964e-07 2.735978490374663260e-07 2.544704373373062265e-07 1.225918830591695818e-06 3.107123733263703572e-07 7.189203158599270247e-07 5.982906940084125414e-08 5.882323606030902957e-08
9.324469147645889978e-07 6.050154424235233923e-07 4.061236115284569299e-07 2.312488916985856421e-07 1.762775288633384046e-07 1.838757043694030424e-07 8.045836999626057689e-07 8.800034294117158387e-08 1.097855568527015220e-07 2.339128071981364643e-07
5.709745787302939337e-07 3.757881703485696065e-07 2.520371302347707892e-07 1.144875784675365149e-07 9.151240088007739751e-08 7.385026140277854946e-08 5.041106830283412674e-08 3.786884683939199906e-08 2.697278551749246998e-08 1.887727592553485159e-08
3.796402582136706912e-06 1.782035324916940343e-06 1.118906118092817399e-06 3.493964950337436052e-07 3.383556567894527447e-07 4.082589046132777138e-07 6.180625270262388027e-08 4.596444197040867482e-08 3.118185043415235472e-08 1.886708908000313674e-08
1.018105592197431310e-06 7.207825653737176199e-07 2.696611080054583231e-07 1.413144003110833337e-06 5.013578307278094606e-07 9.990083335171006820e-08 6.573226007287680837e-08 3.639875957138216803e-08 2.617018979596585971e-08 1.334423340148599543e-07
1.364046919660561432e-06 1.278128464930945971e-06 7.229847165509202218e-07 3.028507564603830316e-07 2.439033528652873444e-07 1.367898650196371976e-07 2.571474865884671229e-07 7.023765013500598506e-08 3.903523793073261175e-08 2.480873073715660489e-08
8.266641044856777632e-07 5.932874193449699390e-07 3.571542042584076717e-07 1.037500353753937173e-06 3.620039921917001402e-07 7.002631622820847956e-08 6.694982456608655537e-08 9.683382262315541093e-08 1.371542650154898175e-07 5.774425888871842997e-08
2.789135267476209371e-06 1.689825948779484403e-06 6.275117222480117616e-07 2.714141757127742254e-07 3.403737902700307224e-07 2.599559121508215751e-07 9.528112724777736209e-08 5.731453050334931875e-08 5.854015119344123395e-08 3.819235299953947100e-08
3.766221113195216397e-06 4.706191184748262272e-06 2.186317238755997014e-06 6.975067003726419250e-07 4.290359695559188650e-07 2.841985246951274976e-07 1.672121840609407725e-07 9.076962839653651421e-08 4.057373347989009049e-08 8.030003921759445289e-09
3.457586147944893608e-06 3.279870580772170627e-06 2.214146075620998460e-06 8.232606683696061775e-07 4.981359450471799405e-07 3.628941509210880933e-07 5.109974053489535064e-07 1.802634594009724287e-07 1.104764255232837291e-07 3.523273324722810742e-09
2.419271657369717453e-06 1.682317006992517458e-06 7.391023667533107110e-07 5.355907480356888933e-07 1.699238655797832991e-07 1.124998525366738821e-07 8.987694050082543422e-08 6.471092326674319679e-08 4.384626208260748886e-08 1.308747111036779407e-07
2.003385854016044382e-06 2.038000604636077147e-06 2.888412711309392550e-06 8.060728545723511681e-07 7.403971996977563503e-07 6.977181355853701112e-07 2.688509687916861133e-07 8.368093614146833213e-08 4.191609655352803758e-08 3.014411606770974160e-08
3.113831401763291065e-07 2.707735277523736980e-07 2.297985346783323421e-07 1.798635617697353649e-07 1.196307499407034195e-07 7.375159813336027701e-08 4.644112133449957191e-08 3.105527644071229905e-08 2.022007833054639885e-08 1.665754763859738961e-08
3.765999867857399751e-07 2.423522333477315326e-07 1.678914000735000129e-07 1.372180618534178960e-07 9.764026702029187389e-08 3.518678473720957095e-07 7.455815504647981010e-07 5.604413742259052379e-08 5.282308673944137659e-08 2.614426216820281983e-08
2.532877016111085282e-07 2.007764136552507252e-07 1.524656047242630684e-07 9.865190128197300692e-08 7.357374711875366484e-08 6.062380568763803062e-08 5.327405187571049590e-07 3.048323668549317582e-07 5.887268307412733600e-07 1.988691077885173403e-08
1.954937578294062532e-07 1.741459252425759117e-07 1.355418274650425465e-07 1.011749119060393129e-07 7.017618800513618237e-08 6.976773410898760461e-08 4.916700852283304748e-08 4.459141836063036498e-08 1.851940211897682099e-07 4.234022995693022469e-07
7.335841198294625668e-07 7.694326062648486790e-07 1.903783143521135364e-06 4.258623098796783791e-07 2.979509547537886066e-07 1.650812603834789843e-07 2.727345552554046671e-07 7.218313535256763599e-08 1.259399653764334394e-07 2.602092769666165818e-08
9.509390276443387386e-08 5.309696819717438615e-08 6.208165267137093467e-08 8.852262062665322523e-07 8.864687298978651858e-08 7.722759315814159492e-07 1.003455347304283797e-06 9.334677954242049812e-08 1.522309626499794766e-08 1.607490645218221906e-08
1.468032002757563617e-06 8.117345029875624919e-07 5.372492409517015687e-07 4.250753762368472472e-07 2.778496159978499126e-06 9.548757911056175073e-07 1.308378535568795118e-06 2.676962380559844906e-07 2.884716802510266788e-07 7.261855702258837457e-08
1.229045994908290143e-06 6.180185716346896406e-06 9.919873049018041011e-07 5.020629732353475438e-07 2.941821589132277226e-07 1.864727105644636942e-07 1.148493421565856289e-07 5.146196421997064106e-08 5.263643034069058811e-08 1.124602457875399648e-07
1.395312241271588880e-06 1.157408979860914323e-06 6.726917694399323247e-07 6.016373067480033617e-07 3.172119513270635112e-07 1.521319826424163260e-07 9.690936746132131988e-08 6.738558457537463658e-08 3.923995271412624222e-08 2.298584715376593320e-08
1.088914518531610800e-06 9.450431646898336246e-07 1.309270060856323763e-06 5.071072637452512088e-07 6.695271367507195580e-07 5.674467237442923373e-07 2.263979782639485818e-07 1.078537370807315768e-07 2.536275660956069252e-07 3.163660400547138963e-08
1.707140043772457807e-07 1.485749836713454595e-07 1.268464794277993504e-07 1.023522478502214952e-07 8.087573235946378557e-08 6.369410700141166526e-08 4.614376060487069679e-08 3.329508617281027453e-08 2.258537794749180702e-08 1.621405712232533554e-08
1.194016008127841801e-07 1.222645003765099859e-07 1.036861901328942620e-07 1.057934391442705202e-07 9.233815074193175340e-08 7.412978037331883824e-08 6.569301412033724540e-08 5.283802621765647934e-08 8.683454949658786343e-08 2.304175129801093628e-07
1.885455657115768194e-06 2.249232485414384180e-06 2.024683089365613120e-06 1.265524983124701556e-06 2.827506875968882010e-07 1.325035311552531975e-07 6.612765225089724490e-06 6.104479065416518853e-07 4.513942678016652019e-08 2.397446551156986585e-08
1.153773970253797636e-06 8.478674950559036454e-07 6.780736741235269666e-07 6.080725645474259074e-07 1.746067904324301213e-07 1.182221517102764107e-07 8.363081765955232987e-08 6.503602339396971934e-08 9.126081226376758711e-08 2.328291056228728944e-08
2.648040175492796608e-06 1.605748035777376354e-06 8.860926038331270301e-07 6.456824548947853860e-07 3.041921829190158190e-07 1.947995364699134792e-07 2.808321826440207307e-07 1.594504349414148121e-07 3.199530029175143871e-08 7.299288839566961821e-08
1.199149476293651492e-06 6.671609078951112862e-07 4.514828631848798958e-07 2.426423954741255937e-07 2.152361416968892017e-07 2.296795895708656309e-07 1.157282131628320992e-06 8.811673550284994913e-08 4.658935574580834618e-08 1.953887034856882335e-08
3.640181054548213687e-06 2.579308821735604642e-06 1.723161036794361029e-06 6.550182037138345194e-07 2.236086213654312710e-07 2.867505335852624157e-07 1.038520328625209110e-07 9.812252782384454948e-08 8.053709736774682807e-08 3.703649536730563732e-08
3.226641018972278078e-07 3.317186682167830421e-07 1.851862115724402968e-07 1.487298120530617854e-07 1.224961784796443155e-07 1.167777241412595588e-07 3.816920208795207311e-07 2.081316227071633289e-07 4.298523492989495705e-08 4.002023933708524867e-08
1.286638561937358748e-06 1.027336589816707210e-06 8.314916986442341567e-07 8.310677477579178513e-07 3.765635067805310580e-07 2.065252585125479356e-07 1.617255518885700542e-07 1.013798239455042911e-07 7.113826378230530921e-08 4.277891577519174673e-08
1.421595053587649038e-06 8.580164222496798429e-07 4.774000994434130808e-07 3.768344104588600116e-07 3.987642871149533744e-07 2.276191578898233663e-07 1.673242267306239612e-07 2.326472330184906533e-07 5.662880857115339856e-08 2.462359979783823707e-08
6.457405594102122067e-07 4.402364447011750332e-07 3.899920173908870948e-07 3.391219202062999682e-07 4.565211597545625025e-07 2.342176800063588258e-07 8.122434835054511960e-08 4.811506342707627644e-08 3.355472879962866665e-08 1.671600121568620247e-08
2.506055047548102647e-07 2.648112319253798078e-07 1.218995769972933332e-07 6.803285803101465286e-08 6.753834980685870503e-08 5.356147174471901193e-07 5.464621417499290457e-08 6.709430074792601886e-07 4.903325686847368507e-07 3.905098153237409139e-08
9.349229269778238171e-07 4.475645096834116095e-07 3.260548385739624010e-07 1.013738335675530976e-06 1.664219892755012176e-06 1.917491549976352280e-07 1.434869980349524827e-07 9.768560434910608326e-08 8.060303569672436179e-08 1.466022810884231640e-07
4.204206120413798873e-07 1.983108198788581324e-07 1.412454879268997483e-07 1.040545901719364479e-07 8.459024668875028013e-08 6.945055442038131461e-08 5.273807599247580953e-08 4.223481630159796075e-08 1.756211904844532240e-07 9.033850357669884466e-08
8.093920717356082697e-07 6.444659843372722044e-07 5.014213245302761204e-07 3.834675576946581894e-07 2.808633308442836878e-07 2.666494984077616088e-07 4.778821343903735570e-07 8.492535820344758902e-08 3.169575387260624711e-08 1.248773985973977677e-08
5.698097183176711582e-07 7.967298918388508635e-07 7.276212005369192152e-07 2.876894857450040057e-07 3.922132960640844296e-07 1.574483253330674458e-07 7.918619477029244460e-08 3.228179098434050654e-07 5.850610251953848501e-08 2.757794862169350376e-08
8.963193035119979932e-07 6.514398452691274960e-07 2.554155098880726014e-07 1.295081895263490740e-07 8.496122297346162779e-08 8.525449427205645655e-08 9.091792624209509585e-08 5.599581694417298208e-07 4.022595628934238990e-08 8.615631236439079546e-08
4.676679622929274689e-07 4.458120051095540902e-07 2.833640036276837928e-07 2.082875611575881119e-07 2.098996509186289575e-07 1.406633730792925933e-06 1.165929789414338330e-06 2.718381130106230256e-07 2.878306793979965673e-08 1.920609085831714893e-08
2.247156454003482378e-07 2.233207841817657289e-07 1.688588550760778195e-07 1.221782222104013779e-07 1.079074293812668896e-07 2.355723545943138651e-07 5.692457981620703271e-08 3.716211822662088909e-08 9.766953428222743810e-08 1.483866129373128547e-07
1.621934281725376606e-06 9.700125775360357144e-07 9.414447630443264627e-07 8.254925413023656902e-07 6.387584441249323344e-07 5.148149934967414088e-07 1.398180544839568263e-07 8.012971775721577976e-08 8.801250275420441167e-08 2.325198109953048000e-08
1.271548815775631845e-06 1.060503650069984144e-06 5.988424622811063775e-07 4.544204841230436827e-07 2.316299765304793533e-07 7.634695764509368000e-08 6.064745495792951115e-08 4.620587563229742287e-08 2.282767294583185854e-08 5.185245492780966772e-08
8.303229187612934501e-07 4.413772090159569328e-06 9.604438072750217864e-07 7.847812987689297469e-07 3.664792195416978442e-06 2.580999691315348018e-07 1.098703303200274272e-07 8.576835833316355427e-08 3.882253610526586716e-08 2.109956445297626000e-08
4.381680015805690056e-06 3.223116620867375972e-06 1.943901738275147100e-06 8.229596346735280959e-07 3.174744688430232039e-07 1.611819968686893884e-07 7.685248172038727100e-08 5.376395208340664027e-07 3.865313578057172014e-08 2.276099206989517545e-08
3.137436344931564229e-06 2.742196912915649815e-06 1.388495846886259776e-06 4.355830597027521798e-07 1.526480512894804757e-07 7.541770187932310852e-08 4.575756504422652384e-08 3.784821967649858256e-08 2.769593215285054978e-08 8.368785512571661890e-07
1.352748982469770613e-06 9.916249188249068924e-07 4.639614134501210610e-07 1.260168996865537439e-06 2.628463822059304443e-07 2.146896247813024871e-07 4.817827716756320817e-07 1.196437360463517648e-07 8.482258297179709372e-07 2.742100848627019702e-08
1.551026923327366794e-06 1.694113524603172101e-06 8.480288077279819017e-07 5.428496159215691998e-07 2.262613575525047038e-07 1.370957492163017628e-07 9.761542127281696031e-08 4.647298118714200406e-07 3.824395278045527694e-08 2.580287692215454872e-08
2.090884186734512863e-06 1.303819996524486636e-06 6.418252996509048152e-07 3.854993878864129424e-07 3.765256304240032270e-07 1.253097762053896970e-07 8.745615896298965652e-08 5.160072410988928141e-08 1.033545330763358811e-07 1.319321644776208412e-07
3.901769388037724287e-06 3.420990635404638608e-06 2.754687207743234074e-06 1.069404637638756935e-06 2.515038063865421465e-07 1.159167040666184563e-07 7.999074081228725994e-08 5.652444838666076081e-08 6.059822849906392878e-08 6.046838306830049729e-08
4.656677034751419067e-07 6.245018224365779918e-07 6.099937570106444460e-07 4.776283806664586742e-07 2.010509098291005771e-07 1.070792733025724770e-07 5.141447536822371352e-08 1.450424717053838101e-07 4.507110242640072651e-08 3.046724660558585800e-08
1.769318628491380505e-06 1.253560809142406970e-06 8.219327434141238307e-07 3.313778720010657825e-07 2.214186590378581503e-07 8.291604738950140978e-07 1.823983790698404488e-07 9.189557709129628680e-08 8.181433068056075776e-08 3.344857948136923296e-08
1.410094442907389354e-06 1.501475235880485027e-06 7.004455819108346052e-07 4.192901567142387493e-07 2.770263290800734234e-07 2.487064502208311193e-07 1.283484304577371642e-07 7.616784680730398660e-08 5.074564919856545434e-08 2.316125485907689183e-08
3.065036336396320018e-07 2.625523146106183307e-07 1.762464671936595270e-07 1.841512874508495398e-07 2.020758784033259841e-07 7.268224276720949237e-07 9.379298270607411723e-08 6.130030365971552879e-08 5.312071997020637684e-08 8.578056421355675142e-08
2.145488845604430028e-07 2.024008720155879201e-07 2.149403726280584038e-07 2.224194463069317633e-07 1.528354074366829382e-07 1.024834377055011555e-07 8.008936393737520825e-08 4.846652679693878441e-08 3.442330771488241231e-08 1.900671255396681701e-08
4.566653764543680202e-06 2.091231949940499799e-06 2.325856066312394347e-06 6.297160864209520746e-07 2.953736787682328154e-07 1.945553566271588958e-07 1.178580298425529188e-07 8.642992575000798959e-08 6.732055888983558258e-08 2.597710163413692951e-07
4.717625489885212931e-07 3.995983858501439102e-07 4.256304238464437096e-07 4.315782078510331777e-07 3.357501746464324849e-07 2.128972197774728058e-07 1.230609404733219977e-07 6.220035712766163648e-07 1.051492189123190249e-07 3.995991835877705277e-08
8.500243537284688210e-07 6.548051191870404399e-07 4.723122218732718396e-07 2.704173169963252176e-07 1.308534497802931051e-07 7.745543974425323362e-08 6.163215573589982777e-08 4.584202207682737215e-08 3.910735154704048288e-08 2.621191281233129959e-08
1.799829986445348158e-06 1.349844090859489873e-06 5.757456599792291475e-07 1.368215276893373400e-07 9.626521765385374462e-08 7.906439993499590658e-08 6.521760068158078433e-08 2.913769574894195862e-07 3.533621886481060337e-08 3.055629480532212683e-08
2.120412875563370315e-07 1.707742641950116767e-07 1.783747807299169344e-07 1.011828975114983521e-07 6.237951670097913355e-08 5.512609917556460026e-08 1.046279681318163710e-06 4.851688234050774678e-08 3.325746330451258298e-08 2.263579178510732591e-08
1.566288159603172662e-06 6.506671159857007169e-07 3.940165806655438155e-07 3.602196892080125139e-07 2.392574884688522508e-07 1.065530424245058426e-07 6.630161191315854508e-08 5.253154251657454044e-08 8.108976150589741057e-07 8.706778673050850451e-08
9.062552262839380538e-07 6.795923356601836854e-07 2.828176983839070439e-07 9.676924518732252727e-08 6.785609814741711824e-08 5.503969006031658318e-08 4.835733869752940468e-08 3.744674202123511621e-07 2.855217841106660106e-07 2.638592866958998287e-08
1.989711850781679043e-06 2.896721662341900781e-06 2.265198886570882330e-06 1.852499562175135653e-06 4.031890768397475995e-07 9.599619339458322453e-08 6.345103985797953724e-08 4.553957186432328031e-08 4.351074027510037985e-07 5.546146557120257284e-08
1.003898437387336710e-06 7.526485342035471877e-07 3.086371559654773156e-07 2.259470631611183407e-07 5.273951035252575665e-07 1.069278696047364770e-07 9.269572104762342699e-08 7.741914434015395878e-08 4.185718704403178908e-08 2.392627567278487658e-08
7.132262385964167140e-06 1.194733009041503306e-06 2.676027544278900473e-07 1.702843212826317246e-07 1.086805084992680537e-07 6.921946045190206344e-08 5.313633100083764588e-08 4.485499063748949357e-08 1.837097597483834614e-07 1.065947057016753681e-08
2.721727124344463580e-06 3.173862426196480388e-06 1.377580373836012209e-06 6.539458542229387520e-07 3.865456034252378183e-07 1.742018216105429626e-07 1.366204301056965430e-07 1.567915821866628057e-07 2.345106377523640003e-07 4.665519828977105003e-08
6.524246193184245230e-06 1.082685355697077147e-06 3.586447904351188122e-07 2.619807436858546634e-07 1.461602521363062036e-07 9.295532195784325389e-08 4.555931580899468384e-07 4.194078675709960402e-08 2.882927937965707043e-08 5.883500482919204949e-07
1.688210551081107469e-06 6.720154613301781584e-07 4.390487099123613488e-07 3.123557522504938161e-07 1.641510257252931468e-07 1.172710372865363504e-07 2.787389246150019109e-07 1.910262444424246754e-07 1.440468932574409223e-07 3.382549913159460563e-08
2.322756338143610021e-06 2.943255083750741881e-06 1.381089793473645503e-06 9.726198073903796693e-07 4.909673150869739348e-07 1.863750383091245734e-07 9.296960845819728355e-08 4.977604602615080215e-08 4.254073032453838760e-08 6.548401149420139240e-07
1.347613466762101756e-06 5.505472458710583451e-06 6.457603573503685130e-07 4.084847172005554059e-07 3.031412392092443435e-07 1.163918922869195792e-07 7.723190576798758030e-08 6.589197875992969547e-08 4.893185894834239446e-08 7.856661732981017658e-08
8.777885361262414832e-07 8.428896418347449547e-07 2.879435113701236251e-06 2.954228899720415426e-07 1.431258213224679244e-07 1.537524878824871104e-06 1.652243852623490868e-06 1.030336292321787971e-07 9.131852887919757462e-08 1.662212714135810157e-08
5.989951740097060120e-07 4.012165326980372661e-07 2.895668547566056036e-07 2.140736454398275201e-07 3.163580424486700697e-07 4.021459860118480673e-07 5.741919486899131207e-08 4.520341946685647848e-08 3.056275060319979635e-08 2.973156685857107962e-08
2.078680541320622861e-06 1.476458007556186394e-06 1.765051979841306394e-06 1.219479464025084219e-06 3.163763994279440124e-06 2.045830301713286686e-07 1.566876402906646739e-07 1.184835328630634565e-07 2.810254160886351460e-08 2.136664826263187503e-08
2.207811823510185802e-06 1.239650209693313491e-06 1.545657047226286142e-06 3.866743268630908160e-07 7.116400670126121783e-07 2.048807176272017709e-07 7.620015779529283418e-08 2.734733675704673305e-07 2.373025350547390855e-08 1.106597927813404595e-08
3.388752580219830880e-06 2.037042560277640410e-06 9.100680527668218093e-07 2.499934162921818256e-07 1.380809508812298458e-07 9.673412670018198986e-08 1.989714636058788298e-07 5.563367518195376067e-08 4.495185841704107104e-08 5.298280929878084740e-08
2.830975212725972197e-07 2.411857773913192540e-07 2.052183043517451975e-07 1.443050071414910236e-07 1.031124515078310980e-07 9.270614566549739492e-08 1.731416241799228365e-07 3.843604500885936772e-08 2.972672689728227103e-08 1.935843478400485481e-08
1.142281312763863871e-06 6.896437570561601338e-07 2.845927511201086460e-07 1.521907937947178958e-07 1.232995625936744061e-07 1.150013020518388090e-07 3.340881782279776512e-07 4.784936001894325936e-08 3.315280536021089860e-08 2.259386360488238382e-08
7.749456588031800529e-07 6.143796016458979941e-07 8.747437325276243352e-07 7.571078465403023088e-07 5.008227544844435453e-07 1.298484301443097019e-07 6.259368555260929100e-08 5.534284721613413692e-08 3.732006698445419671e-08 3.050161846769423940e-08
9.245112743968755145e-07 7.872468436226148978e-07 1.969625866696680550e-06 4.581858558301086475e-07 2.811654786169120191e-07 1.757561114087905226e-07 1.326077491082629683e-07 2.040301488283122904e-07 4.012378092920470387e-08 2.996593486066391489e-08
6.926918368933000909e-07 8.906196920279002708e-07 2.901386671735248643e-06 2.713608563972655119e-06 3.135324371464692830e-07 1.960846393700623280e-07 3.422655665489340114e-07 4.870923884120712681e-08 5.619699562549323215e-08 6.322051619684835394e-07
3.503369898749527766e-07 2.532904829730368952e-07 1.020489421922733862e-07 6.245345487690254763e-08 4.564972181899813090e-08 3.236181644222610442e-08 2.757109268898401619e-08 3.477926328494593770e-08 3.080244336178220349e-08 2.909296257198983193e-07
9.238970560168892769e-07 7.082465988332776616e-07 6.321751770505733873e-07 2.438262446150002497e-07 1.108457633833818152e-07 8.243248466752902560e-08 7.592474519987088514e-08 6.040884353407607647e-07 4.388834691808277903e-08 3.223337700667321598e-08
3.573023883910962606e-06 2.816653338199102715e-06 1.849542056165888991e-06 1.351813298907755765e-06 3.703706853457211003e-07 2.408889897805264816e-07 7.161826272240941054e-08 1.351738168662391125e-07 3.276935495424046561e-08 4.290625738034682113e-07
1.043412681870517976e-06 1.277477544484758133e-06 7.552747213722385669e-07 5.803744379408630251e-07 3.787336280261124730e-07 6.782500632749967030e-07 1.476032513845109097e-07 6.757334419563750191e-08 3.929162150444822215e-08 1.543596157259120469e-07
4.700846316735557840e-07 1.985109995074517142e-07 1.585518821151003671e-07 1.429358016569406184e-07 1.362280495405209857e-07 3.974352744363351522e-07 8.364953096999967193e-08 5.527536117704362006e-08 2.813925733818383730e-08 1.882496980388660584e-08
3.915699759258391659e-07 2.316983919015477530e-07 1.491459186514183358e-07 1.115953637228126879e-07 9.432146262332394546e-08 2.906021655776570281e-07 2.038024271299669526e-06 5.463049424241589170e-08 3.130554179213640823e-07 3.329944295219153299e-08
8.520578152742131883e-07 3.997991879801329870e-07 3.999449284391078115e-07 2.012600654627221226e-07 1.203439729847837316e-07 8.974181257389541103e-08 1.312603996946182790e-07 1.915760646938813319e-07 5.773842172536576713e-07 4.746752027695716637e-08
9.085671360729832994e-07 7.880006926480823623e-07 5.421433456909885873e-07 2.347814719208126077e-06 5.214576398818971118e-07 2.636765032690306438e-07 1.299560258254314768e-07 8.184343157307448919e-08 7.602316350778307081e-08 1.403132069771960503e-07
1.205524990248587395e-06 3.729252925178594926e-07 2.449955519514913711e-07 2.068495250424823288e-07 2.383170224644828809e-07 5.508128975510628741e-07 2.247547266827817860e-07 1.092138586747704295e-07 2.890608209108523856e-08 2.527721778099506410e-08
1.161353561891467244e-06 5.020547279774324192e-07 2.926994385192340488e-07 2.017264526535311170e-07 2.210092491701575575e-06 9.696051205401003062e-08 5.342263803994302157e-08 7.546477278493571902e-08 2.122886371792247165e-08 1.183745398092155680e-08
1.375409568910012785e-06 1.660636005099118617e-06 1.638258642463960130e-06 1.202507785476797491e-06 1.110395896639235151e-06 2.375351617599001147e-07 1.338720270632795696e-07 6.689499425678924381e-08 1.390691733578002214e-07 2.967502762153175443e-08
1.415217077766655636e-07 1.422638737969440494e-07 1.319490332471392528e-07 1.038459315935243408e-07 9.400166624264831377e-08 3.603144573305765740e-07 2.292811687786124853e-07 5.811631779865667304e-08 3.048798985894010090e-08 5.927905228376260282e-08
7.186986419001376154e-07 7.407230502823527462e-07 4.058071832717963598e-07 2.593570819814478780e-07 1.985321909919767172e-07 1.133382917371461344e-07 7.023796213818036696e-08 1.122073572247627834e-06 2.517599397855969159e-08 2.983516210030747018e-07
4.503649368282411692e-06 2.866814800820548902e-06 7.241292089110409494e-07 4.459612983388157741e-07 4.813366750132814161e-06 1.052421284479263731e-06 9.590312487898322362e-08 5.129213164203329788e-08 2.255807657083554770e-08 1.012032538952896857e-07
4.004245611527892949e-07 2.546999811193656381e-07 2.432266126653529366e-07 1.458679756552829339e-07 9.670894126262510011e-08 8.040726460087935414e-08 7.527738689953328378e-08 2.705678187636457757e-07 3.020213335294853166e-08 1.935584650264209473e-08
1.001815496654650775e-06 9.256908045208996176e-07 6.084264477932769327e-07 2.505817893562749640e-07 1.288629726755719703e-07 4.443676049454493003e-08 3.060041079515020828e-08 2.463425593132512592e-08 5.081413645897392456e-07 1.686132992236073561e-08
1.692901723632493612e-06 1.738721721614865760e-06 1.335312887998517379e-06 5.983865220853182240e-07 1.299373238175553681e-07 8.296353619768414775e-08 6.232525562364626739e-07 3.247458461385642050e-06 5.723118427216683048e-08 3.536402431084491126e-08
1.348299555878999809e-06 7.598809430346722664e-07 5.595599647892931904e-07 3.973723371907521617e-07 2.904160745251642142e-07 2.446017777648442226e-07 7.923301564340207791e-08 5.163329810434520019e-08 3.220152910335935239e-08 4.659469510412917486e-08
2.404906303670568180e-06 1.913453915306276723e-06 1.524418251751914320e-06 1.006727367677573518e-06 2.764074938513362284e-07 1.423090666093993447e-07 1.396375796728753277e-07 5.303159693091325510e-07 6.143540152766648345e-07 3.227155695511040416e-08
1.063056082938559059e-06 7.812996114355421245e-07 4.863033422800640922e-07 2.986117291717177953e-07 2.474401037395451550e-07 3.477198454285740674e-07 2.399520190425475168e-07 5.653631331663964438e-08 3.224449540353475237e-07 2.770463091941121456e-08
2.782482404342566544e-07 2.036527474965671751e-07 1.654581762434540259e-07 1.443506523642812642e-07 1.220506496819446206e-07 9.368695890747854544e-08 1.037997142914406490e-07 7.730909647182434925e-07 4.885281505780249913e-08 2.114518542673813482e-08
3.774836595585549140e-07 2.639116934961959627e-07 1.451324485946114274e-07 1.149109996151548312e-07 6.179469615299343433e-08 5.891496912826756424e-08 6.088796375832401433e-08 4.890818225747850316e-08 3.683445037100329162e-08 1.895366461637344844e-07
3.260482692952816730e-07 3.010608421530587023e-07 2.793755356566502821e-07 1.984308849587989062e-07 1.586642512790392627e-07 6.837935950485861027e-07 7.077773956140967186e-08 7.729838750468843373e-07 4.813535369682236366e-07 2.599179407878697664e-07
8.140455268790195949e-07 6.663383976799300012e-07 4.399573565765614251e-07 3.525498578208638390e-07 2.671818326617577407e-06 5.985808059457867309e-07 1.635733889843151335e-07 6.487251287844252167e-08 3.078898876206874133e-08 1.745193955560071697e-08
1.259657880726367893e-06 1.309475889777946836e-06 8.280835580218802674e-07 4.277849780076335023e-07 2.746000532954123398e-07 1.625986825115170528e-07 9.084672274267203567e-07 9.697607766338775615e-08 2.919966460569156745e-08 1.228640563546637318e-08
3.365107268285998429e-06 2.213949805643910452e-06 1.467900462103684182e-06 7.337045046961637717e-07 1.047855786407044172e-07 6.250734306691452283e-08 4.908349695103326996e-08 5.361943018822867069e-08 2.489435424459484689e-08 2.729006246371864065e-08
2.144558714634665827e-06 4.880014763839354541e-07 3.836624411982760097e-07 2.043339852897248578e-06 1.968421631760851984e-07 1.054251870402907859e-07 8.145599456977257037e-08 2.056543093464175393e-06 2.169904391414168739e-06 4.709879192067990765e-08
5.052442890915785393e-07 4.506640760930435541e-07 2.943810409261353229e-07 1.748042422670034851e-07 1.200686340503009296e-07 7.971301056540796909e-08 5.179597550847899156e-08 7.144017077865186267e-08 2.295406289531373014e-07 2.898137112668325250e-08
7.156233929467865560e-07 6.467533318127234583e-07 3.972740647676107788e-07 3.074690740225215628e-07 1.599190291350498116e-07 1.020253368409997598e-07 1.100944368478402223e-07 7.023566686363234504e-08 4.492003085725477297e-08 2.861942326917775746e-07
1.269159030265788873e-06 1.032726416762414335e-06 6.475826187462527554e-07 1.870161885320691247e-07 8.811638193431823536e-08 6.190071414057298015e-08 5.764400317993269519e-08 9.779574214455132231e-08 2.229458802352779378e-07 2.718803564512789026e-08
8.457742247152850459e-06 1.249367435686001803e-06 7.528245291134397924e-07 5.696903213505837218e-07 3.292689352514524087e-07 2.243686410536047285e-07 1.003538565470271720e-07 5.267843715793211266e-08 3.476920184870695541e-08 2.373746232134187476e-08
1.501628829486407314e-07 1.454439265806864130e-07 1.312512759707505863e-07 1.189462169746192449e-07 1.414647695303760714e-07 7.327170572268044313e-07 1.010619157769656321e-07 3.475251442068734802e-08 3.019078038978886393e-08 1.169786681530489653e-08
2.484690322185049541e-06 1.538859932775564246e-06 9.226646110328184260e-07 3.763054740660344827e-07 1.238662600704461378e-07 7.765637022400043990e-08 5.329349954905494524e-08 9.613490375818537088e-08 2.350499999728249104e-07 1.726937666752856841e-08
4.503364384387389699e-07 3.873406529657611408e-07 1.802037302542933894e-07 1.286485667318004206e-06 1.303063700162915350e-07 1.032727252852155638e-06 4.772820872383416212e-07 5.751021370083380510e-08 8.918567793122063214e-08 2.539682229617711893e-08
6.875772187057711847e-07 3.469637000246648644e-07 2.963920884360284999e-07 2.073804891902145843e-07 1.263250883938373287e-07 7.692857945416282213e-08 6.095410897537797255e-08 4.372397170972235754e-08 2.840736358342446284e-08 1.865124811699357937e-08
2.004596676591159173e-06 1.860474530901706122e-06 1.778100164087010328e-06 1.189824681034241819e-06 8.086571646951417540e-07 5.537259070521688103e-07 1.508140004703348861e-07 7.762586270047882903e-08 4.914054028347119806e-08 1.396537953251202116e-08
3.395457163493916000e-06 4.150139464478083486e-06 8.804809571786332507e-07 1.546133405593149279e-06 2.696301664396408056e-06 1.271692566247320033e-07 8.694244320960325679e-08 3.155834020927570197e-07 7.281511894167254570e-08 1.274029612848194477e-08
1.227549084364855911e-06 1.176172210535448965e-06 9.746211530666349455e-07 1.148434145083281942e-06 5.898748053049900287e-07 2.882487817529518088e-07 3.282786126216352231e-07 1.705086749581449198e-07 5.556319729282472732e-07 1.198114451509686008e-07
3.196404673755488610e-07 2.731026208516172005e-07 2.355599230289482360e-07 1.404252731816402593e-07 1.025391569814741351e-07 2.137998665322569610e-07 3.838125593179102178e-07 1.248346697106956717e-07 3.843016764966309134e-08 2.878981493349179914e-08
3.162888637113172390e-07 3.545492953826964127e-07 2.558076607469235468e-07 3.372683462419637864e-07 1.249188076431790066e-06 1.508690617250399093e-07 5.138275570370989526e-07 4.087625990753533415e-08 3.123494682966687670e-08 3.531480105470837742e-08
1.480879623682223383e-06 9.363933258968311528e-07 3.589536420439045741e-07 1.057577273936384341e-07 9.200451124206177549e-08 7.827842750561939872e-08 6.584468036718120787e-08 4.544108309488172541e-08 3.467357487752821771e-08 3.235941269701358316e-08
2.412549004176567592e-07 2.352076921551137475e-07 1.584901125413484919e-07 1.476324155268580448e-07 1.646405858871125099e-07 3.095904250245228360e-07 9.554772787663326799e-07 1.307868170818943644e-07 2.569317829943522170e-07 9.056456057460163060e-08
1.376690688267210713e-06 1.465043874023755746e-06 1.361722935055708403e-06 1.030915419404932228e-06 5.839274389871147653e-07 2.309917209769217686e-07 1.514802813370421562e-07 1.015983950097803828e-07 9.327038183106740166e-08 1.829817661039674661e-08
1.841317138286006360e-06 2.231386920987363777e-06 1.276710858026066159e-06 9.200187371926471353e-07 7.670848190755582189e-07 1.871637175753981632e-07 7.031402169690304387e-07 5.416768034362933176e-08 4.557510032279464262e-08 1.708359145072947961e-08
3.232482163519629470e-06 8.613501788036491149e-07 5.247127574842434819e-07 4.022294776615972432e-07 1.718745517389982173e-07 1.360869174878937400e-07 8.474485573920492938e-07 8.359544756958723458e-08 4.664758307531070979e-08 4.047603176315423304e-07
2.393455832029406775e-07 2.101131603331819929e-07 1.635210401417163000e-07 1.262832103047277400e-07 8.552534604667792536e-08 6.334749912729973624e-08 4.729222648554282044e-08 3.583337041747171512e-08 2.787685767302605519e-08 4.340846416071278522e-08
1.468952889615422090e-06 1.034310318890302504e-06 6.272572732142250358e-07 4.660647432594762934e-07 3.687283538698883857e-07 5.518731268114947155e-07 1.494915044511400711e-07 5.047236839427590542e-07 5.674803366320584713e-08 7.453956236066321808e-08
9.667094378506224889e-07 5.710683943900923834e-07 5.233578087404498240e-07 3.254802734823179354e-07 7.027676926619106983e-07 4.538396109905526821e-07 1.250554162268814053e-07 7.479507030428188718e-08 3.220661309736472091e-08 5.016702451705333884e-08
1.096268384613543521e-06 8.547111936809466160e-07 3.687824026771821282e-06 6.365455285415666576e-07 2.632401006708398360e-07 2.012577033881289683e-07 1.332874138367584213e-07 8.450517870705948067e-08 5.081494150682872829e-08 2.912209782869885505e-08
3.933684212043725571e-07 3.007269511667272367e-07 2.028956571635646485e-07 6.636651963427960902e-07 1.030078146344711090e-06 2.320125321378157785e-07 9.326066556064171717e-08 4.657998026701221208e-08 8.511311896253578048e-07 1.861332674773685708e-08
1.162041961381941755e-07 7.698300012628096097e-08 4.918473542578212622e-08 6.696306844948242478e-08 7.435781022850807066e-08 6.954669929735093002e-08 5.757014153368735772e-07 3.636985392613193142e-08 3.365085149527662534e-08 3.911723993571701780e-08
6.566244312956462548e-07 4.738478670504341049e-07 5.209482289892399262e-07 3.714029772519611765e-07 1.066224629028660721e-07 7.796893469343912922e-07 8.378434040553119430e-07 8.803556450123259519e-08 2.043991826503430638e-08 1.403118562354441035e-08
5.624829454016833331e-07 4.871583875299831166e-07 1.411737850301576813e-06 7.781271213870156326e-07 8.541009561431786165e-07 1.803600855580460305e-07 2.381689697079796645e-07 8.329715643350659672e-08 3.898467553009126448e-08 2.166881764170838053e-08
3.148786576728427623e-07 1.824808451881499180e-07 1.263910735866677877e-07 1.020954355333226138e-07 2.293564621267224693e-07 2.208441619388122981e-06 1.327992484594930034e-07 7.610835775918194207e-07 7.062281205194649260e-07 3.126541452339120906e-08
6.345749050733582966e-07 8.535611550969609027e-07 4.459414653197806153e-07 4.663175654915750588e-07 2.587874425549504587e-07 1.526268080464414392e-07 1.114775877491492092e-07 7.430920061496293128e-08 5.047526482118175825e-08 3.145258276279050089e-08
1.925205672387215436e-07 1.634157891071095806e-07 1.182488058859833963e-07 9.239232038698368504e-08 6.822534187665242877e-08 5.858773446886480726e-08 4.528621229052686872e-08 4.561637366032615927e-08 2.521292105583747744e-07 1.654999310547177866e-08
2.236642968635720159e-06 1.343111354804824663e-06 8.492514337181773931e-07 4.830751764001593608e-07 1.690273013254467628e-07 4.719547317432566909e-07 1.658849749589408138e-06 2.064614867506534950e-06 2.886402714575330847e-08 1.706327180791901619e-08
2.076876763957717770e-06 2.014278094102339662e-06 2.049956842779470423e-06 1.019054872655379779e-06 3.123592388717378951e-07 2.141781919149096465e-07 2.550648604171985174e-07 8.285160866724817972e-08 5.134330492488404606e-08 2.424425614611201620e-08
1.602531359344396235e-06 8.796925142125477494e-07 5.228134887206458984e-07 3.884270154494723320e-07 4.234700079626310723e-07 2.519611784560346130e-06 1.456701858797781983e-07 7.992330023838667303e-08 1.517045365820674410e-07 2.156866924582764877e-08
7.701719367518021998e-07 5.407214757557611677e-07 3.913029456054498919e-07 6.859474976110924467e-07 1.349732537487096191e-06 3.652066314305668920e-06 4.843924759180475442e-07 1.856739683444346870e-07 5.496311818646319111e-08 3.070020628169630774e-08
2.786527132130831733e-07 2.414914336939420494e-07 2.382597756950357652e-07 3.413472164903179209e-07 2.752969097494077356e-07 1.625739530015500955e-07 1.130717381168252698e-07 3.893745542320511885e-08 2.874960042181902049e-08 2.089003552461337804e-08
3.424002073536119085e-07 3.468442763537036483e-07 3.881012717522427533e-07 2.650576288955756551e-07 2.029751928414308941e-06 9.355160103677291440e-08 8.503408103523638563e-07 1.224058669160200565e-07 2.678485927212514604e-08 1.433935387393713258e-08
6.859965769247513392e-07 5.377219920449169924e-07 5.297474561182493715e-07 5.018645254898650658e-07 2.814478776690695752e-07 1.402734052962641612e-07 5.594187305129487414e-08 6.601132405422070713e-07 2.094850189216286626e-07 2.284354068823102656e-08
1.065347370293347504e-06 1.729192395254670084e-07 1.385224105172953620e-07 8.889351096617155690e-08 6.239049472686547835e-08 5.023629353895252390e-08 4.523094688923453660e-08 4.617062016595178850e-08 3.429889267111292616e-08 1.434318504775174134e-07
3.020128105986130250e-07 2.264041042880835819e-07 1.243062238273607293e-07 1.135772175205435864e-07 1.095555772404346490e-07 5.362882692763121669e-08 3.854500627112370623e-08 4.964519475482729095e-08 4.434058518351771948e-07 1.462270521101675368e-08
7.783929156760254861e-06 6.964554155151557086e-06 1.050789751724091566e-06 3.438535645293022693e-07 1.149028537183167645e-07 9.775926047981165866e-08 3.031352408920324216e-06 5.321005804042557316e-07 6.605057476931522937e-08 9.371188877898166152e-08
9.831831595364941164e-07 5.847208140298788743e-07 5.320534178318506860e-07 2.685454317205688126e-07 1.350054281532627248e-07 8.924808238377373987e-08 5.797268934716310645e-08 4.269454108350528516e-07 2.864069639496358247e-08 5.567687568330896889e-07
1.214480697616678572e-07 8.715622143655728437e-08 1.228687545691360164e-07 1.208606985365782750e-07 9.821961395606725125e-08 6.950140984587629344e-08 1.000384522378465181e-07 2.306642170258601803e-07 3.174570836226277459e-08 2.505306902798812411e-08
2.115765130481356186e-06 1.861210951962615976e-06 1.248656532197907639e-06 4.510164591314253583e-07 1.611973666658055514e-07 4.278041884646784673e-07 7.469868406661009054e-07 5.086080166697652062e-08 3.064999363389973203e-08 1.843452200479912900e-08
1.992678921963765605e-06 1.242327108828970630e-06 5.475174288811076625e-07 3.859064255546821671e-07 3.354767583422206097e-07 2.215674273454139497e-07 1.121345036524317906e-06 1.165515303935328831e-07 1.636593565789683782e-08 1.820099419214772388e-09
1.427533737788321469e-06 9.652091830374052392e-07 3.623270015559782019e-07 2.152415941681998311e-07 1.593216600259527848e-07 8.307716149326360015e-08 2.460419441103693021e-07 4.878914112835562366e-07 4.316850773268842207e-08 1.616167106435365018e-07
3.139125644476508972e-07 2.324306946015111040e-07 2.354931205969294379e-07 3.045568287938290643e-07 1.398169656557761563e-07 1.146320197040384529e-07 1.040107253144062810e-07 5.840173423813692433e-08 3.659107571555068370e-08 2.407730217174460035e-08
5.298459807226229967e-07 2.474429740864393277e-07 2.209771036466892839e-07 2.072490353347315915e-07 2.972381943649414389e-07 1.145709133691870023e-07 7.343378454689695200e-08 2.883366600533796661e-08 1.882129364582893057e-08 2.350834769238905275e-08
8.318542504551013651e-07 4.573391289544140182e-07 2.791681536764629593e-07 1.049845142871401265e-07 1.318158403360929814e-07 1.179893636689189304e-07 2.137073491987429845e-06 5.390859647528022548e-08 5.833119994929937278e-08 4.774493468703379342e-07
9.565573922100807936e-07 4.607725925002811060e-07 3.460610517952443113e-07 2.845689073256103891e-07 2.085771099375946982e-06 1.955552268434433914e-06 1.077610913951520472e-07 5.166693398355426058e-08 3.420097438207822025e-08 2.272802404150830146e-08
1.696279324789288993e-07 1.091208534457092242e-07 1.120684515394426100e-07 8.755312985183924511e-08 8.745433117711164427e-08 1.048836733644554666e-07 3.987510447528760195e-08 2.504772686316130329e-07 3.103420241924056862e-08 5.940892907536198377e-09
5.322906653392178364e-07 3.600311483779502937e-07 4.015839613046063840e-07 5.035889744380236686e-07 3.853787860943830986e-07 1.927817571900754414e-07 7.198389812339270761e-08 5.760718566559230630e-08 4.424816122077879552e-08 2.724338288332359462e-08
1.287984594019266994e-07 1.414863666631564457e-07 1.354035343205525148e-07 1.104050968875674368e-07 8.384900015559313506e-08 5.619875476327920972e-08 4.277671640726271402e-08 3.194996927685074509e-08 5.791477521276751349e-08 1.856865119106732193e-07
1.345493005929913943e-05 7.323227535662681172e-07 4.059344147151226602e-07 2.161672750742720287e-07 1.909457661459188352e-07 1.227016863017237320e-07 8.430408440964167560e-08 6.096315912814127086e-08 3.363956275545102516e-08 8.684864520175019347e-08
3.355172500013181483e-07 2.750646423875800752e-07 2.114951542017337922e-07 1.541518636594142980e-07 1.485664847738092688e-07 1.580301509583972735e-07 1.260017386305948218e-07 1.057234604640664695e-07 4.396469765693911626e-08 2.804864715337844493e-08
2.215172947614176548e-07 2.108375253062892801e-07 1.450057041018867939e-07 1.231468713882684874e-07 5.661708149334097490e-07 6.467916440744408203e-08 9.011790325830213367e-08 2.075208286598582145e-08 1.126285796267662285e-07 5.540711937978788419e-08
8.212769107270572622e-07 9.368557611616815578e-07 8.754652233984143077e-07 4.671963973990196530e-07 1.395286110007426593e-06 4.478812833758557889e-07 7.025097528265500055e-08 3.518815000696124631e-08 3.525464787528024900e-08 1.739536339496513487e-08
3.408816386232936198e-07 3.672881160246191155e-07 4.745720071714659069e-07 3.254850703505517801e-07 1.339734503333931486e-06 5.823435297185515375e-08 4.048317758491021025e-08 3.434989420032594479e-08 2.066923700356804103e-08 1.479425134687931047e-08
6.715438368598975069e-07 3.184192394194641695e-07 2.252514277342645627e-07 4.047148024287325333e-07 8.421863327962917378e-08 9.802368443156505679e-08 4.204977380918318052e-08 2.516285925707208722e-08 7.247089429631199071e-08 2.259435390291286922e-07
8.669866776942710575e-07 6.714330858363860526e-07 6.782388529611103207e-07 5.191974943597787852e-07 3.066168424831469657e-07 2.356700464949717496e-07 1.361975485078946545e-07 4.565822962199665620e-08 4.555042654489232621e-07 7.103289321155216346e-08
9.479025904042958497e-07 7.262749966320273669e-07 5.209358502799210811e-07 4.665716177519392756e-07 4.098927920065974764e-07 1.298415897598356933e-07 5.781910838304630926e-08 4.615747711866238497e-08 8.996561236897809519e-08 1.807249683958864988e-08
6.513309594372688817e-07 4.179508627099979558e-07 2.093540236254861997e-07 1.724472961321868209e-07 9.961589272792633943e-08 6.937948156768764859e-08 4.467339557301505838e-08 3.107324078856260713e-08 1.933865906164910846e-08 1.242549408875228499e-08
9.483250688193200129e-07 8.826702662349741004e-07 6.387858270099428854e-06 1.716121275299604616e-06 2.064873458907613363e-07 1.982849335008354942e-07 2.110336015792029996e-07 5.846768267907845258e-08 3.202054427359089375e-08 2.208074000080371598e-08
2.757315808419920829e-06 2.084020555816941252e-06 1.442294366945618306e-06 8.055118737083141855e-07 2.857536924505889437e-07 1.503461896028538750e-07 6.356147699982887854e-08 2.106517126073423565e-07 3.536564098335407730e-08 1.309156394528043813e-08
2.314329100205744425e-06 1.758961724344510828e-06 8.790503362177969741e-07 1.796303549006203425e-07 1.193214103111824267e-07 1.363528430318740778e-07 4.146913804058887579e-07 6.176445188535010179e-08 2.522481037945847330e-08 1.578442772876793544e-08
5.945815536072832260e-07 4.093079422132219126e-07 2.538489846811209845e-07 2.141477242521820878e-07 1.311398378645718358e-07 4.716072566971350862e-07 1.540439393004792370e-07 5.332801477428673090e-08 2.918735837907690348e-08 1.870948090403318220e-08
2.976379757175562553e-06 2.010844932361510931e-06 7.458333002759458727e-07 5.007245609752477661e-07 2.116778376179680694e-07 2.477466517316537252e-07 1.600967275564167125e-06 2.483858731538235609e-06 4.439692424565196179e-08 1.351784520687823936e-08
2.657302843321049516e-07 1.905927846586087496e-07 1.272153456032165768e-07 9.549364549527460748e-08 3.145775281074564340e-07 7.913054670531936202e-08 5.310722449503236430e-08 6.112685042744668056e-08 2.537761935722837826e-08 4.849531940696821751e-07
1.908581006474382818e-07 1.085517003449682251e-07 7.499701926808703549e-08 4.720784872876669275e-08 4.229564769437533616e-08 2.650221604329321122e-08 2.061731671837396306e-08 1.738400705339244814e-08 1.407768066654434382e-08 1.959205696363883696e-08
5.445075573566857086e-07 4.653747997190658387e-07 9.252828010138523046e-07 1.408955121946465849e-06 1.532874044124679061e-07 1.079479455185646154e-07 7.078713066528889172e-08 5.138413308808370209e-08 3.315554134742339305e-08 2.291377902180296383e-08
7.042112958368867266e-07 1.052226691323823794e-05 1.465299493100083440e-06 6.684295587013690043e-07 2.016685631376060680e-07 1.147259099980644194e-07 7.774972521008314949e-08 6.594773519815324082e-08 3.818703202225898430e-07 2.343938688171823468e-08
1.838651375279181346e-07 1.533182789169607046e-07 1.292553839359919618e-07 9.524727726875970756e-08 6.809779240669779264e-08 4.971756012001661539e-08 3.406091197605993870e-08 2.261833592169945943e-08 1.592717378533730060e-08 1.146538810914529402e-08
1.700012888742648188e-06 8.935993286713346025e-07 5.358113368609872400e-07 1.086547911376940611e-06 1.342868243863629697e-06 4.219538411757114791e-07 1.740944989264258255e-07 2.781416208266260456e-07 5.500388535580999394e-08 1.347470585248338770e-07
1.610234182471007457e-06 2.005280204688712185e-06 3.993157548449733735e-06 6.066893847548579522e-07 8.806709332448051282e-07 4.515462473716166291e-07 7.689424177740268416e-07 8.644339703275321496e-08 2.894870785178449033e-08 7.799977887700489279e-09
2.339827327563140167e-07 1.575862810860146665e-07 1.568745377550779601e-07 1.189560442712471580e-07 9.806302934187351756e-08 2.537188811759616604e-07 4.360388027208777932e-07 6.151828487466864246e-07 4.578103983714081407e-08 2.399986034072786202e-08
5.068733725430825209e-07 1.186953370095362006e-06 1.481045108852365264e-07 1.304017935332293381e-07 9.458197840075767021e-08 7.650967567253565058e-08 5.561371909115767651e-08 3.899095201525940389e-08 2.576458107487086501e-08 5.619431096904786432e-08
1.344116925490572747e-06 8.600571097725551219e-07 6.839130840857564260e-07 7.298858373402814769e-07 1.277498769896030130e-06 1.272412346852202426e-07 8.292785947687218199e-08 9.261707059182739015e-08 4.148989784215252196e-08 2.626791136078741596e-08
3.591925494722354373e-07 2.785791761556319006e-07 2.009827938602853177e-07 1.567811005715801869e-07 1.094188642503316642e-06 7.041708415673301927e-08 4.232931887612137902e-08 3.321679346089925080e-07 5.302469225938530572e-08 7.780559461699870238e-08
8.895101636783636954e-06 4.366732878111585676e-06 7.918162816254318316e-07 3.651871622335379205e-07 2.080536035159339164e-07 2.312122739277946837e-07 9.129906636809205428e-08 3.670507962683769863e-08 9.588714851404495733e-08 2.559237364639890490e-08
1.254366930001074153e-06 8.912467112144205379e-07 7.916359207302141169e-07 4.565282904277336554e-07 1.440425547733124256e-07 8.592718431132253088e-08 1.188195084879550244e-07 7.568566911023708433e-07 3.035033772556430195e-08 1.699339421114413980e-08
7.281013293049551727e-07 5.604569453315066325e-07 4.547866707914069191e-07 1.838921519943640400e-07 9.346884832341388756e-08 6.402515903279252351e-08 4.867473495630244607e-08 3.480775185781340534e-07 3.939887173180983008e-07 1.795334318809709489e-08
3.126578030081775403e-07 2.362822629394616542e-07 1.749692670092838242e-07 1.333514145263730943e-07 9.669716332768397786e-08 8.567679242115872437e-08 6.220988076757102689e-08 1.017253441270335907e-07 9.773972873203409612e-08 3.319575600988737249e-08
3.568979293274197697e-07 2.594223862122574593e-07 2.547082233203739550e-07 1.821652633796851306e-07 1.513256409808223627e-07 1.029852015363361865e-06 1.240606833945645465e-07 4.686238047119743562e-08 1.109651673440324884e-07 1.943954595352763155e-08
1.718423527138020883e-06 9.790841374848819211e-07 3.374853917332163854e-07 1.616650233229474472e-07 1.645479942819222410e-07 8.625249249187398629e-08 5.666759774732799314e-08 3.774815940037635671e-08 5.656350064234771570e-07 7.741241530807098022e-08
6.573349436522243240e-07 3.980402773572861552e-07 3.268233335642644226e-07 3.990111213836021776e-07 2.992766767778718366e-07 2.620038674184552288e-07 1.645928905802699740e-07 4.443375365257440222e-08 4.152210043371897054e-08 4.600326829733867167e-07
1.904711925077990885e-06 2.080376264663770909e-06 1.985668116121986999e-06 1.162383481398074130e-06 6.407983136987806770e-07 1.521351076871668305e-07 1.590600860871899093e-07 3.494053712190200688e-08 2.163919980890080443e-08 1.424666114271860250e-08
8.838988322785480738e-07 5.944973390593595049e-07 7.840692196055255154e-07 4.827420489201509600e-07 4.986702345239909987e-07 1.575105120854857844e-07 7.460673583103009195e-08 7.067136674969308781e-08 7.762648009043706313e-08 2.270210600760318721e-08
1.220299159159547346e-06 1.834136055483936360e-06 1.124910440578743507e-06 1.705537562231224862e-06 1.598494179828569728e-06 3.837629465870802656e-07 2.534663470856443378e-07 1.144064946198876597e-07 1.572779602949840424e-07 3.542278653559480472e-08
6.553263013033927041e-07 6.485030105027275308e-07 1.644411173528952447e-07 3.997646702784386563e-07 2.635761665112771839e-06 9.206265604262255705e-08 5.213181796257107794e-08 4.148238456830989744e-08 4.356900920193639096e-08 1.459869063604095366e-08
7.678243591801967269e-06 8.996363383398563314e-07 4.348851246379202517e-07 3.837484723761409625e-07 2.579595254070671856e-07 1.959752841467815229e-07 1.197793504170404327e-06 1.497539624436350148e-07 5.424924699952184418e-08 2.755519497277357864e-08
2.724399521817358392e-06 2.934858668678719926e-06 2.154621918733819982e-06 1.693440064243549523e-06 8.387806423760428149e-07 1.716506200865059703e-07 7.083934656604207647e-08 4.357825281973939745e-08 2.770283724775198635e-08 1.547135153114655745e-08
1.098245140217053943e-07 4.632810601328297318e-07 2.390324372281135010e-06 3.295778912841140999e-06 5.038106954573289596e-07 3.442572387559219276e-07 6.043504850769061126e-08 4.036171947308337342e-08 3.007320283050898110e-08 2.574670795858564266e-08
2.225908130666333924e-06 1.338470472391560474e-06 7.997132860339899110e-07 3.593086882807977331e-07 3.524553989656235344e-06 5.839387711332905489e-07 5.241915117504722626e-08 3.626678151532184458e-08 2.796753693262236122e-08 6.890997926719515643e-08
6.281472419895311203e-07 4.990380896522732887e-07 2.933041597953049213e-07 1.355579414759207077e-07 8.616202349259917544e-08 1.189809070834404638e-06 4.988207469048494000e-08 3.792881424496670809e-08 2.722743011108720402e-08 2.898027423900269166e-07
2.531474473796180552e-07 1.690795263231784102e-07 1.336250568223272975e-07 1.066888289675620908e-07 1.017307167825150316e-07 8.160350324954080755e-08 4.762039786262472252e-08 3.227577428608873766e-08 2.800472262213280470e-08 2.683631043683675736e-08
6.084999815278730634e-07 5.088578005872954079e-07 3.034590288368279605e-07 2.086337360493006089e-07 1.543692912057812225e-07 1.350719884094993386e-07 5.926209922101567827e-08 4.608083644288412830e-08 3.214448788628181324e-08 2.276197083627324254e-08
4.981930476998392986e-07 4.683524358582780246e-07 5.196709824756162619e-07 6.032005641279983819e-06 7.079696642481137215e-06 2.611189304185637475e-07 1.724349163899319166e-07 1.942882781325946981e-07 3.929449144742504598e-08 1.299232930599475381e-08
1.215392625687413902e-06 8.239398068698986439e-07 7.121057892070365175e-07 5.665661625080581682e-07 4.097363016308464127e-07 3.293750586150370501e-07 1.484111347923218726e-07 7.097834600683724976e-08 5.284588537850534325e-08 2.572201928714300419e-08
1.618224486645146735e-07 1.719246110446527623e-07 1.905766915703387466e-07 4.070688066312044141e-07 4.015066495512925788e-07 2.864583127076147368e-06 3.041082741268086942e-07 5.752740049802348816e-08 2.964111041495320464e-08 1.033272137229704413e-08
1.337321467022557058e-06 1.367655028442748538e-06 1.083957557103403458e-06 1.263945568971176004e-06 6.858341188126916409e-07 1.669119839138773965e-07 5.720062268487231679e-08 3.702395850582456535e-08 2.677369845392440561e-08 7.687106780322550712e-08
4.354564539168219577e-07 3.575031082447516688e-07 1.892090880396013433e-07 1.171899911865535138e-07 9.189014317787930141e-08 6.860458082615779017e-08 2.298646879691203886e-07 2.439626095158641447e-07 6.386406404613751658e-08 3.666621696077367120e-08
1.642539630687002825e-07 1.451819695387090661e-07 2.795062546105578223e-07 3.061926235534890556e-06 3.653777491179088860e-07 8.051365799858118576e-08 5.882575361553132947e-08 7.826168661088740313e-08 2.268005064295373047e-08 1.684669356104006795e-08
1.349238072426260832e-06 1.069033686482307616e-06 5.496209396484061951e-07 1.517299612036458187e-07 9.568372871695111078e-08 8.577325886109788238e-08 4.855246526779770392e-07 6.890375148248395884e-08 3.525553926569870123e-08 2.071279912466508532e-08
2.273623192986706971e-06 1.164178885341957330e-06 1.033993757834114086e-06 7.933038508343002217e-07 4.994527838536664586e-07 2.224465716153415227e-07 1.037048373278579117e-07 2.616616240870603128e-07 4.557382322746748603e-07 1.979870754920822211e-08
1.190983639881796112e-07 8.990716927147371873e-08 4.377081190671155283e-07 9.077697990087246979e-07 1.331364830294933566e-07 6.183484406534438390e-08 7.203442286293026398e-08 2.127504983871854728e-08 1.522513500015686557e-07 8.145791011635617316e-09
1.300075967293834896e-06 8.701547396203099460e-07 3.443916023067172641e-07 2.477437063545187219e-07 1.876268003149125088e-07 1.973955662432198365e-07 2.125335508314525947e-07 4.969780506893573681e-08 8.149122027815075934e-08 2.776243118995166057e-08
2.093574318126522654e-07 1.396473266586299212e-07 1.104687477187628737e-07 7.624116074434993459e-08 6.842334414694729028e-07 6.005961540379012465e-08 2.606395512528466957e-08 1.897746121805502731e-07 1.585850114626614863e-08 1.175623883496696717e-08
4.446860788765327299e-07 3.515165858102090505e-07 2.965118302710852919e-07 3.350544460142394778e-07 7.600707872609998924e-06 1.274908030581009941e-06 1.225247514940832289e-07 3.218387866203185228e-08 2.212683123076155923e-08 3.261433116460947101e-08
1.094740864422612351e-06 8.547979015440162944e-07 9.342276215583969623e-07 6.715888676921350925e-07 7.232494584330921418e-07 2.956945301592292148e-07 1.387106416016977671e-07 8.538611324349153940e-08 4.174787425692394324e-08 6.272971424363124095e-08
7.511005173215526245e-07 1.634133078132678477e-06 4.455242091024993015e-07 2.993113397892910667e-07 2.035093586989572690e-07 1.964406901299387905e-07 8.961206679162301301e-08 6.028720822635547580e-08 3.675555369549130191e-07 2.538899124252889272e-08
5.058368199383766994e-07 3.713534153446195898e-07 3.038268996323005816e-07 4.156018261877764003e-07 3.927745135205881453e-07 5.316790412028791303e-07 4.636057470491319718e-08 3.237169191603656346e-08 2.448807431046440005e-08 1.842180696501214521e-08
5.087462899762732983e-08 8.082575054037355426e-08 5.488875657603619503e-08 3.927880837087415239e-08 3.833777395316984758e-08 5.064616303015584665e-08 8.934883137786929101e-07 5.839738507726438375e-08 3.458230380680303028e-08 9.092270785599705279e-08
8.218157846937773595e-07 8.962944428620745127e-07 5.490200863499739726e-07 2.728507886368973719e-07 3.141922204009031714e-07 1.065662863945457842e-07 1.514311993120087503e-07 3.259255490849746578e-08 1.809150351927858869e-08 1.481670321940762349e-08
5.457749056568075069e-07 4.209389362206381739e-07 5.435272996867421196e-07 2.952899810640243913e-07 1.917339277851333293e-07 1.124379429458866607e-07 6.648862751665135025e-08 1.332272331702743786e-07 3.324504678858349730e-08 1.914749184670928836e-08
5.246489488074644633e-07 3.325627007145500147e-07 1.518349916143985013e-07 1.206320261849918959e-07 8.547357238783241567e-08 3.453138120639792281e-07 6.956878120573329688e-08 2.685736388984086756e-08 1.724162063038667631e-08 9.332743190125604022e-08
3.286095214384138627e-07 2.213769286141899572e-07 1.974321398825888942e-07 1.459504226967833071e-07 1.011291708831771002e-07 4.051665875084432544e-07 1.850813056717099214e-07 4.459624682281909112e-08 2.570559933359022147e-08 2.028034620820412766e-08
2.589090743782784546e-06 2.234078139358481632e-06 1.041865450549110241e-06 6.489014567799587719e-07 4.760398243165968975e-07 3.596458510251171262e-07 1.293150511384279111e-07 6.652781581821950935e-08 3.681328775002437046e-08 1.994524894363761132e-08
5.190562232998355293e-07 3.660995004695570177e-07 5.293000447007474651e-06 7.597705992163204446e-07 1.770090854928142881e-07 5.962460325204760583e-08 4.291594984404967627e-08 3.324556077760080697e-08 2.964183495850274618e-08 1.766938269931762777e-08
6.061981009890179089e-07 4.087133389476890987e-07 2.483449256017732179e-07 2.691606445897309297e-07 1.137463899318981945e-06 1.413622209514639267e-07 1.209246675116856574e-07 2.040409498527629075e-07 3.140740822630835003e-07 2.489763561782387209e-07
1.215778614930419529e-06 7.793280833675224197e-07 5.253894639970676607e-07 2.464241938002413340e-07 4.874678163274578838e-07 5.402881330601948422e-06 3.018849650528963193e-07 5.131903907516858267e-08 1.766294669675114024e-07 8.301958862575423146e-08
6.709505169403164492e-07 7.060210579999386346e-07 4.111842001739883449e-07 2.667874270800959177e-07 1.925942883767336757e-07 1.372280858119080331e-07 1.820995935261463227e-07 4.314955426725953735e-08 4.680478425338483575e-08 8.411090843559651509e-08
3.050229259480574706e-06 2.196150512716918826e-06 1.117924675589076010e-06 2.459740184574877033e-06 4.710698435318297084e-07 1.204026352577143227e-07 7.235187499518003328e-08 4.590013192656977061e-08 2.413325742772269132e-08 7.567125355731367325e-07
8.870689649564945011e-07 6.060912624843342547e-07 5.331672643954433438e-07 3.817478162797613827e-07 7.101713787970515795e-07 2.969978048106691882e-07 6.409952432401058205e-08 5.178880342492822754e-07 4.902046161805049689e-08 2.304567763173545901e-08
4.361955437769146510e-06 2.762407863196749503e-06 1.017867753900159115e-06 1.350728004901208948e-06 4.449128597734654621e-07 2.044213682536590635e-07 1.196641296450132833e-07 6.924603445839850906e-08 3.814976758620710692e-08 3.210750620290259345e-08
6.267015541392687263e-07 3.397909958184548068e-07 3.202456112758228718e-07 2.368718333406420635e-07 1.244824809885287311e-06 2.540440220879426088e-07 6.363629007998765849e-08 4.789708095581738309e-08 2.012493726549227287e-08 1.149374025347551082e-07
1.040697336478953317e-07 1.100028587187049777e-07 1.066885992860980284e-07 8.509736005913484409e-08 6.527404641956775242e-08 5.258405326245206344e-08 3.657449883422759620e-08 2.237287929032397286e-08 1.457018986389574018e-08 1.071202036065215823e-08
2.778742270593014319e-07 7.327204159325584289e-07 9.341916974331262123e-07 7.282408311117393539e-08 4.951773567079682909e-08 3.698799034984566081e-08 3.272930020521859102e-08 4.600266055449389547e-08 7.622041106269788060e-08 2.137198320694123748e-07
3.347519832363705228e-07 1.896943350119573808e-07 1.289223930837776374e-07 1.112000617600002452e-07 6.225583016685700025e-07 6.313323471579273008e-07 2.105197644434521239e-06 4.828917691075485174e-08 2.770246166110326315e-08 2.594079514333168071e-08
6.004630154703223460e-07 4.938374031769793647e-07 3.645238389010996792e-07 3.180840680721873637e-07 6.794874852834598280e-07 3.607654582569865966e-06 1.001137667653627569e-06 1.561026233945570133e-07 2.000772946009182533e-08 1.341085968211641146e-08
2.922683958271375302e-07 2.418887933120469574e-07 1.339434919197311693e-07 1.190035152112887943e-07 1.161283209120071924e-07 8.245781436520048846e-08 6.592662432642244139e-08 4.543158932098519748e-08 3.077194056483875258e-08 1.846673544725340144e-08
2.950141383054111442e-07 2.283165403235573921e-07 1.646306735550391359e-07 1.149558458028159024e-07 8.532250319346728774e-08 5.766953906916771938e-08 3.900051485357252821e-08 7.425424179709991672e-08 2.975231231946169696e-07 1.658960302309128033e-08
2.591536023663100699e-07 2.738576608728473090e-07 2.667545898039741334e-07 2.144475050590128582e-07 1.826588937148082755e-06 8.099275057303369294e-08 4.231502649421676566e-08 3.030880659210559818e-08 2.645054803624536824e-08 1.520022759205379884e-08
2.349087641430449060e-07 1.757887149317864897e-07 1.009888034729083729e-07 7.407717678977674805e-08 5.961185966828708775e-08 5.424925809508079939e-08 1.187779733708599755e-06 3.912520143014370159e-07 1.609047024424186903e-08 1.153998060099950537e-08
2.301951994214830713e-06 1.539183438420140915e-06 9.184493555719261337e-07 4.471687275178115044e-07 3.040738124092237521e-07 1.150095576452560440e-07 7.002405055632135490e-08 1.663547489933017420e-07 2.731874373071152274e-08 1.562899363886676701e-08
6.884471869901067113e-06 5.605763296782190481e-07 3.444823563094197541e-07 3.945287853985194324e-07 2.168195966875780905e-07 4.250524918372989979e-07 9.475093634850293671e-08 4.218012360767827181e-08 5.981232311270923498e-08 7.658232014569513282e-08
9.581852030679057798e-07 5.589594502359715608e-07 5.000328493095571073e-07 3.674981572878315496e-07 6.667829596312140669e-07 7.719928239145989550e-07 2.799464111724821855e-07 4.150145788221002598e-08 2.685879870993680111e-08 2.834704634676780801e-08
1.897658514277754567e-07 1.908086256408994206e-07 3.936991876517900005e-07 1.207626666795765905e-06 2.504053076794560547e-07 1.327314226021124918e-07 7.793675777774118900e-08 5.237992197737065270e-08 3.511755662330066354e-08 2.347480602626074888e-08
1.293699409966812588e-06 1.013057260167437086e-06 9.284940650326891720e-07 4.022632003100940680e-07 2.394628685995970764e-07 1.526087810460356715e-07 1.162284755036756511e-07 7.142662989734277270e-08 5.305525076483345667e-08 3.121956053397008909e-08
1.274424989106326926e-06 5.066950598087087571e-07 3.090096989669325275e-07 2.398650173326335954e-06 4.161153154449138447e-07 1.299903533499111350e-07 5.437364149791562819e-08 4.400186233882867189e-08 4.170226156362375431e-07 2.186391357961069805e-08
2.836268508608676565e-06 3.282589918245924351e-06 1.905837715558778259e-06 1.119630907729151407e-06 2.193052615099163864e-07 6.375471132625709468e-08 4.157477834357091210e-08 2.766433351537591201e-08 1.803886767085933306e-08 1.135929586747155522e-08
1.385522272579397553e-07 1.050597614961565723e-07 8.026749197986160444e-08 6.367109096127653959e-08 4.938294264412060069e-08 3.759426374939993295e-08 2.676732871072321340e-08 1.847359239915311226e-08 1.300631232482407276e-07 2.268992433613243769e-08
5.303067288697174999e-08 4.593618886761616773e-08 4.688239930575865185e-08 1.873984764682206238e-07 6.762324398668848792e-08 3.665887019401929149e-08 1.004892301366053364e-06 7.851409791367519929e-07 7.637819970948104811e-08 1.359459507476040534e-08
1.432448726502831345e-06 8.864540722004558008e-07 8.334881854430327097e-07 6.161252414045665405e-07 1.604695222407913963e-07 8.861580556347908437e-08 5.672630396940989363e-08 3.641361721266696224e-08 3.825055193836665906e-08 1.814289340478602881e-08
1.518812422783951787e-06 1.451006697471675594e-06 7.598752128946316408e-07 1.161963011541788134e-06 2.644657649899831754e-07 1.181801435100097535e-07 2.338020854946964460e-07 3.985466244024496669e-07 2.820574514886708871e-08 3.824030481244413311e-08
5.155587529016667492e-07 2.970717500798777426e-07 2.417115373401968887e-07 1.116182744627835069e-07 1.040786721011020939e-07 5.201647881617521360e-08 3.562700487759412093e-08 2.837246877383070014e-08 2.336714075992927202e-08 2.528653966877042188e-08
7.974159340194334476e-08 6.747756801716496226e-08 5.711150888497542166e-08 4.791744997444811564e-08 3.634897151095245956e-08 2.896604653878880117e-08 8.158390493651795904e-07 1.486952694271737688e-07 1.271151084981330933e-07 9.931301729158470570e-09
8.798574976572407280e-07 6.311357193182622082e-07 5.282967856812292886e-07 2.846703092057454973e-07 1.205514727868766642e-06 1.556415201838074904e-07 6.210972818401523462e-07 6.484645256782211083e-08 3.455766338450192358e-08 1.879068300587882308e-08
3.297575722876331616e-07 5.077431665440785003e-07 7.642204653167093672e-07 1.457274048211696713e-06 4.059359955700432717e-08 3.671419785881099365e-08 2.533841832431775440e-08 1.574513073725280682e-08 9.494731813423911018e-09 6.896868314761121435e-09
7.123599834564350844e-07 2.290542312825813175e-06 3.805271782249962638e-07 1.168375943672512778e-07 5.933058069691341926e-08 5.222155536686605295e-08 3.952617216711760990e-08 3.361582713157676775e-07 4.116263636101876221e-08 5.884089062339466501e-08
1.356475663033670061e-07 1.357394989073343100e-07 8.782815965069566499e-08 6.271875417904930681e-08 4.059132418995253828e-08 3.246479663980682741e-08 2.422696214837635976e-08 1.614350015425912731e-08 3.422453755174047840e-08 1.344406330765882540e-08
8.978443393332891625e-07 3.217669074381146683e-07 3.505918714216002491e-07 1.782657325657441285e-07 9.558185927010056249e-08 9.795384819409586216e-08 6.419993830375786598e-07 7.824678729754095003e-08 2.618212666497657876e-08 1.406952766428425152e-08
1.896506379273128448e-06 1.775686286485277472e-06 1.032521919686149902e-06 7.733313992759351137e-07 3.291256294608558658e-07 8.883035590633751372e-07 8.715638532002845976e-08 4.179244558824016948e-08 2.608416826108203847e-08 1.818766009371183550e-08
9.433393125681940629e-07 5.243409434291130072e-07 2.504816652541425032e-07 1.668843747822692125e-07 1.267908322479585320e-07 1.269074184947239067e-07 1.628134910740930985e-06 5.542670555713220788e-08 2.790725467469380856e-08 1.707174552222986573e-08
1.083495646058871506e-06 9.713380725524634313e-07 9.826925590803945824e-07 6.476995697545338603e-07 5.910002541019842555e-07 3.121203189864617772e-07 7.256257911051430186e-08 2.915826499278242948e-08 1.988751715321332197e-08 1.594488609139844322e-08
1.962345199471445245e-07 1.626484889216713581e-07 1.512658434314686164e-07 9.733008694881647174e-07 3.892737953166962947e-07 7.268824999265073426e-08 4.599179299688073105e-08 3.197494783546392618e-08 9.463686766666536132e-07 5.418380468295290569e-08
1.287130380004871777e-07 1.035642081342707234e-07 8.188909869451764836e-08 6.531871372326053108e-08 5.457351409024815118e-08 3.879024423354832841e-08 2.641277330549382116e-08 2.152971028672374805e-08 1.398977876944799855e-08 5.759072418298026334e-09
4.687453758827505433e-07 4.965155807935527782e-07 3.499357133798973296e-07 1.907581355618824620e-07 1.327885787422618703e-07 5.416543476722613328e-08 3.697237897155889697e-08 2.491063355096693973e-08 1.655853481342511836e-08 1.057081868316949597e-08
9.035782955993416978e-08 8.973335671590060814e-08 1.075246669961904045e-07 1.535420407518713092e-07 6.687901458801649505e-07 5.661743399721164303e-08 4.036797323191939036e-08 2.579642361682241600e-08 1.730097268852804726e-08 1.365331477839661757e-08
1.647742394583640282e-07 1.372154238161095220e-07 1.593120223984050879e-07 1.779789133004319030e-07 2.154986466496241923e-07 6.842429974141903865e-07 5.528634109793246280e-08 3.039716416602556825e-08 2.262565164358202395e-08 1.480036956657038282e-08
1.387615781364704146e-07 1.285677830342810617e-07 9.866287250664627264e-08 6.314906815237670125e-08 4.335813018975252461e-08 2.996684508242576192e-08 2.125267416883592128e-08 1.511194379310462759e-08 3.387497735136326890e-08 1.202273721135601270e-07
5.525698045161965501e-07 4.489286963773375791e-07 3.897065259027088010e-07 6.900264893043406465e-07 2.335771791569445794e-07 1.461797000235018288e-07 7.855526107440718388e-08 4.886395842583842240e-08 3.222688477133235287e-08 1.032891606416547387e-07
1.560184520869886025e-07 1.726842052685693872e-07 1.314749989443350071e-07 8.815887515954855400e-08 3.872593624467191710e-08 2.163124679086443486e-08 1.804626794814785011e-08 1.266480976245279813e-08 2.984721195799368129e-08 7.132190223276464583e-09
2.159158065710283966e-06 2.033861275307684660e-06 1.822800095705832519e-06 9.219011926420933250e-07 5.115353734673839765e-07 2.091926086537755710e-07 5.296526220985338770e-08 3.110929515347086453e-08 1.979569048672480631e-08 1.334014743207273183e-08
1.265686672312407189e-07 1.256703994267329004e-07 1.178550790124211832e-07 9.824929014673007648e-08 9.648445162786151821e-08 2.837664059291361566e-07 4.839934656695266227e-08 2.807321716111429804e-08 1.745668254772597392e-08 1.699536723311781255e-08
3.241572475216625831e-07 2.131868302308638132e-07 1.271811979930760179e-07 8.062794029526454807e-08 6.075668455802221982e-08 4.305186733563784554e-08 3.140744862646358434e-08 2.452581994627973077e-08 1.724312774095272973e-08 1.369604934593966058e-08
1.618814082192821028e-07 1.088106030705573382e-07 7.845791372302654514e-08 5.936580690544617370e-08 3.966945841881458362e-08 3.195726935884513350e-08 2.878611333708502334e-08 2.281526265099981122e-08 1.571698904455650806e-08 9.917753226863862951e-08
