2.692498488111190938e-06 2.054711590815919208e-06 1.522636619748919426e-06 1.076877400618478454e-06 8.242747995876907814e-07 5.562288076877384079e-07 4.432224919843818321e-07 2.815000474164834908e-07 1.904271013133479118e-07 1.668376099119285478e-07 2.730910817405151886e-07
1.763609719135592545e-06 1.600403964854260829e-06 1.456820780747544866e-06 1.311268706870262858e-06 1.139537176653731795e-06 6.836673136393690829e-07 5.072934340537238069e-07 3.767235870667246396e-07 2.508090819253257465e-07 1.393516300245350477e-07 4.175127659852188112e-08
1.386293347981592892e-06 1.239846999599866928e-06 1.110623900494013425e-06 9.855787996001338539e-07 9.130166027630708737e-07 6.470818516874308030e-07 4.533330408003967556e-07 3.128152319883070080e-07 2.322312171559605798e-07 1.011640314397142434e-07 8.909022076389268276e-08
2.158608960422484222e-06 1.794134092286688154e-06 1.452970437440233215e-06 1.110287481884445961e-06 8.002290679521020540e-07 6.557305912629142979e-07 4.821199535350341515e-07 2.747805142543170776e-07 1.585445524378664665e-07 9.310607153340542568e-08 1.588386810698878328e-07
1.714165504217293649e-06 1.479538259018743949e-06 1.175523649398280751e-06 9.298243314304537114e-07 7.356505559036672654e-07 5.578285286095166703e-07 3.845138280472398309e-07 2.780700034383993839e-07 2.180394606370234485e-07 2.607654537858085008e-07 1.003306982609121575e-07
1.719305457668988520e-06 1.589925808266428321e-06 1.398486971584181361e-06 1.137604663404153721e-06 8.753951287825438018e-07 6.645604142709150536e-07 4.640708911077668391e-07 3.384275057799280283e-07 2.611332212501203531e-07 1.909746878337402249e-07 1.389595063549517005e-07
1.933237560173366741e-06 1.631710959484421136e-06 1.272079552784334519e-06 1.042601238270415503e-06 8.484620685013678536e-07 6.137421327499476123e-07 4.718819302456016242e-07 2.853860001018801024e-07 2.535704857472209398e-07 1.569862160994358874e-07 2.168369147880557145e-07
1.467627139883042030e-06 1.327396298657232457e-06 1.219109998965836473e-06 9.681339775842695641e-07 7.542491667064724483e-07 5.529589806760233500e-07 4.060427992200563444e-07 2.944968194539376604e-07 1.967121253201163278e-07 1.172009838790999037e-07 6.783981827957229564e-08
1.649549534185054836e-06 1.361176245408272528e-06 1.133095927892939324e-06 9.798729793896686719e-07 7.028978757860936865e-07 4.608291281056552812e-07 3.320498944636453458e-07 2.443826589403696539e-07 1.967900347105656905e-07 9.549700493208167198e-08 1.041802605471693085e-07
1.486265514712238149e-06 1.204369840343341979e-06 9.956216461451507483e-07 8.034393865103225767e-07 6.452966846537766924e-07 4.859499293597315453e-07 4.855613834017801812e-07 3.377843650067510143e-07 2.058698193089855043e-07 8.263230891169905618e-08 5.184112909275958280e-08
1.313147404723855916e-06 1.116877376948614793e-06 1.028862062498894602e-06 8.649802397354434244e-07 7.325909411264834559e-07 5.131477482709380955e-07 3.449321397173132751e-07 2.426869940235276232e-07 3.261637778116193930e-07 1.131908770064804917e-07 5.802116337066848288e-08
