6.667075308877886845e-07 5.904877298751610680e-07 5.026728121959570724e-07 4.475046523427549965e-07 4.417854914601544497e-07 4.325581298620937681e-07 3.911115323295165273e-07 7.437544709331951387e-07 3.143858703087879770e-07 2.610374845054942203e-07 2.153683699016711666e-07 1.657114541709981642e-07 1.352458800746412120e-07 1.085978797397900415e-07 2.158049447545478826e-07 7.890904644595349312e-08 1.310008373273973061e-07 9.360378624558076554e-08 5.192322366446227739e-08 1.416678769716444063e-07 1.567751336142748631e-07 1.544980237677676989e-07 5.313370133019028937e-08 2.644631640656822863e-07 6.272967122757556222e-08
4.636882720527428061e-07 4.665390544078821548e-07 5.975362125231796004e-07 5.255367742682024778e-07 5.709207039726313521e-07 4.144741551958763320e-07 3.750252716416593687e-07 3.257811262741452354e-07 2.972177733056934813e-07 2.179149558140654969e-07 1.946762272178474692e-07 1.604907992158679246e-07 2.049689155298112436e-07 1.208035427146355638e-07 7.898719219123806905e-08 9.810298604738481365e-08 1.232265408494129191e-07 1.762494841170615292e-07 1.457133865504489134e-07 1.000454611257850659e-07 1.756361259007379351e-07 1.910784451210383199e-07 1.144082371144102231e-07 1.255337212076151717e-07 1.041580778524486245e-07
6.223298863046922018e-07 7.012533835446773890e-07 5.092729365679629242e-07 4.595493634342748254e-07 4.680141677812847624e-07 5.004438764538887768e-07 5.019224201779940487e-07 6.230769224637777989e-07 3.336169069668543259e-07 3.085075178866119848e-07 2.523836239135356754e-07 3.953077499716565321e-07 3.220948652420579950e-07 1.127451024647136490e-07 9.868725765530183310e-08 4.960676968399498736e-07 1.128504338148879845e-07 6.063096142401205364e-08 1.732401912054356250e-07 2.430578515041743792e-08 1.316221545959285561e-08 7.022373279035148894e-08 3.255213804692153792e-07 5.452944508930786279e-08 1.265773641146105782e-07
1.764181056539421793e-06 2.204265399632430549e-06 1.884290206580705407e-06 1.836605654195664072e-06 1.706459688425775486e-06 7.865953342840871520e-07 4.843554406775518252e-07 3.798945800327110226e-07 3.896310524709707335e-07 2.722347253483390542e-07 2.758113836771249344e-07 2.175945056648767533e-07 1.772699170359534402e-07 1.301088558095795796e-07 9.895547559939255934e-08 9.055574489168912460e-08 7.442189844307428261e-08 1.068947440408013287e-07 2.758530284644818234e-08 3.157362169564744398e-08 8.552760972906274559e-08 4.460342559487711408e-08 1.302123044256300517e-07 2.069864292472535950e-07 1.122973909787878385e-07
6.166017437157619240e-07 5.033476440604729056e-07 4.609695482134027307e-07 4.462157826269467687e-07 3.924019813980440549e-07 3.149417422466466827e-07 2.622794717132922982e-07 4.148008258641944272e-07 2.503657324270342153e-07 1.845474537790181540e-07 1.538093525265484801e-07 1.270772489475226530e-07 1.061964569865959520e-07 8.622919121227177908e-08 7.235822465275364269e-08 6.880863037574489945e-08 6.016850984430352252e-08 5.635228311441692746e-08 5.853700893941349639e-08 1.999929217676073171e-07 1.685283390744648874e-07 1.278687920415867550e-07 8.899558940773142205e-08 4.738552860976898671e-08 7.478323790390315107e-08
4.716268162878042587e-07 4.240341655005907942e-07 3.954959613033515894e-07 3.695433766128654246e-07 3.792365586999191080e-07 4.022768378423882823e-07 4.259677153557995428e-07 3.123337987748552097e-07 2.311057634120784241e-07 1.853324006220472884e-07 1.622523977878811691e-07 1.408767097363735468e-07 1.118852899906473985e-07 1.203075626019009708e-07 1.014208452843017505e-07 6.534068572479873247e-08 8.806275038960563419e-08 3.541130841333711373e-08 1.608474555283078896e-07 1.421682090263030961e-07 6.308456897634261828e-08 1.052730985953817389e-07 1.006994177243435050e-07 6.376970691845051716e-08 4.238584940148852952e-08
2.269172226278057264e-06 1.047271112315380797e-06 5.196882028428389226e-07 4.184202610843984731e-07 3.392296357707717126e-07 2.525584799004909646e-07 2.239958479935286888e-07 2.061971180457123379e-07 1.926610163657869818e-07 1.761794203584461259e-07 1.464665609329489840e-07 1.347957352760296705e-07 1.370766774378797405e-07 1.151280133643202835e-07 1.142306091829175029e-07 1.016137896942610937e-07 7.462338640047076172e-08 1.026418256505259099e-07 1.157130615894979876e-07 1.145949477108865038e-07 1.203707914898832215e-07 3.539632082733152756e-08 6.582011124105609606e-08 3.971051733114014459e-08 1.257561716423503897e-07
1.292392005956299788e-06 9.163459959097608195e-07 9.066337928455110447e-07 6.516432301789457102e-07 5.438791117956295103e-07 4.606766212446553997e-07 3.935722217868952025e-07 3.727620037345561542e-07 4.941709353895308524e-07 4.125361442543359909e-07 2.097806684292547555e-07 1.923910370679914610e-07 1.391914447032338989e-07 1.538929193935408356e-07 1.453467805041397765e-07 8.113060607567483720e-08 7.602197807052840052e-08 3.862466812410582829e-08 2.052025517664753961e-08 1.517094860621905766e-07 9.707119477576477144e-08 1.736195382925720693e-07 4.419282610495025432e-07 2.358483526309017325e-07 1.092292074040598370e-07
7.067977357307581856e-07 7.250040184884760762e-07 5.719966909477609907e-07 4.535488937622289509e-07 4.268561318273163425e-07 4.024220736908420061e-07 3.731788025547661933e-07 3.357569563245225215e-07 2.946144222346396299e-07 2.557943900005147637e-07 2.124224803839955462e-07 1.818652827484987012e-07 1.794787936513502630e-07 1.735049141286953768e-07 7.379149006361965817e-08 7.137077122795270020e-08 1.222616392974404111e-07 2.580119372162331293e-08 1.465050141180750149e-07 2.262406682231052564e-07 5.606844552834866835e-08 1.275443825597213599e-07 2.427428859265570044e-07 1.460599385289221658e-07 1.647922542006579022e-07
5.183442536348629371e-07 4.997288575984964588e-07 4.669352610921244009e-07 4.286669837762917210e-07 4.117885393346891915e-07 3.730305689384026509e-07 3.448117918500239401e-07 5.751834314048935522e-07 3.410464617762580242e-07 2.811111134782429759e-07 4.972585360866657943e-07 2.102062968136710837e-07 1.297243745729587455e-07 1.341330825256875271e-07 1.384646475016077028e-07 5.461257805395982880e-07 3.664759998211000560e-08 1.948982228468299378e-07 2.928329313033838556e-07 8.401570029493529699e-08 2.407902979099799290e-07 1.030413046183652795e-07 5.967205816390189954e-08 1.832349816738216941e-07 9.634035972110651085e-08
2.656725465651488040e-06 1.738266758923076024e-06 1.163415891771073463e-06 1.281967434332853660e-06 6.229505867011452975e-07 5.846579243155601481e-07 6.380015805650370274e-07 5.813176014880727188e-07 7.181670895384695448e-07 8.023287279840865307e-07 4.198499685431404822e-07 1.766081575879532323e-07 6.738232650442778199e-07 1.224456340326766576e-07 6.349788941359353384e-08 1.717521603783149704e-07 8.906617222828649677e-08 2.992899249495516651e-08 1.517520496168801594e-08 2.151892122244572825e-07 6.517357046159637540e-08 9.699571997080282118e-08 1.012805658152227597e-07 4.421759933708525205e-08 1.386434485622083679e-07
3.921350133664818059e-06 2.676997986669478803e-06 1.860499727680471097e-06 1.088528349492286510e-06 6.471791444359675079e-07 6.183690067543066542e-07 6.746121705422556306e-07 4.364131001235576990e-07 3.188317437618888512e-07 3.369740424325379342e-07 2.573816651186832362e-07 1.819490795757874068e-07 2.179381150640964615e-07 2.730110429928486125e-07 2.480850317502926469e-07 1.432610923675516215e-07 4.496358455410968200e-08 4.054731491371179367e-07 3.411317187185265842e-07 1.928237269543605900e-08 2.119414493323454133e-08 5.283715835048505070e-08 2.031509002245999759e-08 9.903955549910730109e-08 1.675993892052491053e-07
2.083209529782373803e-06 7.800412588250830408e-07 1.026550688524432507e-06 5.265260483427775062e-07 4.428032102517091467e-07 4.115195468381525108e-07 3.717717759290235460e-07 5.428495236575169326e-07 4.268387867549224745e-07 3.066087795547590227e-07 2.347558271110110750e-07 1.835118165183580943e-07 1.427555093211470663e-07 1.107927054194847624e-07 2.570716679320917547e-07 9.295343586093324923e-08 4.156874420958621040e-08 1.180684683441664263e-07 1.309185806239781970e-07 8.373839551689798683e-08 2.128530147624301564e-08 2.046325583569443838e-07 9.059896275920393945e-08 5.769797903518688831e-08 4.666733464944462950e-08
5.836673927405242721e-07 5.629980037696181668e-07 5.018255429536024135e-07 4.404279635150362160e-07 4.043310192622377596e-07 4.012163570212667826e-07 3.353554623726589306e-07 3.077146146030471737e-07 2.659274995336117844e-07 2.628594187129206514e-07 2.370152985776070175e-07 2.792858058674069328e-07 1.679116056539482117e-07 2.505744750353359714e-07 1.184287727192787808e-07 7.376759376736889819e-08 4.812762608849684341e-08 3.228130776864318955e-08 2.629508373666234221e-08 2.955398154527371602e-08 1.902430328742910914e-08 3.805442380594527521e-08 5.811090918003270790e-08 1.941017604885382725e-07 4.239962293055547120e-07
1.769858876156317912e-06 1.157899532759718841e-06 7.395095663899291256e-07 5.941015133722534461e-07 5.057013358192289392e-07 4.511156697522024651e-07 3.624498911110764544e-07 3.182848170029604518e-07 2.829216554293221596e-07 2.430205178899709376e-07 2.039072417165193858e-07 1.659256898870397524e-07 1.361444398561695830e-07 1.122023373111289585e-07 1.395739567270550735e-07 1.064568125168032872e-07 9.273427687675412608e-08 2.878324634989242549e-08 1.663605367675138722e-08 8.984215843993760241e-09 1.147792791815165446e-07 1.300043688981072759e-07 6.018206864052787413e-08 2.223599777998588070e-07 1.880018291215009537e-08
1.912914615081911163e-06 1.514273920156397538e-06 1.517630201945797048e-06 1.977074551857000195e-06 2.110374210892588062e-06 8.524746918111225414e-07 5.587420214024823276e-07 3.390475846240844848e-07 3.069724726492149362e-07 2.404679829793538607e-07 4.213974917704630803e-07 2.022920670690307771e-07 1.374501207293150761e-07 1.233878213570940346e-07 1.001648116950833891e-07 1.482243237223096203e-07 6.917318222989574524e-08 6.527197295354643520e-08 7.888252225235535353e-08 1.893924564042762981e-07 5.428409907856276911e-08 2.627621993668586263e-08 6.647212708470404782e-08 1.554965140802438945e-07 1.651091044461202424e-07
8.676187284902281808e-07 7.114514629420614587e-07 5.975283565999922377e-07 7.803887993842201796e-07 7.005183021926268431e-07 4.216603565388759548e-07 3.020923816082064311e-07 2.548403635359987606e-07 2.250902687209467514e-07 2.220242528622599702e-07 2.745365901087168246e-07 1.686156354553196015e-07 1.439090534600243634e-07 2.535405813383368510e-07 2.734070577618245853e-07 9.111858172402402907e-08 1.329766495174457414e-07 2.705282728079907167e-07 5.831687269922084497e-08 2.089410190088695872e-08 7.166365265647000985e-08 1.990640536220601183e-07 1.939945969556714555e-08 4.260708959359702093e-08 2.424317402645671343e-07
6.663056398982576866e-07 5.801424745738417203e-07 5.202164939993868769e-07 4.784479052766229314e-07 4.369712063321318974e-07 4.065891917853194701e-07 1.003194518089091987e-06 6.687769862756922928e-07 4.440659161708467974e-07 2.685523886999807082e-07 2.031460769654340672e-07 1.815592767977780476e-07 1.281531697813518424e-07 9.789581248537700853e-08 1.687147606299445061e-07 6.857402982166486813e-08 5.144379284677958562e-08 2.415421871783073605e-08 1.842072690674129098e-08 4.936284363826242853e-09 7.111110752795964453e-08 1.063590849595303278e-08 2.819964574525689852e-07 1.391690315405407195e-07 2.440432958685879059e-08
1.100363469479911740e-06 7.580424431496662731e-07 6.719991152464501136e-07 7.286803547042027555e-07 7.594922642064647975e-07 5.242596738549233130e-07 3.783796279251297036e-07 3.253515933973083676e-07 2.886541535171445948e-07 2.480058971451658310e-07 2.022667791717492043e-07 1.659223818068490432e-07 1.527676648422951022e-07 9.560690045950745773e-08 1.563152417429625167e-07 1.353517065646339350e-07 6.877802020556874400e-08 4.271891425369670344e-08 1.946811732151644212e-08 1.462081986873002797e-08 1.209422778462704829e-07 2.414197292420418321e-08 7.230493486161042075e-08 1.468412319200593918e-07 1.190360946196676964e-07
5.911074681029212039e-07 5.250672602308757599e-07 7.607258834470471063e-07 7.342751512423182003e-07 5.435150034508271098e-07 4.956630768108781604e-07 3.516088921572952499e-07 2.947028757224229775e-07 2.462749491509119430e-07 2.149863866304508189e-07 2.965013011632943427e-07 2.637402040746118005e-07 2.033223061667482534e-07 1.024651659260508122e-07 1.282292792493191544e-07 5.717327545805096325e-08 4.002719174421301707e-08 2.289477191996877058e-07 1.464918714964416108e-07 9.724985046630303184e-08 1.546586354633081838e-08 6.266615249312421576e-09 3.214855248685870950e-07 3.099318663366688248e-07 8.571256679339949130e-08
7.092986816709748315e-07 6.109479654378047328e-07 5.324195051470878040e-07 4.737111711296091012e-07 4.130571177679699308e-07 3.749249999870197533e-07 3.473378875357469066e-07 3.147034780368707578e-07 2.638602593225640378e-07 2.273167105887258859e-07 1.898325220382681972e-07 2.638255415952844573e-07 1.294202462776087710e-07 2.376088049918338623e-07 2.282143116089729588e-07 1.337551357577264344e-07 4.344276328455790078e-08 5.637727212395978761e-08 5.763795600402604245e-08 4.679271724666030217e-08 1.897505551878532895e-07 8.339320670185350238e-08 2.765215272536017414e-07 3.149866395645581805e-07 1.084595640321336504e-07
2.043533719426069457e-06 3.354831607927100891e-06 1.839252715724413292e-06 7.839548705181971938e-07 8.727700733546484593e-07 8.917809098503812394e-07 3.747091452191194498e-07 2.742661758516064241e-07 2.080991197252222221e-07 1.760661963962254222e-07 3.412137925742864991e-07 2.080912375514361766e-07 2.520600009440755485e-07 1.481586977129850164e-07 1.265034398756074008e-07 4.565470967724399926e-08 1.096451441368972595e-07 1.196061749879351724e-07 3.701057137733737413e-08 7.497270537675672883e-08 1.206765080997731271e-07 5.961016775101917299e-09 2.028381053421031243e-07 1.132454555275074782e-07 8.332426965680893023e-08
2.678505346940721964e-06 1.966517192236952214e-06 8.576292857489345522e-07 5.716609924616465322e-07 4.627016538943369265e-07 4.405634693134657243e-07 3.741884008497469571e-07 3.217464215156458318e-07 2.782783908569110031e-07 2.291722948336863451e-07 2.009780189507033219e-07 2.163450425585342297e-07 1.911940516447525436e-07 2.276924957640111922e-07 8.320045293908635950e-08 1.696659817840567517e-07 7.929357866754974912e-08 1.920255127488843197e-08 1.187960414218018013e-08 1.805726904440252047e-07 5.902026120062572306e-09 3.420957317997020681e-07 4.184395151143639080e-08 1.503315979635643980e-07 8.192227234494575830e-09
9.266419275107722957e-07 8.839203565581311427e-07 7.587658263247290960e-07 4.554255424156883779e-07 4.297334729188084734e-07 3.557983472589001025e-07 4.262475462302586412e-07 3.778395731131464362e-07 3.405520437427979346e-07 2.690705326936632169e-07 3.206118084082050338e-07 2.612174710896648335e-07 1.494394486946704899e-07 1.621903653158348417e-07 7.862825062738245580e-08 3.665099592942114691e-07 1.565555861093124303e-07 9.276743954194518299e-08 1.047913612159360029e-07 4.085581689811527516e-07 7.339114340005801638e-08 8.922920451765495768e-08 9.527753187285267601e-08 1.287220495505379565e-07 1.249649817816322545e-07
8.114012905505300110e-07 9.478660243693393529e-07 8.033290170221956665e-07 6.116088764526609792e-07 5.094422882143613039e-07 3.582199477001643764e-07 4.030216194935729424e-07 2.604295240219039317e-07 2.172881628075395185e-07 2.154435373312817537e-07 4.895956283992207755e-07 1.639783834253232220e-07 1.668454549566104913e-07 3.238106191288524597e-07 1.084047502077702899e-07 1.622938329011451276e-07 8.601903631153229486e-08 3.757771183443916668e-08 2.882703141362230553e-08 2.762509483570982841e-08 9.268445074969488804e-08 4.299770504114301163e-08 1.143894658502597842e-07 2.728001568107653169e-07 7.854035919481800715e-08
2.020307603675658386e-06 9.520988713433536888e-07 8.254299564604090990e-07 6.758713152105927017e-07 5.940866643267890863e-07 4.791043747272229758e-07 3.800545537867442297e-07 3.227733193085357152e-07 2.909318656737679779e-07 3.061222226940087735e-07 2.057947574253921382e-07 1.931501389930472429e-07 1.333353546950440116e-07 9.599902588658136182e-08 6.506073470227222794e-08 7.004797569736421893e-08 8.490944345907069658e-08 2.752639274896930292e-08 1.883708655965128414e-08 8.392255414113438983e-08 7.293533921199530825e-09 1.928501188627726468e-08 6.028068551488195159e-08 9.408863772413263203e-08 6.382411621521435644e-08
6.067940831041927656e-07 4.676326836315318877e-07 4.044643907259518637e-07 3.736899694798136712e-07 3.630033944666192122e-07 3.045018306187519312e-07 2.678590746798105319e-07 2.277399094403305944e-07 2.020276446964233886e-07 2.329653141171298561e-07 1.821892809533984224e-07 1.788402805327153146e-07 1.179847049396691082e-07 1.489361130356289229e-07 1.114555094235016055e-07 2.006332682935099262e-07 1.624347108738752809e-07 2.888109483219628095e-08 5.105048734568148808e-08 3.556384231287427318e-08 1.902754132911695385e-08 1.111419080148349092e-07 4.946851311077539044e-08 7.727407035424329697e-08 1.288169930834251575e-07
1.368748530891252288e-06 8.843203183152585250e-07 6.188894182444952775e-07 4.754686588083172526e-07 3.866757640844544840e-07 3.127088485774911310e-07 2.612947276976099037e-07 2.450591096251379984e-07 2.218726374015663537e-07 3.138729568864707153e-07 1.072930825239879560e-06 1.853723385853220102e-07 1.376411159041781062e-07 9.367573527236960115e-08 9.361174846566285164e-08 5.414234378583648855e-07 6.732216366166597531e-08 2.628839759566940698e-07 1.853783922885769253e-07 1.461231504272739407e-08 4.876967341825661503e-08 4.950561718573486382e-08 7.218957119330848822e-08 1.147798363500906154e-07 1.186511136667943229e-07
5.895901011352576322e-07 5.058729775849128997e-07 4.461182391711717978e-07 3.991816022474471159e-07 3.449010105148444485e-07 3.155769805591859271e-07 2.649369561955754717e-07 2.318442263828195785e-07 2.065873912218037675e-07 2.064036741533841491e-07 1.644637521153108401e-07 1.487235038654558602e-07 2.211472615061995240e-07 1.037523566805436146e-07 6.852737791337837104e-08 4.683345978842824372e-08 7.160757695458655605e-08 7.660474538757225150e-08 7.820208240380717573e-08 1.066026071996383159e-08 1.141892179392381587e-07 2.862655634953790601e-08 1.909111157018622815e-08 2.291097504636056277e-08 1.127441583133899194e-07
5.622526796601071480e-07 4.976445904923814983e-07 4.156329484929504875e-07 5.656378416683277142e-07 6.610314433186028973e-07 3.057763635362924167e-07 2.232765623156245874e-07 1.880998952090837433e-07 1.940469144693761041e-07 1.634516567841962279e-07 1.366534060206458622e-07 1.207798719209401805e-07 1.029922154658908444e-07 8.885733327881861921e-08 8.442522120269356574e-08 1.878687493567720135e-07 3.894784552187768822e-07 8.864578432692594080e-08 4.524687681106706966e-08 8.626563739959264323e-08 7.992934826253645150e-08 1.876287227452458214e-08 1.011354344069766446e-07 8.882154731623088089e-08 8.220996000351909775e-08
5.609938631617287453e-07 4.653070336569245147e-07 3.635430476593323255e-07 3.359260548680070155e-07 2.803541797828011793e-07 2.311604510039192560e-07 2.088367043630399532e-07 1.888750173231219574e-07 1.665210400309682646e-07 1.445161029608392299e-07 1.262640710741468201e-07 1.110654495612758440e-07 1.076930194342327900e-07 2.189892577816209162e-07 7.259752023340926434e-08 8.913356846504292947e-08 4.911272500475925261e-08 7.598922092240957248e-08 7.726663306931972563e-08 5.906654940350340841e-08 2.709605226590625720e-08 9.774733598769622072e-08 1.620794717142957041e-07 1.609265532323017922e-07 1.575611641669940575e-07
1.790916853313773103e-06 1.337484181513688857e-06 9.330534458009120133e-07 5.762272069474133345e-07 5.374501446476768920e-07 5.783458469264357282e-07 3.705347119159744539e-07 3.133527312975898229e-07 3.152120921942804465e-07 3.073783970196478809e-07 1.940797101802023503e-07 1.473226394012887566e-07 1.163629674585300567e-07 8.796591134087828801e-08 6.459196690145221614e-08 4.973925337806517287e-08 2.758070141252334049e-08 5.246304321499854330e-08 4.441092444708126972e-08 6.987751067918843355e-09 1.144735842200021335e-08 8.177561071345265385e-09 6.796860495875047601e-08 6.752331897191273916e-08 2.578048267944856525e-08
1.100858986766216687e-06 9.292724389176025562e-07 9.888765857371018860e-07 5.976846255475255226e-07 4.522161250179068930e-07 3.811670845195088926e-07 3.976355201972727628e-07 7.343085881462864302e-07 4.487359200751888944e-07 2.210405698649823418e-07 1.624224031209537931e-07 1.391308841571338295e-07 1.158235524500964683e-07 2.632828352698258653e-07 7.567646565241628971e-08 5.685319242791762499e-08 1.202214633437457300e-07 4.469518617446800564e-08 3.074536985066492480e-07 3.110247924323941406e-08 1.463343416998398082e-07 1.831114458687118065e-07 3.524149407895418997e-07 2.419400922235132119e-08 4.852556123534618822e-08
2.521211502338758232e-06 1.949655548082222176e-06 1.536564879760154478e-06 2.152816658171689373e-06 1.930240743338843090e-06 1.225405225307637445e-06 1.041384059774502130e-06 9.369175882789122133e-07 3.820810387098866109e-07 2.395348167773413277e-07 1.907771251900800350e-07 1.645727116489742619e-07 1.251294360787604603e-07 1.837865181837276684e-07 6.914107169743479535e-08 7.161473269778721464e-08 1.425655967281630412e-07 2.313717996506750938e-08 1.100364870325860290e-08 1.596402947802908537e-07 7.751312657010561786e-08 3.535981147733126564e-08 2.490276150936269502e-08 2.394320400197147008e-07 4.406220359404417366e-08
4.451163870635037818e-07 4.549126856312378448e-07 4.126333389807185642e-07 3.407462560213042037e-07 2.732913385192076026e-07 2.441294788105264777e-07 2.310134214501837415e-07 2.181594194810121431e-07 1.880945690029121417e-07 1.629049800912970182e-07 3.355060268142650030e-07 1.289050665431658097e-07 1.036594729097577026e-07 1.131811449579157994e-07 8.573813918254216248e-08 1.292202338380932952e-07 1.663848908478531021e-07 1.626805323552722424e-07 8.179188701712620796e-08 4.608562258163806147e-08 2.792827915029358277e-07 7.399161278291705349e-08 2.093480652271595197e-07 1.741897200737526842e-07 1.399975865106347265e-07
1.204139975719912039e-06 9.700144521091049821e-07 8.358076193644827340e-07 1.259048153092716026e-06 5.495879477049719734e-07 5.314542783802106087e-07 3.792727501263113040e-07 2.641477222540225750e-07 2.373427571390459393e-07 2.021259694666587332e-07 1.923722182198665593e-07 1.461483494306208449e-07 1.179641270811438712e-07 9.010140106123913814e-08 2.265561327397662926e-07 5.512056976411628255e-08 7.560977576266619377e-08 2.224264804867224660e-08 6.108493852771574783e-08 1.238066059831595572e-08 3.741368784447900018e-08 1.426834806578851717e-07 5.643338038286786725e-08 1.692908745237934450e-07 6.901041613470480846e-08
7.552207122181088110e-07 5.455786137496804234e-07 6.509829387538180700e-07 4.644469518783228843e-07 3.522561551843078389e-07 2.789572148602025723e-07 2.879419102292387895e-07 4.511899308040405887e-07 3.860776270115534183e-07 2.292014841829193566e-07 3.300064493174727244e-07 2.615412672545744701e-07 4.972825203324190323e-07 1.719898570889993707e-07 1.760146826516138331e-07 2.412677782468420526e-07 5.043079871933290210e-08 2.506640598181201685e-07 3.887591666117917151e-08 3.396588401060000584e-08 2.369402143941134568e-07 1.735069567024095152e-08 3.939599067500690277e-08 3.421847784346393185e-07 3.788904142874598407e-07
2.383120445247277340e-06 1.004165068351213080e-06 4.757597041830157138e-07 3.962356456697224134e-07 3.619423062725994199e-07 3.179744220335338569e-07 3.209274828983076372e-07 3.236608960431235017e-07 2.197442575006817754e-07 1.994625654147481484e-07 1.682157765415450723e-07 6.867264625868508819e-07 3.149203107196343511e-07 4.333433497372132331e-07 1.660300133565906329e-07 8.588816501932089848e-08 2.250144241836536127e-07 2.216872910844864363e-08 1.428938699362303211e-08 3.354984743446364012e-07 3.622261868700226823e-08 7.369233948786482010e-08 2.983690130514995608e-07 7.055332342323710190e-08 3.192962877650063541e-08
3.149696287400745129e-06 1.880518707954496469e-06 8.529450416228876298e-07 4.618590788169949074e-07 4.132449170020241000e-07 3.475706036140677038e-07 2.844602881914282086e-07 2.397450099630156996e-07 2.041592123375274855e-07 1.824534434423851036e-07 1.491404184500762819e-07 1.189466663744483371e-07 9.917243274987181120e-08 7.710223290536772813e-08 5.681064436199992891e-08 4.928184148751828621e-08 4.807553618401109595e-08 3.286771494914179138e-08 6.028776627197866801e-08 2.177654989591337457e-08 1.761665238466794254e-07 9.917146579171601250e-09 4.821165423323572077e-09 8.179650223549047995e-08 7.625650867035322455e-08
3.150833381158289746e-07 2.891679753831128442e-07 4.327192915859500184e-07 3.312346654018628871e-07 2.553756384168118442e-07 2.575711700842293850e-07 2.303587155067567606e-07 2.412181979936891414e-07 2.401306446438434285e-07 1.815286670209345717e-07 1.673237009400727869e-07 1.973798960078329417e-07 2.854716685372698124e-07 1.754109641196061442e-07 8.418884379051227826e-08 6.776218854055717209e-08 3.402624821767728590e-08 2.136717745660087797e-08 5.718676760687113112e-08 2.025169705878436214e-08 1.983676263388393705e-07 1.833213979976184531e-07 9.336755275369688676e-08 3.356527542199259661e-08 4.002084416649584815e-08
1.055463038875020674e-06 7.647845111391722796e-07 9.311336090346343462e-07 6.692461460544881303e-07 5.941943215164290064e-07 4.211872177027705750e-07 3.393530350228079264e-07 3.414359257944812830e-07 2.926119078309652683e-07 2.511840281852140806e-07 2.125368827517671927e-07 1.757623121223419476e-07 1.355541870827761499e-07 8.518548603958048068e-08 5.807079919100806351e-08 5.251193070355519917e-08 3.995750298761528967e-08 2.416704009441592387e-08 8.071118238989256013e-08 1.222759467833727983e-08 1.810853698367887108e-08 8.326003718522022571e-08 3.510296755648919102e-08 2.391864315925940208e-08 6.501110578134428090e-08
3.012818551152907062e-06 2.734384658409163567e-06 2.027891227425976826e-06 7.900888135562385276e-07 5.702519814332809111e-07 7.512718919497587809e-07 5.535876813974824672e-07 5.094284263208466944e-07 2.425602823192448517e-07 2.117467362018333850e-07 1.715234407209987871e-07 1.417616758257707078e-07 1.207827147317094894e-07 1.178304031595307508e-07 1.481506614062487826e-07 5.841467532168161620e-08 4.484020846556227920e-08 9.708875852735381812e-08 1.491666462260315307e-08 1.975815999659313954e-08 2.716833324272044335e-08 2.481752361940740612e-07 1.999841975989946143e-08 5.696436566819414992e-08 4.283127621769744339e-08
3.290720380037473291e-07 3.049660336010315704e-07 3.729768155966257444e-07 3.430794497745886399e-07 2.662686013586606122e-07 2.345552599939909780e-07 2.812977440964464336e-07 4.184440888542575423e-07 2.483691406217313918e-06 8.502401395479695919e-07 2.393591217865794465e-07 1.859160017455344307e-07 5.397389496861948771e-07 1.023312126741004836e-07 5.904196295171008755e-08 6.175825268794197878e-08 5.282438923553056587e-08 8.369389071648030790e-08 4.501733811352183109e-08 3.027498744003570450e-08 1.287716106833488575e-07 1.195480461173702463e-07 8.811269315909887778e-09 6.091994915336688820e-08 8.777375309999626914e-08
6.817073877031183225e-07 5.953062851418060989e-07 4.957871492777998628e-07 4.081626976309306618e-07 4.723140287415974878e-07 4.259437308690185268e-07 3.064997036798623457e-07 2.773143942290044537e-07 2.743091847756933216e-07 2.320681071580506321e-07 1.798560709677863432e-07 1.290339429674997636e-07 9.722233877835420947e-08 8.308792491452881881e-08 9.820548589350229706e-08 8.947718027277975319e-08 4.624342639729589512e-07 7.065752353938577651e-08 5.885654733581719697e-08 7.522647426512475387e-08 8.931318944168804131e-08 6.087604221933635153e-08 6.476588747682277107e-08 3.798564040744755505e-08 2.220538255742283228e-08
4.600284522647302680e-07 4.252959820425101083e-07 3.784965414800046843e-07 3.370837867893154016e-07 3.175160202689731044e-07 3.075840184247746045e-07 1.024355327488845727e-06 1.361424400655745165e-06 8.439466956234295489e-07 3.448531146101046377e-07 2.169622547131595511e-07 1.449041662410480059e-07 1.316963238342810223e-07 1.301517851721295099e-07 6.225356312693867271e-08 4.252991301818733897e-08 1.936485023059636886e-07 2.986929806774371983e-08 2.694058439354865565e-08 4.831390453844193126e-08 8.147675984459064178e-08 2.360001453046795963e-07 1.660665419147460018e-08 2.796368370761501104e-07 1.516730519420241824e-07
1.398948522338274574e-06 1.273414914703219727e-06 9.991078133480366914e-07 6.658171245743945470e-07 6.193500336112156506e-07 4.024064235168163680e-07 4.620269826217297796e-07 3.541224305353367052e-07 2.351127472325927636e-07 3.060374281096285562e-07 2.407690693000365555e-07 1.410951629883686920e-07 1.124022983206913444e-07 8.167317738575902678e-08 5.720671913794922551e-08 4.287507458247310069e-08 5.435328928357129799e-08 3.240305305433164071e-08 9.423236925548576497e-08 4.076531394792278213e-08 1.114921390361712761e-07 2.754543823379293302e-09 3.968353217495003254e-08 7.902275658132108794e-08 1.526800111807092398e-07
5.253367063096058219e-07 4.931002165177991065e-07 4.630063302236987970e-07 4.632774191924022744e-07 5.685764329024007389e-07 5.022479989626595930e-07 4.404302641124007281e-07 3.903438036851469694e-07 2.884759307490049303e-07 2.383929132482503597e-07 5.054789686501112461e-07 1.921346001876065460e-07 1.472660061802746692e-07 1.395018801436583120e-07 9.826017565076516356e-08 9.753492151249611758e-08 3.151864648874855763e-08 1.861225355292148158e-08 1.231453994919889826e-08 4.838937786402092933e-08 9.203098364500327747e-09 1.906353599118612141e-08 1.164195770341253928e-08 1.213298068224158136e-07 2.140995190785389532e-07
2.063877300318995230e-06 1.956542111825332178e-06 1.480658425252538138e-06 7.085065797775357080e-07 5.203105785560057250e-07 4.446489110616841899e-07 1.292372030246190632e-06 7.742868568935175965e-07 3.358409754621687689e-07 2.264571641605322916e-07 2.671998585520932939e-07 1.290525170522291426e-07 1.088134021771991987e-07 7.048604964505740404e-08 5.428441329311659267e-08 3.806146890170079392e-08 3.773057906503376394e-08 3.345579721683042570e-08 2.195927474147824209e-08 1.068331434018071817e-07 4.757503214401868049e-08 1.179545751161242796e-07 7.696899396116435393e-09 3.546274017400253843e-08 1.323496290691863871e-07
7.694651488470770948e-07 7.082258634383911773e-07 4.129980000991427747e-07 3.404943773956320920e-07 3.311369498943178562e-07 6.616492588008207426e-07 3.319583575059050665e-06 9.994847692932485654e-07 3.091110196046483123e-07 1.637496428150934447e-07 1.733876708369700746e-07 3.205223238221998703e-07 1.260074841532514544e-07 7.092641171051315772e-08 7.098794864228050349e-08 9.165796681699853041e-08 2.697682640148958838e-08 4.597678218025972056e-08 3.204039788627791983e-07 5.060238668259143602e-08 6.489231457221879571e-08 4.871652455429161673e-08 1.429507221397957649e-07 1.479975617493847079e-08 1.972748898642104237e-07
9.678010370332584578e-07 6.070367089388234040e-07 4.905315981042637858e-07 4.635179848269178239e-07 3.845902389829951765e-07 4.095159413119884099e-07 2.672889502435806387e-07 2.651906152629801870e-07 2.052418854645702139e-07 1.923768602300690752e-07 1.712556750897869423e-07 1.011022981447598994e-07 8.515207167625969651e-08 6.958807241256551283e-08 7.052745156263983692e-08 4.544009751365154223e-08 1.333278229959031210e-07 1.883668331749992419e-08 1.113366940918640597e-08 7.464325492631075805e-09 9.347738398107424045e-08 1.209425774021237307e-07 1.059142704978959369e-07 1.393046890284852242e-08 2.986270915360325572e-09
1.124880378746078471e-06 1.020903317311886536e-06 7.946873088043542457e-07 5.063067308485953875e-07 3.661080628839223422e-07 3.262412179479993896e-07 3.070506511509502368e-07 2.685374773921421095e-07 2.417428341169194016e-07 2.044115383846784340e-07 1.595515197306893196e-07 1.296357191259492167e-07 9.883415151899286471e-08 8.128355092761858714e-08 6.153256256151290938e-08 4.802986049593429229e-08 3.264444498296581796e-07 6.544168248948188665e-08 1.888129537628237966e-08 9.113011556935700806e-09 8.005189906563643947e-09 1.079571747177561461e-07 8.215406653643248386e-09 1.289690954538648920e-07 1.610343982258205445e-07
1.141444657353649478e-06 5.305781021514240014e-07 4.347743194172834412e-07 3.600716167577734158e-07 3.072213681215811043e-07 2.536365468507520084e-07 2.238757617161786313e-07 1.910394902469365457e-07 1.713486145501825323e-07 1.479437668797871713e-07 1.205404026918367865e-07 2.111997582938987350e-07 1.682401801467642283e-07 2.178695378305354381e-07 6.684122619899905728e-08 4.624331507025367073e-08 3.440090820752206813e-08 2.417527156950155333e-08 1.548400800531833206e-08 1.443003793049048917e-08 9.319751014150195038e-09 3.172341549808088623e-09 8.376565114931425496e-08 9.226623508199295070e-09 2.299059060645217990e-08
9.635808644956080969e-07 9.942310535681583984e-07 1.807459994220573724e-06 1.140371060429331110e-06 3.713734892852770173e-07 2.360548312526336654e-07 2.084274414108869766e-07 1.790657904018553028e-07 1.531456753038702898e-07 1.470551246488337115e-07 1.345602267216194039e-07 1.508149248976010588e-07 3.481068030364046902e-07 9.913082290907711032e-08 7.468934311347218789e-08 8.784229890973504663e-08 5.188333494792057598e-08 1.267699176385201499e-07 2.009895390087053518e-08 1.589074299715871131e-08 2.327329781075515616e-08 3.424699890654351301e-07 6.861872658574423309e-08 1.349289121360882856e-07 9.159278670076863095e-08
1.184757946552177592e-06 1.059955912979513946e-06 1.043981601564248608e-06 1.082069230779181545e-06 7.241249306445048201e-07 7.176667187823106299e-07 5.582895656121369090e-07 3.089402149127173292e-07 2.520915520398178488e-07 2.101054067227335669e-07 1.633395318070981478e-07 1.400704102283099368e-07 3.464040215345331707e-07 9.718017944416752746e-07 2.219888303408781217e-07 4.367584746705716434e-08 3.507591154577664408e-08 7.424716493666418939e-08 1.587984693272793141e-07 1.354014116703781658e-08 1.242877614701050998e-07 3.716578257562478821e-07 8.072952213013242001e-08 9.817351221749877046e-08 1.860023180771625995e-07
9.622777054911528993e-07 6.556331500668950558e-07 5.521626830735265170e-07 3.908745214920997725e-07 3.314011639769997766e-07 3.446778010992732711e-07 2.731293727689399601e-07 1.977498794495534377e-07 3.400441615544714457e-07 1.336781755140131910e-06 3.757316278382388024e-07 1.207036148925855812e-07 2.391405281106800669e-07 1.163420682357989300e-07 3.846631261855245828e-07 1.449233716732398414e-07 3.473161967303110205e-08 2.558143876000051696e-08 2.655424359815922103e-08 8.558810101232221934e-08 7.028493542543694829e-08 1.057838320448110064e-08 3.526482571590009550e-09 1.267307422100710122e-08 6.728053689102110502e-08
1.840053362696537621e-06 1.930874860451609465e-06 1.683008723005857663e-06 9.667367371122140333e-07 6.122171296338363693e-07 5.294100697992331436e-07 4.258550518541232189e-07 3.352684501178765454e-07 2.749421749315845672e-07 2.289707532639952583e-07 1.609049915936522171e-07 1.371809770686174097e-07 1.096986710169217921e-07 7.838836793857903212e-08 6.648163968190456247e-08 5.619027597045217963e-08 9.640763820209273973e-08 5.459433487211238146e-08 1.703964388797413495e-07 2.836498753061305503e-08 4.110596428053559099e-08 1.049896889565250803e-07 6.857743637972060788e-08 1.876837029604426444e-07 1.577865472178484896e-07
5.250381641040114162e-07 4.854941790840418749e-07 3.891062577953611808e-07 3.697046198589953373e-07 4.176819638156534394e-07 6.300807681574297765e-07 5.748851561477368786e-07 4.980089602092657728e-07 3.010172333970801514e-07 1.889500848441538771e-07 1.470949028660980143e-07 1.231636698070193695e-07 9.809410047900435484e-08 9.233343633130999267e-08 7.394477702725020444e-08 4.470416518156118018e-07 1.651521067717325218e-07 3.540940761400277201e-08 9.154009791677202087e-08 5.897868867800412926e-08 1.800747647585711096e-08 1.583470212269555482e-07 1.270968638442859094e-07 1.497725336067258890e-07 1.178072178916788731e-07
1.982487633209690632e-06 1.040341071722700188e-06 6.489813979685538166e-07 5.256609086768457855e-07 5.443939773135980604e-07 5.981519707855506293e-07 4.734413216988232089e-07 4.451582896033161418e-07 2.497528759864870451e-07 2.152803095099526012e-07 1.748432683616187126e-07 1.408268711231891925e-07 1.061010503534611589e-07 2.430387008927739245e-07 9.154391785373393644e-08 7.117887483750554500e-08 5.166768610966459699e-08 2.567805043506130714e-08 1.981924746221236283e-08 2.314089831694623040e-07 1.184321636925033206e-07 8.449895216732691749e-09 1.515316168394421489e-07 1.507740096563681637e-07 4.127671737492065695e-08
5.789404315301587652e-07 7.535810557538168300e-07 7.475674952177648473e-07 5.372174559861736946e-07 4.565742002028827148e-07 3.576223938266458111e-07 3.180638104325686957e-07 2.320407300001094324e-07 2.543412703025162166e-07 1.950337041074814231e-07 1.678763602747515704e-07 1.326566479143642427e-07 1.079342425987157327e-07 8.272557711878370166e-08 5.800926064135540479e-08 5.935488498564020827e-08 2.878004539925022186e-08 1.994613880493637564e-08 3.999971189698727585e-08 9.758950842518222450e-09 6.399557037471024961e-09 2.816504110029333324e-09 3.201094467396017248e-09 2.225793634286599396e-07 1.625843049034211609e-07
8.414281447415069641e-07 8.743088359938976683e-07 9.406585812535848773e-07 8.533278679489261638e-07 8.294312026259241573e-07 6.461749117237245334e-07 3.281438840356601726e-07 3.355916804263051796e-07 2.310869190183909718e-07 1.847094523053897236e-07 1.505120612556812636e-07 1.219766274654976280e-07 2.436588886717843077e-07 7.291057307183695334e-08 5.636920934462816315e-08 4.245995928743194976e-08 3.796979729486640969e-08 1.980909956452151634e-08 7.736962726441211514e-08 1.535200285479921308e-07 2.399879922861180437e-08 1.078367551301334298e-07 4.622299398643791340e-09 1.514622501930696098e-07 8.292392083578112329e-09
5.102129592904500337e-07 4.434352395023871988e-07 3.924462042086881043e-07 3.413864674808221804e-07 3.343559577261728692e-07 2.852767198227916391e-07 2.621151238788892321e-07 2.448111235794005829e-07 2.207161352271945546e-07 1.938566637400759349e-07 1.648960434121161713e-07 1.216098194858429515e-07 9.571721348507738676e-08 7.706353612656669912e-08 6.622769516970962333e-08 4.169564603070449891e-08 5.436692885312477836e-08 1.574002229736578327e-08 7.721989006568400099e-08 5.103447295786089420e-09 8.038815065292004100e-08 8.302712059181047683e-08 8.679337698874403669e-08 8.122636564316817351e-09 8.612019657774179993e-08
4.930085384536857053e-07 4.258545775204338228e-07 3.651030541045245748e-07 2.953378115459744058e-07 2.673609310663140197e-07 2.611789694930565872e-07 3.208707156859897363e-07 2.593915197171457385e-07 2.305136873931031186e-07 2.034341690732641657e-07 1.800548371388679524e-07 1.715184587234340929e-07 2.395231081853302942e-07 1.628810073718047020e-07 7.586936154993411794e-08 3.028502484781853978e-07 3.005830829831153335e-08 1.443921493217872588e-07 1.034505643675523361e-08 3.366533838263023883e-08 2.962462539822033939e-08 1.380089938610759359e-07 2.940502284130790119e-07 1.293946667842724192e-07 5.426352569717301900e-08
1.019216611186010902e-06 8.941465016853652305e-07 4.864661679544223322e-07 4.060906332340154820e-07 3.480531745989176434e-07 2.985022079219517854e-07 2.418860832426922866e-07 2.130778235093018170e-07 1.900460769141660168e-07 1.770502493137351973e-07 2.805563706889521742e-07 1.258833633090866730e-07 2.329840336310858191e-07 9.077725846627533442e-08 5.343375631579788640e-08 7.909241160757178297e-08 6.223825677682740896e-08 2.562534093428013870e-08 2.196792229947826273e-08 2.625713080907005541e-08 3.138498497986078117e-07 7.609400106686624659e-08 6.289719124256002283e-08 1.730288262833989447e-07 2.428111718288891321e-07
3.892354537635871588e-07 3.865806402280330785e-07 3.442335275716078383e-07 3.071226106886364144e-07 2.715345928159739744e-07 2.462509698604483536e-07 2.270018731055616656e-07 2.000833216472466531e-07 1.785341931543800805e-07 1.659368244602270758e-07 1.429643589163944211e-07 1.408357324364176707e-07 2.529613123336733346e-07 3.162952070146630113e-07 7.033327057384912378e-08 4.698159332404673712e-08 7.620765932072317271e-08 6.862684829361202887e-07 3.716511052330459557e-08 5.339283725460933389e-08 1.033477008165378722e-07 7.625518651751437004e-09 5.055461710335051369e-09 6.604724355652265973e-08 1.013670266039539586e-07
3.735347869101262947e-07 3.579650316269632488e-07 3.215364330070136285e-07 3.249046546049264188e-07 3.362186319159659570e-07 3.892844326934987352e-07 2.261703559336860162e-07 2.011495208439651300e-07 1.802149311895584204e-07 1.614139861225864405e-07 1.328567625473137733e-07 2.680297255140110983e-07 1.116058091293875076e-07 9.119391813230017661e-08 6.966276682518936186e-08 1.568522661542922057e-07 4.365401935850555452e-08 3.060075330855420522e-08 1.802279994115600351e-08 1.105607352459757719e-08 3.246676722551993213e-08 5.484987221291505588e-08 1.415609074639401810e-07 5.985535767065036677e-08 3.277011615850410301e-08
1.351403471289494350e-06 8.585757216981651516e-07 3.747965243806514563e-07 3.460839792459073963e-07 3.579644055775565637e-07 3.020590948048339663e-07 2.760032909704450717e-07 2.634550533616209763e-07 2.993864422267860242e-07 2.466313419296605608e-07 1.623436866254381567e-07 1.215872350412546810e-07 1.028314065427779514e-07 9.573642395272717784e-08 7.050397145485766667e-08 5.849875608418663927e-08 3.304296043070311207e-08 1.061824783148810746e-07 6.308029712475371083e-08 4.737817090663198907e-08 3.356033192527583604e-08 1.114058325656565542e-07 5.555093836055502476e-08 3.189279318820488757e-08 2.549449442348909907e-07
2.147404624815145350e-06 1.231851296431488905e-06 9.411957960641587030e-07 8.397863466837131475e-07 1.023392397573114424e-06 6.065308501740041042e-07 3.072868916451935116e-07 2.442038892333532907e-07 2.058053931257554398e-07 3.800629876504178190e-07 4.706660052042580039e-07 1.491608296050311970e-07 4.537041848775251571e-07 3.470110567928756732e-07 5.085836838296740109e-08 4.490367274405666133e-08 2.306322404026043027e-08 1.781349862134415052e-08 8.904438496278081654e-09 4.572505866589533475e-08 2.000033006245096866e-07 9.556519522275547904e-08 5.162604206208564429e-08 2.727404072901023653e-07 1.181627018372046896e-07
1.574257108996771386e-06 7.071455493821737780e-07 4.147204045393067050e-07 3.622548085982971979e-07 3.237758601004628410e-07 3.051643243689671046e-07 2.622848421991920051e-07 2.314340625637485943e-07 1.999519140458956548e-07 1.687795304970119564e-07 1.514083689576215819e-07 2.846129334005932780e-07 1.029667316354368661e-07 1.709946636411187071e-07 6.480741349271000798e-08 6.330015655367787047e-08 3.190526470561519663e-08 3.372975479839470005e-08 3.374279841445772651e-07 3.929379673420091472e-08 4.177663231183668099e-09 5.721658130508852161e-09 6.073227936251853122e-08 2.399243133659913647e-07 4.253830688337926841e-08
4.692654812868057114e-07 4.336401312141565669e-07 3.734012434365609441e-07 3.372757700278043543e-07 3.194809445315177099e-07 2.961984404104067572e-07 2.769297624438615325e-07 2.403198335587244258e-07 1.280459066643324931e-06 1.531839464831709326e-07 1.280536741878289986e-07 1.636693613944946307e-07 8.420206291501531043e-08 9.463419770775692000e-08 6.117957785134427554e-08 7.623524846812556342e-08 5.180277396260215681e-08 1.762579107300501668e-08 1.065737995263873619e-08 1.501619903642866443e-08 3.650660206761923190e-08 3.486469127394322577e-08 1.293074747256341404e-08 9.744378966156247175e-09 6.685187287276912608e-09
4.471279681256491272e-07 4.768330150517460307e-07 3.916224240083281477e-07 3.088559973295664498e-07 3.217513497735221895e-07 3.550272941604820926e-07 2.942181358221806379e-07 2.315119966724838363e-07 2.120648110200899698e-07 4.075331663239580148e-07 2.708408779341043478e-07 1.098486864511512335e-07 8.292265345667313434e-08 7.077080118922621908e-08 5.921001616129237507e-08 4.780283896270453675e-08 5.010988440448446333e-08 1.982653725349867788e-08 1.324960100798659729e-08 1.095159211681960246e-07 6.386194159925876109e-09 5.873958009062747163e-09 3.798326083096677725e-08 7.329817807454090721e-08 1.425193540747109472e-07
7.134736922689726601e-07 6.094539674076096566e-07 5.182241617086237904e-07 4.396165444989608763e-07 9.080537939562375465e-07 9.361581517778905504e-07 4.624436266723221596e-07 4.749125952385997040e-07 9.279665651234180978e-07 1.900442520417663925e-07 1.514274208343193383e-07 1.213495011701123808e-07 1.375264274938108617e-07 1.634810654371411615e-07 1.334309655981255966e-07 3.931585766567664550e-08 3.269182993085839914e-08 1.039030180138844580e-07 1.182736134785358129e-08 9.074485054862820115e-09 9.703898969739966638e-08 3.116778929181685993e-08 3.942844614207101378e-07 6.285620026874186356e-08 6.282177659190078668e-08
3.807664081121679695e-06 3.363624685573362896e-06 3.277837392320260925e-06 2.235000981972911626e-06 1.360076048777484393e-06 1.175474536691534818e-06 4.670105513809880987e-07 3.013539765787005911e-07 2.012983147319462179e-07 1.676307714963882174e-07 1.504012695078082106e-07 1.142789889451456701e-07 9.465990436658643412e-08 1.082092097229400299e-07 5.792387577091049955e-08 7.784176310693969998e-08 3.440251858551112009e-08 2.430649014303071810e-08 2.401587501044376534e-08 2.752941266797612816e-08 2.910115603165304925e-08 1.800268749021962864e-08 3.066551761101102781e-08 2.671325151505464891e-08 7.692040767754009008e-08
2.985948835210062353e-06 1.403289402553907947e-06 7.878837636597384811e-07 7.251262312787192834e-07 4.547138344011776319e-07 7.606626466959189869e-07 3.786820764397724786e-07 2.827327256006206103e-07 2.138684235453406090e-07 2.164517401402929766e-07 1.356003113053877631e-07 1.177266934572237700e-07 1.358248090386456224e-07 4.568692790542293448e-07 1.524574690949768321e-07 4.319128377238048623e-08 3.080891460384746588e-08 3.278762279247543679e-08 1.969913588341113622e-08 7.658536278060822992e-09 6.438593045226478756e-09 2.372487471063238549e-07 9.339468814638883968e-09 2.216981112526503505e-07 1.928054052803112321e-07
3.508428101459640123e-07 2.848906251453027278e-07 2.064904833040189413e-07 1.742362079339100552e-07 1.497592168052043168e-07 2.585346377264889476e-07 5.921701385874158789e-07 9.282713900000353104e-07 3.975853403738848813e-07 2.235611093585027750e-07 1.616486180575506058e-07 1.190909999812462711e-07 1.044616829161934361e-07 6.845426771769046148e-08 5.444371882544368260e-08 5.046910927931197159e-08 8.925395993589413799e-08 1.988553327966077023e-07 1.684960664014345398e-07 2.267879009358273782e-08 5.881018050968624179e-09 1.395147438850388124e-08 1.304574488664879428e-07 1.210112018659749187e-07 7.773310063575144846e-08
6.457360467071427172e-07 4.320980360823575236e-07 3.219019067842940864e-07 2.949486491585163400e-07 2.429698576018966048e-07 2.174728762394647951e-07 1.689357946808136025e-07 1.349237299193341120e-07 1.241474209650241287e-07 1.093940208358167618e-07 9.629400896836283777e-08 8.907475838688206457e-08 7.981421413266064379e-08 6.318693528148528534e-08 4.780211390901526455e-08 3.833394968043022675e-08 3.131747300939858859e-08 3.399677540192402987e-08 1.585912037771250705e-08 1.137656835191726614e-08 3.287306833734243965e-08 5.111687118992784093e-09 2.185585068454462509e-09 4.648568696242283712e-09 1.056720821499632405e-07
5.045413887903852855e-07 4.303626978550349599e-07 3.640254171755455760e-07 3.400523162273009354e-07 3.113353717910963976e-07 2.960489826495829701e-07 2.617494451489264144e-07 2.432338079158847954e-07 2.316463590369431439e-07 2.525862853208269480e-07 1.877083201268848987e-07 1.215166500719344482e-07 1.018958365843590988e-07 9.001350104054679648e-08 7.477165174557639371e-08 7.650135879533522394e-08 1.641305708052770066e-07 3.715159320566246499e-08 2.495413765345311644e-08 8.300598641789609018e-08 4.220122585612563030e-07 5.570341527676480193e-08 1.472418356506134741e-08 4.542229748969022125e-08 2.545141393014183682e-07
5.643429886074347715e-07 5.087246749380222120e-07 6.487185494822906924e-07 4.113209359857690132e-07 4.577200508016786421e-07 3.234709108497510657e-07 2.835111349921649618e-07 2.556096354177979391e-07 9.716010591188104213e-07 2.950201483863587909e-07 1.591618531249918897e-07 1.415301340223726618e-07 1.464972131961826475e-07 1.505928109356711893e-07 6.322359687431362969e-08 7.056450432354853110e-08 3.072497500245183693e-08 2.314376118426061770e-08 1.291397917377958460e-08 1.286566902973993019e-08 1.500099178304089542e-08 8.843311346800867395e-08 1.106950699787475715e-08 1.298603637398747489e-07 1.660809141607877603e-07
2.388085908957798782e-06 3.260180875503284860e-06 2.445710735255666539e-06 1.964540787398823171e-06 1.101767368386222228e-06 8.560538210978191065e-07 5.150466937539804663e-07 2.882725101359300202e-07 2.000179911363558984e-07 1.658970710667712227e-07 1.268611406688802845e-07 9.721190294261996593e-08 7.731139803078359701e-08 6.501259524407456984e-08 5.223179632951109147e-08 4.102864609789239443e-08 3.373312611875011045e-08 2.330765343042062055e-08 1.606225380348401195e-08 3.779531751741014242e-08 2.367001704660117691e-08 1.603199078450474250e-07 1.498985460932334776e-07 2.409141165067625670e-08 1.422225435654849915e-07
8.825106951560601683e-07 1.172272413331789548e-06 1.542429099715048527e-06 9.659503439215325827e-07 4.746983961541396020e-07 3.502163129824955228e-07 3.777828035766426552e-07 2.795529410407469563e-07 2.859336527966172612e-07 5.401923061458763010e-07 1.870215780316020812e-07 9.838753783060432298e-07 8.252038625672626080e-07 1.107584052442489433e-07 2.625111544981155025e-07 8.096505195856002554e-08 1.112383015346527151e-07 4.693257363436187394e-08 2.000621230244841205e-08 1.009109163990526492e-07 2.107212248881420138e-08 5.777984259539857096e-08 5.585776993146910776e-08 5.385486128042423872e-07 1.196328584530942133e-07
1.374522843950511672e-06 1.072010181170166004e-06 9.861488462681722413e-07 6.836773148645414249e-07 3.297021305132160368e-07 3.590574932553630681e-07 3.346214637506439606e-07 2.608620755330129828e-07 1.863534450567964186e-07 1.513835761963845604e-07 1.416349733211719099e-07 4.998530648337540811e-07 1.121074821181795595e-07 3.319096283600741685e-07 6.993671269836831568e-08 3.054804840501678707e-07 1.683985566602924924e-07 9.145334336600663423e-08 1.216464292046914051e-08 7.821732847604498713e-09 6.212957413166084521e-09 7.519918695006700472e-09 2.525242682521943701e-08 8.056623323579375597e-08 2.795001314176393026e-08
1.747133818786326977e-06 1.293064899539402435e-06 1.102355828562491802e-06 1.033523815717954895e-06 1.183490087756076977e-06 1.032266509458909117e-06 7.188772761161984754e-07 3.799787320893569976e-07 3.639096491609822428e-07 2.211610021345515392e-07 3.788056072547562641e-07 2.586613286642943383e-07 1.085582862259440305e-07 8.375285532738965487e-08 6.447781378591139389e-08 3.869419663402855809e-08 1.020040297164089564e-07 7.228821595696489752e-08 1.020025797822011928e-08 6.711563579309717941e-09 4.255067135177088644e-09 3.329014609317424213e-08 1.108805648818339365e-07 4.406042885753408082e-08 5.211474954582293630e-07
1.866533465569089245e-06 1.207462602496343469e-06 1.704673524032562755e-06 1.238558501913545372e-06 9.351213493634592916e-07 1.367545992697560861e-06 1.222718671462999885e-06 7.432428601032530800e-07 3.336319363281344083e-07 3.869324211116551208e-07 2.962378533546524352e-07 4.912226892439825341e-07 1.812165219873641615e-07 1.167498034468106439e-07 2.095195935061074985e-07 7.799423849890234627e-08 1.552745192865361000e-07 2.040007381408077899e-08 1.814270886219920316e-08 1.409691413313172138e-08 1.620868626110538726e-07 1.681734699185059584e-08 4.825361272331756349e-08 5.289963697887789075e-09 8.896525679230254048e-08
3.836973954244607051e-07 3.873387641515793940e-07 3.546078246207055500e-07 3.788912987930993653e-07 3.449228535335916018e-07 2.894260156296219982e-07 6.187376132264513638e-07 5.026662396877068997e-07 2.465589828652007108e-07 1.681658800054956688e-07 1.364448418523598125e-07 9.989575267694573738e-08 8.635111111228358325e-08 7.767027117275617829e-08 1.592409242806194795e-07 2.498822313647698729e-07 5.486687642207906971e-08 2.111702455163162052e-08 3.532264863994822632e-08 1.780526236743670563e-08 1.634050340072222900e-08 8.719600827411353136e-08 2.787256580892174847e-07 1.508283305604623898e-07 4.942804893637174199e-08
9.226555996859296643e-07 7.737080061863295970e-07 9.319561231703127098e-07 6.000359334603985999e-07 4.077340832467490620e-07 5.010623937655195918e-07 3.137331631787522513e-07 2.582880171797883268e-07 2.171681639323669227e-07 3.912402937200546142e-07 1.481006984952128629e-07 1.220252614629498572e-07 9.491988960565079187e-08 7.881255627396899162e-08 1.098503545074426103e-07 1.823949430314666302e-07 2.759417030866028834e-08 1.775174172671019249e-08 1.135801953280999604e-08 5.449213622410948218e-09 5.525039643666355052e-09 1.394648361990021050e-07 1.011093940711771005e-07 2.288490922881619085e-07 1.210935248973597070e-07
1.435936077381727881e-06 1.710120878916351237e-06 2.129755725578550328e-06 2.184168450350300102e-06 3.018939530453895358e-06 3.048423679341489731e-06 7.863477328550762947e-07 3.066481437578007228e-07 2.568739824214605017e-07 1.606264900892961746e-07 1.136719679158017653e-07 8.633813886384157452e-08 2.378168136195731561e-07 6.352748707260805408e-07 8.305030627236978781e-08 4.100514594070050297e-08 1.439327157213223996e-07 4.207956687391121931e-08 2.104274499657540940e-08 1.850808168715200302e-08 1.585144050333557861e-07 8.508193276900121353e-08 5.966900877099911983e-08 1.715964461684412366e-07 5.989924840140576267e-08
2.052313742581137348e-06 1.593638754040870241e-06 8.179728084492029397e-07 1.165720471596136865e-06 1.034449627146239311e-06 5.092258889724459430e-07 3.326909718292701089e-07 2.483641975444154049e-07 2.110439672360734886e-07 1.697184969326533246e-07 1.879412535149179128e-07 2.154692503285720366e-07 1.078414842544435901e-07 9.459237639916033736e-08 6.120482956624511145e-08 2.966587333829516628e-07 3.403034810986571809e-08 2.547626544774790023e-08 1.647458451770022104e-08 1.139120826586048045e-08 1.482343686331823147e-07 3.858518937890436179e-08 7.599168266688741702e-08 1.497538361262637532e-07 1.762434571328382601e-07
2.864955672167307877e-07 3.154398644318910956e-07 2.579751784026570856e-07 2.133530043959621008e-07 1.873935605274344551e-07 1.516066736052079994e-07 1.390099909744826485e-07 1.424323558995301751e-07 1.325341399196526706e-07 1.289999376045969375e-07 1.314993418752515832e-07 2.505962148753895042e-07 1.945421029129006598e-07 1.898441917371625505e-07 4.881545461094152827e-08 6.657158429147431592e-08 2.343735911243856668e-08 8.624127720770561768e-08 4.663675467994734420e-08 3.251976263809115018e-07 4.661253985398751245e-07 1.706800368645063985e-08 3.117247934604025588e-08 4.791766918559108260e-08 7.588174905379133375e-09
6.739542760009941748e-07 5.230090182701721773e-07 5.781721646852475996e-07 3.771540797373070673e-07 3.214695215489024850e-07 2.885822935117959550e-07 2.694580644724682518e-07 2.314439233549100637e-07 1.829921773712957098e-07 4.269777330150289166e-07 1.466367939241530554e-07 5.191223815167464391e-07 8.008986134000162885e-08 6.127448214190272630e-08 5.939963933920263200e-08 3.185754326215232605e-08 4.058056053769254106e-08 1.081609526377751081e-07 3.279968314080718117e-08 2.191148240543863482e-08 1.197626633037503628e-08 1.239085239922657373e-07 9.219549865323470005e-08 2.255582736703248526e-07 3.404874749729794498e-08
7.360033335066461332e-07 4.948980118321250639e-07 5.308222518668174109e-07 3.955200689477634479e-07 3.210176352428953226e-07 2.838481053222496072e-07 2.507490248129844448e-07 2.493312263566222289e-07 1.913192229525272798e-07 1.524002176580875125e-07 1.193313513028023947e-07 9.714389129815664419e-08 7.605667763878621488e-08 6.376117061270991709e-08 5.059888266560950545e-08 7.402671571256481603e-08 9.119968086969781511e-08 2.823802166803607331e-08 1.098081963179503398e-08 9.656435533134841748e-08 6.374606687002873708e-09 1.592595807578735940e-08 3.046925023431991229e-08 1.073925248220507408e-08 8.586392072611237139e-08
5.210807748266233773e-07 4.555524089469918608e-07 3.972951822893738081e-07 3.013923099879710628e-07 2.972533077761273132e-07 3.088967744678468600e-07 2.915268272315390451e-07 2.186599735732416787e-07 2.043894540842928780e-07 1.831297539635375415e-07 9.238382300152014134e-07 2.154865618678951287e-07 1.231607192106062322e-07 8.744720870410897750e-08 5.948692842524077342e-08 7.577694308418371534e-08 6.454684086701410127e-08 3.502270010580242123e-08 4.820406070208729817e-08 1.254201920528976897e-08 2.121852290451357527e-08 1.036711282767017386e-07 1.155445949345690937e-07 1.276792528991536396e-07 1.244199815042117762e-07
1.831939931344531385e-06 1.069001266956227555e-06 7.716466930508829888e-07 6.279587693666485882e-07 4.559133545885533272e-07 3.411233242816883380e-07 2.802911528135155628e-07 2.961991758243825356e-07 1.364743426658308094e-06 2.414236650749471238e-07 1.692957375289082386e-07 2.325549247175668953e-07 7.938720003274438823e-07 1.166272436693063212e-07 6.674601379970261403e-08 4.185301240792317425e-08 2.004907600127038743e-07 4.076608674923305095e-08 1.125023209581874695e-08 6.937433576801402507e-09 4.911883661074732989e-09 2.172439590752070990e-09 1.394370643181772332e-07 1.088448567017379547e-08 1.636610390122896355e-07
5.316446145011366370e-07 4.389913549095115569e-07 3.368554921017766921e-07 2.820472365193701035e-07 2.322091894583614328e-07 2.079559480946705525e-07 1.881544020847119050e-07 1.594852037825752722e-07 1.484610440103249305e-07 1.377337369365578741e-07 9.256623332924405712e-08 7.981370426437352879e-08 6.788446170681129387e-08 5.232034761862562547e-08 4.250662317456862031e-08 3.604997811479553131e-08 4.645808168810506279e-08 2.364619014020125057e-08 2.044602515739999795e-08 2.551903476708001777e-08 1.075736823140301650e-07 1.487025470393367918e-08 6.382284952543531926e-09 1.426174184399045429e-07 1.469446270444400238e-08
6.450293324034187757e-07 4.231527872625778568e-07 3.147439801003806663e-07 2.434723137009396908e-07 2.027883837414856429e-07 1.771108720723825809e-07 1.543893525566404068e-07 1.414446758134177492e-07 1.359137420525820310e-07 2.475537321168298796e-07 1.083690841591025092e-06 1.861846818154043434e-07 9.043572442197320077e-08 6.297430429550637906e-08 5.106879849027861860e-08 3.844240848775621873e-08 2.703426691096254504e-08 1.986334404199832649e-08 1.321569481480881533e-08 8.704028971041223049e-09 3.406895142659339340e-08 3.730978859377785150e-08 7.249686032078915056e-08 7.314751321379177222e-08 1.096142292355276372e-07
8.301675823969336600e-07 7.642057795205176542e-07 5.001147331602776517e-07 4.519759869951948376e-07 3.394292605618263445e-07 3.563429859167702304e-07 6.555639926901742548e-07 4.674867222674543389e-07 4.622207747312493346e-07 2.855116909390324875e-07 1.829558173474329155e-07 1.121829431458277840e-07 6.748964749586778546e-08 4.794196033642309734e-08 1.048636894041101037e-07 3.596724372813196959e-08 2.424746597428472325e-08 3.121406323721726227e-08 1.344557261014773050e-08 6.317600537957004949e-08 1.033155798533840317e-08 4.286454512022042935e-08 2.388097239978734017e-08 4.757303054711188817e-09 2.352462932572233044e-07
5.304488615377463173e-07 4.860041803267119434e-07 4.743838431729124134e-07 4.721443595821460787e-07 4.218405648569706077e-07 3.367480820397725100e-07 2.862991238008019000e-07 2.304865797024421990e-07 2.098454240677371853e-07 1.882610119190574369e-07 2.424188046273195611e-07 7.433593506022046170e-07 1.636385646617449206e-07 7.688780588603309772e-08 5.760512590511921973e-08 4.042060086898852430e-08 3.037580742566485508e-08 2.343198337805827886e-08 1.763939867713256519e-08 4.357247276654898130e-08 1.075953658026559569e-07 8.466233597690803749e-08 2.548966553959863960e-07 2.518736012438801395e-07 3.384024042745240645e-07
1.450747336335048238e-06 1.414634546705347981e-06 1.107692937120721148e-06 8.196531914244278734e-07 7.528771701276343195e-07 1.354578577375697887e-06 7.042878372787561118e-07 2.864694354716149340e-07 2.110134408464096299e-07 1.622410434979608499e-07 1.414338502207142135e-07 1.026107094365665329e-07 7.709398576048010367e-08 9.256674782656683766e-08 3.106084145233190479e-07 3.853575236837316842e-08 2.194303761775811399e-08 1.314225092083702049e-08 8.709279744086318152e-09 5.948787334439798039e-09 4.394910146572714569e-09 1.462732344739369344e-07 1.016348416357387112e-08 8.871650903976142581e-09 2.275813814549505385e-07
3.076818575669158951e-07 2.680637470935072157e-07 2.821010347594099931e-07 2.601238819812993944e-07 2.197476824593564506e-07 2.063771449093456558e-07 1.735686775035638171e-07 1.479343694587776296e-07 1.212416818276503739e-07 1.007468180942165305e-07 8.544233169024366928e-08 7.539427573347892782e-08 6.722969535306558609e-08 2.170238170700296892e-07 3.185541472563128436e-08 4.332976110656468384e-08 1.526998224036768580e-08 1.126526165512081393e-08 7.995480144237904342e-09 4.564415505076565054e-09 8.411532035330268852e-08 1.839503117476805677e-08 1.105793362325708968e-07 5.679573042494636561e-08 2.419126919954628926e-08
3.849139595524705546e-07 4.079904564873105506e-07 4.210866519970447009e-07 4.037863620031013876e-07 5.479157843487577211e-07 8.947576697213124670e-07 9.236153479724154398e-07 3.383443386660186289e-07 2.494950446000056077e-07 2.107919858018974444e-07 4.449144334228615238e-07 1.052485001836866958e-07 8.040090903076597757e-08 6.253952138524379186e-08 4.674285348422822173e-08 4.987006215976764150e-08 2.593537080176224481e-08 1.409851272759295147e-08 9.976399037870044938e-09 3.989087233820236546e-07 4.089558817015153714e-09 3.381875696257451700e-09 1.772029083200997651e-08 3.234065134956181803e-08 4.516346088838948298e-08
3.176944668222997792e-07 2.873648404890372064e-07 2.598091602292219042e-07 2.285418657498779995e-07 1.986254593602127955e-07 1.716350355169634604e-07 1.538760199271655301e-07 1.291199539623211151e-07 1.150606485105045809e-07 1.249575739009836645e-07 2.058703505893863586e-07 5.083503638413473601e-07 9.210259706583445281e-07 4.307484664781566598e-08 3.441186643616509851e-08 2.823611658868027118e-08 2.401418279480534004e-08 4.181632898065866209e-08 1.200399833184243905e-08 7.266964359703286884e-09 4.855470945800265765e-09 9.433142431494088102e-08 3.943779009315053931e-07 3.562803570671957153e-08 2.653903114105973544e-08
2.304500847213795164e-07 2.226068170313283877e-07 1.911593815666267701e-07 1.770617487086951160e-07 1.647687842122177474e-07 1.542045697030719108e-07 1.456281017995694639e-07 1.353504821819589882e-07 1.232900991746930835e-07 1.023607780444215721e-07 8.974210681515852624e-08 7.070943285869421541e-08 5.385298163425290724e-08 8.635441846911272150e-08 2.186327680218211323e-07 3.605713799413476091e-08 2.575162466183432566e-08 1.807921340384118307e-08 1.229097852652105200e-08 8.624566013102402033e-09 1.004794439953166244e-08 1.295476702128947271e-08 1.376324287515756448e-08 7.252440026879675048e-08 3.739873954269820718e-08
