4.629911784832014098e-07 5.770765896280458578e-07 5.109634292063389881e-07 3.790493467278453591e-07 4.630418702538447129e-07 2.112858157561743641e-07 1.588338866199479286e-07 1.733128639718969766e-07 9.084131463587474076e-08 1.959004459666348730e-07
2.158862373716789749e-06 2.097759833334742274e-06 1.824500708799692580e-06 5.849856678505133041e-07 3.911168822887511392e-07 2.873971407445149557e-07 2.108681056651330351e-07 1.526249039195816077e-07 9.963258472999204153e-08 1.103419548279119476e-07
6.529264940895402746e-07 4.449455491222983470e-07 4.288188889105555882e-07 2.732061549026286637e-07 3.385790833258422066e-07 1.776106388342987318e-07 1.270742731869417873e-07 9.183767877140542673e-08 6.633302330185000427e-08 6.267519907103659445e-08
4.492514357240230576e-07 3.957558589000815633e-07 3.746361588373216197e-07 4.658872709320193576e-07 2.694024301961185053e-07 1.817426188222614213e-07 1.397234302873078165e-07 1.452892588414977005e-07 7.538783048264841796e-08 7.312662433008872916e-08
2.036774200034933897e-06 4.613365156282989024e-07 3.407159526601221867e-07 2.272047116573271992e-07 1.975940406164321997e-07 1.664780408671195690e-07 1.338045299187320212e-07 1.237914672545614055e-07 1.146996989771345124e-07 1.038532456740769843e-07
2.241257882590256537e-06 1.962407182799806257e-06 1.286594200856159539e-06 7.036454118760799377e-07 7.141533620141793237e-07 1.095458040164722260e-06 2.335555824201737337e-07 5.409369468794205865e-07 1.148952788044278651e-07 1.082225144732610639e-07
5.412951888445266010e-07 4.981929625838896030e-07 4.067988264187433828e-07 3.653770543590459512e-07 2.839819859262010735e-07 2.778245704083372626e-07 3.060024986865891006e-07 2.946597801450539311e-07 9.696498986278484330e-08 4.412626980461169488e-08
1.550762326010939395e-06 7.430860655360728439e-07 5.319643879637455499e-07 3.870651829098095539e-07 2.984211644556977255e-07 2.357085963849502166e-07 1.715389632286444042e-07 1.164406610812453933e-07 1.336452070315410583e-07 7.665712646740867863e-08
2.048661665162808766e-06 1.625975492008442388e-06 2.373988412846877042e-06 6.962450362473620989e-07 3.240130497830792037e-07 4.652591475916433034e-07 2.138192871697258407e-07 1.250831310678922926e-07 1.372096630979611777e-07 6.491768647035206049e-08
7.578082533537075617e-07 7.273991742521916556e-07 7.222480899402113378e-07 3.194889207672989407e-07 2.349653801428843620e-07 2.659695078407214967e-07 1.650064857035892422e-07 2.371614216175423739e-07 2.364158481831337332e-07 4.702554442997272874e-07
1.030327370916539707e-06 6.769257895028289181e-07 1.273773273302682053e-06 4.082991087763522468e-07 3.031917617421602489e-07 2.384233682731432192e-07 1.701645277698124675e-07 1.195374257308797958e-07 2.067273218731755557e-07 6.118002745237042722e-08
5.427105587807906096e-07 7.641145870720373935e-07 5.584548379613914986e-07 3.905719309897207782e-07 2.825860916361316423e-07 2.531944668369419859e-07 2.647553462725556695e-07 1.226940325187330192e-07 1.095416085875079913e-07 6.277848027320048699e-08
6.284203406602501924e-07 5.174869750620171010e-07 4.250653488283540642e-07 3.508515332847778741e-07 2.974725989765891020e-07 2.259946222936998451e-07 2.670642206811723213e-07 2.376244541183903409e-07 2.410386956926594165e-07 4.635981150798759085e-08
3.746289523299364559e-06 3.160623959804093938e-06 8.374885924234862368e-07 1.148744477128814642e-06 2.425009286258441490e-07 2.373176640048625316e-07 2.964404398955016851e-07 2.822471442525805586e-07 9.351966648017968137e-08 7.837157428219187035e-08
2.420021112746220831e-06 8.387881966340955110e-07 5.247586758416559355e-07 4.072503407788615781e-07 2.941346711351142529e-07 2.224238188117804504e-07 2.082796842735153310e-07 2.515843221762282105e-07 1.429894790152613380e-07 9.221838446442095424e-08
1.076999582269640433e-06 6.947354979523360931e-07 4.017729230352743619e-07 5.158794522177212513e-07 3.341378507712180813e-07 2.753730228552944970e-07 2.897342157898633895e-07 1.538934571901027845e-07 1.849346701590064562e-07 2.203891729792228587e-07
7.986722571897766985e-07 8.234689592059157049e-07 4.997518168209577607e-07 3.740926972143826355e-07 2.327716191287927980e-07 2.671649643957263009e-07 4.352983250006360148e-07 2.721145965736110977e-07 1.757591602954088586e-07 6.859395499014867020e-08
1.599639844318838884e-06 7.885835976403804758e-07 5.362342908627313554e-07 3.943283206719521950e-07 2.999917590745602371e-07 2.940842176210640862e-07 1.895791613350363465e-07 1.065683637635868198e-07 7.011261339440818601e-08 6.955473880313770707e-08
5.107794181356950271e-07 4.080279506998655882e-07 3.595425028869060428e-07 2.707755345245392800e-07 2.119146987708111705e-07 2.972391392524349628e-07 2.017696773467310104e-07 1.427954937417984647e-07 2.051388863171951559e-07 1.292585731413605005e-07
1.220360679591237234e-06 5.336136064023534379e-07 4.223875733703214774e-07 2.659015607447036510e-07 2.442151752359826045e-07 1.547670640016607384e-06 2.250190860107224105e-07 9.979310538860038193e-08 6.114476360332103488e-07 3.179250606377400683e-07
5.276391836126325465e-07 4.399033675000583938e-07 3.449340807566817254e-07 2.848965774898183887e-07 2.138242641872732945e-07 1.905096856062490342e-07 2.087058009132096250e-07 1.347116730193319923e-07 5.780667952001082729e-08 8.806960957053206964e-08
5.258752159728665750e-07 4.547327175939317258e-07 6.812599180584756812e-07 2.571144896034470064e-07 1.875012562141275284e-07 1.551366384514636956e-07 1.183074916834264783e-07 9.353021550492967082e-08 1.674552964681069628e-07 3.215755791222683608e-07
5.568031826723309310e-07 3.753102834779450220e-07 2.640892548851388666e-07 2.243155672921470627e-07 1.834105465640891297e-07 1.334380010534690711e-07 1.087050494479650063e-07 1.971330085142397887e-07 8.370267173880802685e-08 6.697759319876743667e-08
1.596479650071766733e-06 9.460535096561202455e-07 5.348951928574885975e-07 7.333639107417174161e-07 3.245148835794488503e-07 4.218218351217890844e-07 1.444242816397310934e-07 9.521358259239807526e-08 5.993822382109753168e-08 4.296207228947745467e-08
9.117237300562143923e-07 9.043363047430665846e-07 4.736920715270920300e-07 4.143794485685586814e-07 6.974298843760561274e-07 2.023163663119216835e-07 1.381694919190073012e-07 2.312796833700364597e-07 6.642744635877622981e-08 9.837140239728335071e-08
2.138711138600105813e-06 1.869023999318223652e-06 2.386021317429827968e-06 1.148345709569894972e-06 7.599828292229737984e-07 2.259285650258369612e-07 1.640628881456839979e-07 2.451715198262769034e-07 7.842276877173323267e-08 1.064627416229799266e-07
3.660918657964660929e-07 3.534011304470793397e-07 2.853305775751364332e-07 2.459051357312317815e-07 2.025144870683577583e-07 4.107778905502446715e-07 1.282152628963402284e-07 1.229856663126659002e-07 1.602312531360751202e-07 2.526265945631395707e-07
1.082221967556700917e-06 1.326418866071127002e-06 6.926939931713885107e-07 5.349233641951901684e-07 2.607234890892779858e-07 2.010819281456222257e-07 1.537565899561861752e-07 9.717084836550891272e-08 1.956712888191010744e-07 6.233196598392663759e-08
7.084479380205347310e-07 8.263268523797841931e-07 3.282112273491071202e-07 2.801511708186373717e-07 3.653047468874921439e-07 4.077913599517869748e-07 2.416694922729751373e-07 5.734917446756985197e-07 3.807093464585357099e-07 1.685144291511674990e-07
1.836849720149021554e-06 3.965877813730654744e-07 3.505524709954376051e-07 3.344730477054951630e-07 2.569515110811750947e-07 1.842044648202271754e-07 5.969727479474923156e-07 5.465317796141914836e-07 1.485936015206086266e-07 2.881997671092183887e-07
3.449165593132461940e-06 8.084268689127161315e-07 4.138353467671145523e-07 3.131027137816223755e-07 2.188406787744419232e-07 1.749311378884736774e-07 1.208245558032207756e-07 8.234499709756594287e-08 5.122830742107367937e-08 3.834988699233213135e-08
3.362538435363960819e-07 3.906638110554154227e-07 2.525675255665578520e-07 2.460344084261764109e-07 2.503391035784383553e-07 1.779914331253624159e-07 1.930520948632322644e-07 7.573588908099687943e-07 8.559502023729050935e-08 3.039743223631092563e-08
2.386433746616662272e-07 1.705905508268563355e-07 2.318440852589311017e-07 1.676952485195445923e-07 1.273472931101837526e-07 4.341191249558506588e-07 6.718766021395247631e-07 4.303216138407157550e-07 8.686215720685202439e-07 1.903140527311940145e-07
8.028599408600780203e-07 9.085329224557991839e-07 6.252975100488817829e-07 3.511112435344969882e-07 3.143037902975753128e-07 2.547455443581475633e-07 1.827479897296664502e-07 9.703575071399403756e-08 6.077827217104987046e-08 3.344074385405673862e-08
3.159072871245298958e-06 2.027208821198709658e-06 6.279425093372592895e-07 5.865745798815691586e-07 7.292559768818904916e-07 2.022889504212727062e-07 1.408058249731627644e-07 1.412395268986319848e-07 1.292802795426374002e-07 9.007107639866038186e-08
3.225087577544212615e-07 3.385455628624228664e-07 2.889348283113628239e-07 2.716839703680154965e-07 8.421681189486142525e-07 2.356120680108622058e-06 1.882504444241287767e-07 4.244013234569239263e-07 6.332951916160508596e-08 7.937366462269389419e-08
6.145908301614014857e-07 4.783687432052384731e-07 4.560876528514003640e-07 3.250910619014000667e-07 2.854422936697233287e-07 2.245677488514719710e-07 1.280168898135774439e-07 8.547035413827705402e-08 1.092190927095701371e-07 3.607739831887493441e-07
4.301999928968463179e-07 3.858025736019614770e-07 3.242724990807263068e-07 1.180838995949692373e-06 1.438658508420693452e-06 3.091502525660208200e-07 1.460177093694904963e-07 1.540300877606142601e-07 5.021532168860085722e-08 1.351779891459609633e-07
1.435856938115193679e-06 9.818552719527853582e-07 5.343241030941169977e-07 4.458386499526575290e-07 3.010195742797259287e-07 3.623428537711936143e-07 1.482884047051219411e-07 9.114572515485650503e-08 5.056811092634329097e-08 4.610775983613337786e-08
5.371954265340841813e-07 4.438765813708851421e-07 5.008449201650277833e-07 4.658798158235772854e-07 3.493456415177085011e-07 2.350987187135323119e-07 3.453124609460957696e-07 1.527204976903671991e-07 1.264005911315409279e-07 2.842011454445301118e-08
2.359332734908941694e-06 1.301985679101267047e-06 5.261169358571664801e-07 1.333355246718674087e-06 5.284994189136129206e-07 2.281274857870359634e-07 1.699711100180222232e-07 8.147940925260129128e-08 4.559465177457771940e-08 3.410082060239505297e-08
8.249802540478678314e-07 4.755692834869453274e-07 3.320268528762823234e-07 4.681123779440127559e-06 6.463411894758020981e-07 1.580193328371072236e-07 3.302359098957150085e-07 1.134626354584401063e-07 7.969538821609613527e-08 3.034490124100845132e-08
9.662783879554470429e-07 4.962880621358914181e-07 4.428954859328827628e-07 3.113756276108171026e-07 2.204379537533196240e-07 1.846168421669375420e-07 1.330584732712084036e-07 7.297892000054347307e-08 6.279466968995182987e-08 9.362035425420824678e-08
1.039800418197734985e-06 7.012506199357992256e-07 3.733643474359973408e-07 3.091556366410417298e-07 2.496025823348777654e-07 1.935190705920964546e-07 1.320703735535456335e-07 8.321183776463116868e-08 5.419597328987164072e-08 4.797361546131026748e-07
1.087445557259646875e-06 3.983908044225603463e-07 3.392677706432192480e-07 2.304371081835711331e-07 1.794072173664611609e-07 1.379936830425165272e-07 1.857712755183379157e-07 2.591385214296184574e-07 5.485004061471813830e-08 3.185718964359030686e-08
9.233589864550149873e-07 1.619720318100960970e-06 3.729903621507142098e-07 2.042173300495672175e-07 1.595563740269159637e-07 1.404813638070615607e-07 3.526230482482161057e-07 1.575217689733201911e-07 6.836315518327227516e-08 1.859571111921469701e-07
1.724363109332197711e-06 6.165889863264807154e-07 3.750876402149054617e-07 3.507763916804454483e-07 5.452164801068769736e-07 2.275905916683270890e-07 2.521677584332599275e-07 7.534462929911398366e-08 5.188444456225778288e-08 7.483309182876839404e-08
1.003812690472943709e-06 1.198749921854513296e-06 6.990609448102591152e-07 8.238009752938867579e-07 2.835825064275046095e-07 1.990324023961332823e-07 1.375906509819009530e-07 1.049176500759115518e-06 1.163286685665810885e-07 7.945581832943845164e-08
8.397336615226518416e-07 5.376219017131386175e-07 3.602269800786032749e-07 2.807413483387117773e-07 2.127874208513168161e-07 1.241637894395305330e-06 1.371637326037727119e-07 2.117108534680419567e-07 3.302828057094652420e-07 3.250521207139542143e-08
2.052084991314091770e-06 1.835100524327142768e-06 7.725925674147379889e-07 4.189542092087384033e-07 3.097931001774581063e-07 2.023159353900076905e-07 1.351261842079846463e-07 8.346234138680999913e-08 6.087067656935609735e-08 9.076913237826713922e-08
5.054482190046641483e-07 4.342439343879793976e-07 3.572122845683069429e-07 5.601638402413397651e-07 5.604869158276330779e-07 1.806783298996177326e-07 1.201095200926237020e-07 9.773952152986783596e-08 4.164094578805919129e-07 2.992796127942693451e-07
1.610293409054354296e-06 6.059740701893162705e-07 5.351529638784589540e-07 5.287748569079386153e-07 3.452104556549313424e-07 2.003158256590047147e-07 1.442348078319603753e-07 2.623446020674195575e-07 8.011813103941670654e-08 4.425354858544518682e-08
6.241339418973246483e-07 6.774094439897286903e-07 5.166133995314635832e-07 3.287799824949601004e-07 2.469081748461709049e-07 1.929332104169407636e-07 1.328028061023088869e-07 8.908495078255051001e-08 6.036738953697970875e-08 2.688638206680114355e-08
9.502768600818753179e-07 1.010678009917113779e-06 8.574593464135958780e-07 3.632659186434442494e-07 2.925199129646530275e-07 1.782706335814107876e-07 1.273849476333777191e-07 2.141537825435220930e-07 4.787113376310695583e-08 3.187674551390108595e-08
4.347659283177169436e-07 3.710920765121501961e-07 3.310018559991805969e-07 2.579504298644733273e-07 2.350263851466820686e-07 1.847155941747651655e-07 1.232294182486723616e-07 8.248694103739987996e-08 5.239546580271466772e-08 5.282568895798493852e-08
4.186706877226792794e-07 3.402932519365818255e-07 2.708152595472515163e-07 2.663903679984291277e-07 2.444578358346630780e-07 1.979575045058497228e-07 1.660691904262291536e-07 2.398681094132719932e-07 3.725527176181446271e-07 5.780388030553362576e-08
8.430918556496682553e-07 4.730424012666663870e-07 3.452215991138549333e-07 2.584346734610269863e-07 1.957278770891182898e-07 2.421507516680378975e-07 1.357080785525968353e-07 1.707121167962752631e-07 7.432479035056397902e-08 7.550523271964393799e-08
3.187365312417018805e-07 3.307667461674838163e-07 2.777702769023350141e-07 2.320025103502817525e-07 1.898594081240140713e-07 1.608080348160406576e-07 1.765059293984041566e-07 4.698582990600965347e-07 5.790264637615160757e-08 7.365387188070713205e-07
3.539827704166673522e-07 3.303637164751023500e-07 3.404504932778687311e-07 3.131918002604383638e-07 1.830768266626834224e-07 1.554786969746897273e-07 2.221814985805707314e-07 1.020223291467371697e-07 1.579754257473284773e-07 4.118774547563081039e-08
1.646083292146311135e-06 3.383464317590746963e-07 2.885240907551794294e-07 2.861326820871920593e-07 2.723432128717788232e-07 2.343785480711322242e-07 1.219688571477799152e-07 9.495266612513961139e-08 6.514975595887081907e-08 8.592726656125027558e-08
1.834617320928685354e-06 9.667015799120290719e-07 9.817279929134832763e-07 7.968136709581915936e-07 2.156825874666643291e-07 4.729536583902409344e-07 2.863662093351104292e-07 1.297546654326208595e-06 4.776233888629770514e-08 1.991629455811714475e-08
1.397194981395948988e-06 4.076728785993945085e-07 3.153496722306310866e-07 2.739796620426508754e-07 2.163496663612585274e-07 1.620651324512162159e-07 2.289096136039079178e-07 1.433065288848319075e-07 6.365154777943474605e-08 3.224795521462091786e-08
4.009619381858187006e-07 3.842952421358560037e-07 3.745540734147089524e-07 2.813487104900105126e-07 1.891718641250572670e-06 1.806725316062080721e-07 1.325289365327296076e-07 8.694158012434439400e-08 7.664084149486572165e-08 3.648487475742102216e-08
5.858146978814448463e-07 3.994885590809870962e-07 3.150644566081701669e-07 3.182498966344698977e-07 2.432092177859054222e-07 4.238765068739484638e-07 1.220616937393406451e-07 7.319483469241721535e-08 5.410782006025702989e-08 4.201573061906441603e-08
2.787243772487891124e-06 1.960723724138221172e-06 1.244903905943293809e-06 1.959924215740843742e-06 2.409418587884910614e-07 1.823555169235718103e-07 1.278234469177962460e-07 3.720080933029653399e-07 1.023194240838909445e-07 8.083440429595606875e-08
5.599843365381454107e-07 4.836687801383473313e-07 2.776931628911103791e-06 6.583747425709737740e-07 1.189634315727261934e-06 2.008724484306413285e-07 1.282308785290300835e-07 1.744766869877481026e-07 8.721044778711402676e-08 8.766249124285460509e-08
3.851562707050406116e-06 5.317935723980035366e-06 1.358732885338192067e-06 8.133969068166628100e-07 2.436733411647703617e-07 1.641225481810908744e-07 1.152257877072928237e-07 1.083557090335438654e-07 6.912899050212893966e-08 3.228335594138688801e-08
3.065674127669180583e-06 8.385512062018182343e-07 5.198676648565045811e-07 7.338571616856824946e-07 2.504032303370500628e-07 2.004844575018172057e-07 1.166471018122374240e-07 4.500980699811984367e-07 1.322249153536683274e-07 2.478168371994116058e-08
3.872440723835096977e-07 2.008897573723363735e-07 1.468409309759291755e-07 7.328318520188252275e-07 7.780219175358014840e-07 2.103681425297948427e-07 1.251201798875557832e-07 7.965431271252727833e-08 5.010369119725423420e-08 8.521544655957536499e-08
5.446915571035058635e-07 3.134252062400489737e-07 2.475373902946860051e-07 1.742015350153279556e-07 1.300849021264075757e-07 1.067275653047830064e-07 8.682067956672738526e-08 6.829134693316194101e-08 4.239875070997566547e-08 2.975752280823238032e-08
5.149704659366992769e-07 3.278604774626072117e-07 2.939982100577220965e-07 2.527221688428051729e-07 2.337060645017257609e-07 2.624463992500184879e-07 1.244109618509186900e-07 9.173968795563778037e-08 8.269739340283444252e-08 1.395752043727011436e-07
4.045291753315971547e-07 6.511818521404252841e-07 3.810426733719742387e-07 2.962098619530511400e-07 1.254564332037518924e-06 2.795096837046901798e-07 1.405508729645100490e-07 1.604217329260104972e-07 7.240338661429854882e-08 2.752252204946282729e-08
3.439748032516281863e-06 4.184519409680838219e-06 1.324492325533264190e-06 6.787366170412673511e-07 4.246217639122909490e-07 1.552827420785227256e-07 9.538582149325644542e-08 6.851959229035256756e-08 4.713578486875133192e-08 2.968843768964394667e-08
1.068893779958674042e-06 1.381933269133575548e-06 6.355495026798505506e-07 3.855277990875700199e-07 2.702666920624980763e-07 4.632101412272655161e-07 1.298536497588891058e-06 3.966311213409949393e-07 2.080905349420556020e-07 9.905819042419449739e-08
1.423008969527521321e-06 8.311385446744470483e-07 3.504215898316504889e-07 3.240288161040889310e-07 2.145428914177088642e-07 1.476030922814362700e-07 5.743882206350544805e-07 4.314149513843327127e-07 1.652599228247764622e-07 2.927502753227433915e-07
7.833703890141990658e-07 2.033667291727551901e-06 2.348905769515962641e-06 3.772381653054669435e-07 2.334691301396520751e-07 2.262501919494906756e-06 1.288036052808449071e-07 9.775093214826482356e-08 1.424002160270377886e-07 1.844240145023350421e-07
1.068222011585650976e-06 4.738358589962942044e-07 3.185609366136117062e-07 2.599358803940819402e-07 2.868182002007319908e-07 2.203445554043959812e-07 1.051383692075281543e-07 8.480412057316222920e-08 3.336095938949703403e-07 4.931395165933964207e-07
2.738066510641340683e-06 6.336351731269619418e-07 3.275924808910214133e-07 2.507689762606658193e-07 1.777639867838101219e-06 1.818358617657490317e-07 3.671882207351763135e-07 1.268082981670864359e-07 1.502347391535972235e-07 6.188263030649633764e-08
1.384348592331986417e-06 1.063451285949106412e-06 1.254612230607864644e-06 8.490312033847709064e-07 3.854367006059234134e-07 2.047090533164833694e-07 3.821733987749972733e-07 9.293441484907298295e-08 5.414014707528843512e-08 1.029670646087834956e-07
1.477639851761917019e-06 1.543897974787687076e-06 1.237530162488678662e-06 1.533972204987742502e-06 4.796011552239815450e-07 3.547060590172894535e-07 6.518493981167631646e-07 1.608412002475755163e-07 1.559727740688791746e-07 1.405658007991053931e-07
3.679553742670040766e-07 3.546848685647751791e-07 3.772372010345988272e-07 5.813230555322822120e-07 3.861171185082012862e-07 1.645881507136533220e-07 1.018268784230227957e-07 7.911619441642232866e-08 2.543677597960584426e-07 4.658822331945726006e-08
6.674445346365440248e-07 9.153487638035040434e-07 4.319624868532931856e-07 3.801351955986543542e-07 2.370514245605022408e-07 5.039649510680093152e-07 1.202794846554625463e-07 8.387950108110619439e-08 3.188830999710154618e-07 2.539376837485723771e-08
9.799493929396180440e-07 2.517883932249880281e-05 1.981659182510400424e-06 1.235567905505138490e-06 3.692098251928209715e-07 1.559756704093088067e-07 1.396022866364790194e-07 8.289091675472968639e-08 5.923662745703579067e-08 4.971817050844933761e-08
3.488366787858100002e-07 2.744416757913938964e-07 2.088602189017997969e-07 1.625827785789555786e-07 1.344127138873554396e-07 1.150100101922771726e-07 1.287250658237632387e-07 1.344036782394996381e-07 1.265153828272720401e-07 6.271712951377945089e-08
1.554475031751024153e-06 2.041478685477501624e-06 5.703935729236126573e-06 1.417861094217845816e-05 2.960365682122644321e-07 1.575131450044416941e-07 8.858703679310578335e-08 7.856385049628858378e-07 5.002524347041052143e-08 2.361883916354530499e-07
4.589216922447236798e-07 2.545231709540632795e-07 2.096795789667950019e-07 1.285572182995551616e-07 1.110413245497825292e-07 9.233241650720991595e-08 9.199650440993055540e-08 1.356659896082935663e-07 1.346719065528175151e-07 6.339288811357948961e-08
1.002476268673531829e-06 1.062436796613198968e-06 2.258652575673366724e-06 7.302114352687243684e-07 3.305022266143743078e-07 1.298553930912255443e-07 1.507037732842734102e-07 1.670980148135726077e-07 1.031529376883103752e-07 1.102376952393879515e-07
1.012701047725421193e-06 4.340838448446650147e-07 3.372433511616261158e-07 2.964877333598062671e-07 2.156645162459610935e-07 1.621265969956340750e-07 2.271218670431222433e-07 1.708867155951783796e-07 1.928522164534832301e-07 2.728645602948662316e-08
1.960672735671423974e-06 8.319886015510151367e-07 1.029267514784338043e-06 3.825479617775235272e-07 2.243441438858310296e-07 2.107701243347565534e-07 1.912652432018980260e-07 9.687905268595644395e-08 2.365880785860796911e-07 3.623525314638186271e-08
2.942623935377904175e-07 2.192553435326288098e-07 1.747606716814506421e-07 1.339603378221214912e-07 1.427343073116078982e-07 1.284678654670890885e-07 3.637891481046511160e-07 1.885085257181698362e-07 6.235780366663901203e-08 5.969171294577406965e-08
1.306992783860812601e-06 7.440993543232634392e-07 1.833230620566218428e-07 1.528301448071520344e-07 1.456751150624152963e-07 2.250566157028189784e-07 5.443995368336492332e-07 6.279600047286910170e-08 5.485413778443734153e-08 7.800437432025288211e-08
3.153799360711853681e-06 1.560632805410136347e-06 2.293650826356256426e-06 3.582913725703441969e-07 1.639028694257533651e-07 1.323229288334574344e-07 1.022631298514826615e-07 2.020393196226148163e-07 1.169899138292597007e-07 4.696799171949236532e-08
3.705894388214895682e-07 2.480138500447854891e-07 2.023255698607528755e-07 2.076980282400895901e-07 1.672926556074107746e-07 1.067996898280727105e-07 7.883299569431045539e-08 8.191530593297366174e-08 3.314754114820497629e-07 4.605651509292926942e-08
5.416584630196462186e-07 4.490123269047535199e-07 3.418897982375211224e-07 2.464551538288311007e-07 2.059607315038258419e-07 3.618274221278963339e-07 5.859491376726154387e-07 6.529049501446800429e-08 5.501576318565913504e-08 2.906108342995361097e-08
5.196073600737262615e-07 5.133156072963243048e-07 4.810798114795443876e-07 4.387135515770910704e-07 1.198299404232777768e-06 4.735782671501866141e-07 1.184347899531172233e-07 1.991820988902207497e-07 9.072823965676444945e-08 2.580208731159534311e-07
6.102158778931405440e-07 4.675368997530860784e-07 2.721586665049903508e-07 2.473388548206973316e-07 2.224559528501442066e-07 1.371033796091784776e-07 9.602490461609854337e-08 6.500552000113835842e-08 7.002577654004917795e-08 6.054630644604468129e-08
8.238201381719878682e-07 4.336831653750004342e-07 4.195765991543597905e-07 2.436065411252729914e-07 4.271000511354620412e-07 7.013205650709776758e-07 1.230447815701156164e-07 1.194190054102487981e-07 5.643249868561903210e-08 5.320854829967106350e-08
2.537204639090940556e-07 3.172855709164092089e-07 2.873702891633326233e-07 3.332726092828094320e-07 9.450278025051319163e-07 9.681748498007333129e-07 1.120424585874378353e-07 6.423316120746946272e-08 8.567389762235725980e-08 4.380854632267936874e-07
2.722414458337960014e-07 2.034959242823279135e-07 1.777637925672369637e-07 1.539004587007926713e-07 1.350174982940396564e-07 1.040914639750855362e-07 7.370987513301970787e-08 7.297688159606858615e-07 3.672755502420612721e-08 8.293700140516808606e-08
4.782917469916748980e-07 4.108173100678593612e-07 2.672643101576286391e-07 3.245050810611981130e-07 2.124070541021494617e-07 1.894620287942916749e-07 1.132628044004744916e-06 9.519092136554191218e-08 7.643272791920592071e-08 4.917515051604681943e-08
1.720321048318605916e-06 8.468231828836434157e-07 4.754738883688206748e-07 3.085633478619520262e-07 1.141954581251263985e-06 3.044553790351121963e-07 2.365237300158013012e-07 5.933729223274836208e-07 5.547005704475070411e-08 1.622028706545449928e-07
1.236761685058429804e-06 9.403496099220214994e-07 8.722573522937792757e-07 5.475118823212770110e-07 3.202390236012416319e-07 1.708258061999065070e-07 1.957566061326179607e-07 1.304678587375949290e-07 9.471814030762056443e-07 3.144206140341042691e-08
5.993399761231767862e-07 3.237120774371276531e-07 2.364500419234596907e-07 7.829663906026031772e-07 1.424466089731335602e-07 1.055844607331748997e-07 8.380413650322435602e-08 1.018297840237391604e-07 7.573644631415693712e-08 1.923980543597948044e-07
4.640034731261979808e-07 4.041533828344614053e-07 2.449371369509921151e-07 1.928468697675374833e-07 1.433912368468268792e-07 1.211480760842817155e-07 8.030799934310434364e-08 5.584790159122069535e-08 3.982731396124708202e-08 3.690322568526274221e-08
6.284143825997084993e-07 2.628843919157826169e-07 2.068195672288762823e-07 1.585352991362183654e-07 1.412348289830477958e-07 1.654828032374214561e-06 1.764967011489466636e-07 6.638366270678854959e-08 4.381319846478530871e-08 2.529228798299132522e-08
1.501490363159439791e-06 5.470691673458100783e-07 3.584979101785040703e-07 2.819948902078133955e-07 1.824185588349274421e-07 1.586823899750887905e-07 1.679338800536489112e-07 7.730889966909523900e-08 1.731712474608365388e-07 1.439911605808580119e-07
9.896069843054798352e-07 6.796047063585009199e-07 3.349685762517099326e-07 6.003236050129034543e-07 5.045264062127498655e-07 2.696137351053781378e-07 1.209508735176950211e-07 5.200623462344775262e-08 6.337269813884584993e-08 2.731638634788026808e-08
4.282910267435779794e-07 3.700648794881931399e-07 2.330908302843447497e-07 1.854456273642216017e-07 1.517777547279527197e-07 1.274082277916753221e-07 1.707892605033434775e-07 5.794568017925402122e-08 1.666722368223555234e-07 1.702469217129659425e-08
6.692367909822179548e-07 6.678716265135126454e-07 5.187156665574320420e-07 6.677700966452407223e-07 3.142862037581953190e-07 1.406042476535098762e-07 8.596988610593652302e-08 8.077832016098268123e-08 1.250848733470282874e-07 2.813292112174588101e-07
5.284081662637962047e-07 4.679625897198990567e-07 4.054914866210437137e-07 2.911381808041979226e-07 2.248500558691147978e-07 2.050272709823324053e-07 9.597889954157984162e-07 8.364557326477865416e-08 4.819578082304849427e-08 2.725214868366191321e-08
1.631589461088774311e-06 1.033563717170936049e-06 6.428029466635375577e-07 1.332603461510117032e-06 2.366085369198245060e-07 1.675290650052760508e-07 1.017216145970028687e-07 1.597292408530702648e-07 1.473268046790432951e-07 1.929793466534079734e-08
3.252799391445955142e-07 2.682967859143796613e-07 2.342046959208128824e-07 1.792085261804803819e-07 1.421805930710235277e-07 9.582202710660866658e-08 7.451429077987162003e-08 2.062666921295292555e-07 4.074224397456760431e-08 1.406487291131013951e-08
1.115514352088120145e-06 8.824674369064103308e-07 9.514055640064965007e-07 7.765308939447253227e-07 3.392414235085001753e-07 2.520204079119814718e-07 2.207496127206597709e-07 1.038591274901082199e-07 1.264766831129311605e-07 9.752855802557094272e-08
2.858332526163840581e-06 7.292117392778967512e-07 8.267513820538348717e-07 6.602791605909816146e-07 2.153623171322032396e-07 9.686737222569257986e-08 8.540875879685954914e-08 4.894731983257135582e-08 7.537473862024539539e-08 1.500792478720918605e-07
3.513748195738653644e-07 3.937657051005822994e-07 4.668335138967154962e-07 1.122360439704156492e-06 2.753706464039549600e-07 6.340477206485920579e-07 1.096123971066684471e-07 6.488844206335002463e-08 4.808573212812277785e-08 2.425821042104148836e-08
1.496885818354911440e-07 2.116499451324737874e-07 7.410567828595747719e-07 1.834609234301869535e-07 1.352081349466662947e-07 8.774870444386205818e-08 4.267611197281552882e-07 4.993086490746624852e-08 2.961740909556722263e-07 2.383116394240713439e-07
2.754543605571125565e-07 2.489057054426869542e-07 1.808384766742195919e-07 1.759234757457544178e-07 1.226986913538888002e-07 9.912176496816610664e-08 7.405497773580377652e-08 5.293635247044481012e-08 4.085534999081653161e-08 2.830061655872242017e-08
3.211265243826232132e-07 2.269307268986764345e-07 2.172288922274675195e-07 1.594127664435530886e-07 1.266173774505546314e-07 2.529382034086480080e-07 5.287637905837758105e-07 6.181680820089499751e-07 3.275526602469302533e-08 3.472295938605124963e-08
2.199704925448223269e-07 2.019214126358993023e-07 1.702664227801698535e-07 1.415937007888907405e-07 1.290550569523909331e-07 1.040597578429042294e-07 7.129963951987184203e-08 2.010621688964252165e-07 8.650746618624801780e-08 2.424738986344104111e-08
1.417390018047563415e-06 9.817857903260278321e-07 4.297392051759574464e-07 1.679493816301190819e-07 1.535529452570455260e-07 9.716928288392052272e-08 7.278842965420490168e-08 1.001131820783931140e-07 7.065000949241351836e-08 5.312976961562635428e-08
2.717019362741529728e-07 3.888646818961134666e-07 2.628587548690507142e-07 1.527204924451910750e-06 1.094788873610234153e-06 2.052813618907295072e-07 1.375151819238196527e-07 4.841191329526822000e-07 9.854054479158403538e-08 3.659786867760048905e-07
1.392390482016057195e-06 7.227088337641114322e-07 1.624028495598022160e-06 4.973130277358120351e-07 4.870459288011637931e-07 1.811271678078787449e-07 9.917006895440344166e-08 5.965740004537077510e-08 3.639557255194993505e-08 1.970929270434805205e-08
8.255124734808361552e-07 5.436913292524766691e-07 2.813091152016190819e-07 5.939755921966288785e-07 3.175549261602979776e-07 1.337007234539703405e-07 1.304223344741438401e-07 4.891487545090266094e-07 7.486279921764473086e-08 1.687976564267589919e-07
4.209014818537394258e-07 3.476370381962542088e-07 3.515442151758400961e-07 1.000828348526964752e-06 2.008959948306978697e-07 2.006193950824457218e-07 1.405764811570727826e-07 1.106883776125459538e-07 4.424128321580689527e-08 2.983903344182881704e-08
5.754776261837866477e-07 2.869882843057420744e-07 2.380258936972672509e-07 2.302286419907773612e-07 1.701939027073876119e-07 1.312698316667970739e-07 8.035412644540090642e-08 2.261908107555701601e-07 3.096256233042847592e-08 1.829007652415375055e-07
