6.667075308877886845e-07 5.904877298751610680e-07 5.026728121959570724e-07 4.475046523427549965e-07 4.417854914601544497e-07 4.325581298620937681e-07 3.911115323295165273e-07 1.586487018462474162e-06 3.143858703087879770e-07 2.610374845054942203e-07 2.153683699016711666e-07 1.657114541709981642e-07 1.352458800746412120e-07 1.085978797397900415e-07 5.481650735913479380e-07 8.281465353492846681e-08 1.803623257904380422e-07 1.072246754159750825e-07 5.497428273782447686e-08 2.138625176049195466e-07 1.610790692655945340e-07 1.726795026468000513e-07 6.010949374762685540e-08 4.025834532602747236e-07 9.297647526439696772e-08
4.636882720527428061e-07 4.665390544078821548e-07 5.975362125231796004e-07 5.255367742682024778e-07 5.709207039726313521e-07 4.144741551958763320e-07 3.750252716416593687e-07 3.257811262741452354e-07 4.464762341472576926e-07 2.179149558140654969e-07 1.946762272178474692e-07 1.604907992158679246e-07 2.419228243018285559e-07 1.285811509721465890e-07 7.898719219123806905e-08 9.943906335717354264e-08 1.567803144163358635e-07 2.206457684039163775e-07 1.505396269944060292e-07 2.407461100115366476e-07 2.173187290933746472e-07 2.303009351281203188e-07 1.420831726142416426e-07 1.660572529828030413e-07 1.210208240088488000e-07
6.223298863046922018e-07 7.147181517957091032e-07 5.092729365679629242e-07 4.595493634342748254e-07 4.680141677812847624e-07 5.026826084794221135e-07 5.032297252712261390e-07 6.910230105819276917e-07 3.336169069668543259e-07 3.090899758681706402e-07 2.523836239135356754e-07 1.032669076535285573e-06 4.835290103743727847e-07 1.127451024647136490e-07 1.060402329257629489e-07 5.271695406645155060e-07 1.130336916109091284e-07 6.063096142401205364e-08 2.101915197230707699e-07 2.430578515041743792e-08 1.393671010804118608e-08 1.043381685450386543e-07 5.100272321336853963e-07 6.819256189250283020e-08 1.946943917398509848e-07
1.778217929495411680e-06 2.277060304461772055e-06 1.953996577198546665e-06 1.930754039087028865e-06 1.748759799997316559e-06 8.336011321855949013e-07 4.857294397370066751e-07 3.798945800327110226e-07 3.896310524709707335e-07 2.722347253483390542e-07 2.777014621665363799e-07 2.175945056648767533e-07 1.846412499525270846e-07 1.301088558095795796e-07 9.895547559939255934e-08 9.568807023431038854e-08 7.824581896582759712e-08 1.432276758511358452e-07 2.761760249018650811e-08 3.169456925901595047e-08 9.374252581296704750e-08 4.547187759488636201e-08 1.425569020899433970e-07 2.307940735124575490e-07 1.280888496259579150e-07
6.166017437157619240e-07 5.033476440604729056e-07 4.609695482134027307e-07 4.462157826269467687e-07 3.924019813980440549e-07 3.149417422466466827e-07 2.622794717132922982e-07 4.189495724893297808e-07 2.526099794730833198e-07 1.845474537790181540e-07 1.538093525265484801e-07 1.270772489475226530e-07 1.061964569865959520e-07 8.622919121227177908e-08 7.235822465275364269e-08 7.343225357439703303e-08 6.132960566611367499e-08 5.682646646855293593e-08 6.226414921597904706e-08 2.084956232665152362e-07 2.137809254656418768e-07 2.280073511471399073e-07 1.090704698741172002e-07 5.230476603697415517e-08 9.787506321455348343e-08
4.716268162878042587e-07 4.240341655005907942e-07 3.954959613033515894e-07 3.695433766128654246e-07 3.792365586999191080e-07 4.022768378423882823e-07 4.259677153557995428e-07 3.123337987748552097e-07 2.311057634120784241e-07 1.853324006220472884e-07 1.622523977878811691e-07 1.408767097363735468e-07 1.118852899906473985e-07 1.450340808555685240e-07 1.080057823684697590e-07 6.596186906955497726e-08 1.038812351150052708e-07 3.541130841333711373e-08 2.292625299493254817e-07 1.792369356159822460e-07 6.434543028276496532e-08 1.105652700101266870e-07 1.201899459154617797e-07 8.078240198112538362e-08 4.477315345537931773e-08
2.383411423028792297e-06 1.047271112315380797e-06 5.196882028428389226e-07 4.184202610843984731e-07 3.392296357707717126e-07 2.525584799004909646e-07 2.239958479935286888e-07 2.061971180457123379e-07 1.926610163657869818e-07 1.762580680902372762e-07 1.464665609329489840e-07 1.347957352760296705e-07 1.371927827563616764e-07 1.151280133643202835e-07 1.195958022883150904e-07 1.091275493754476464e-07 7.818690553164387895e-08 1.103012089106887070e-07 1.179602636146640893e-07 1.192320744069545929e-07 1.325056633917640975e-07 3.941535693692427268e-08 8.197140837347846313e-08 4.672243548630539426e-08 1.418050223962733979e-07
1.292392005956299788e-06 9.163459959097608195e-07 9.660260741562763888e-07 6.516432301789457102e-07 5.438791117956295103e-07 4.606766212446553997e-07 3.935722217868952025e-07 3.727620037345561542e-07 5.735166520486195270e-07 4.699519810705657679e-07 2.097806684292547555e-07 2.101562855212066305e-07 1.391914447032338989e-07 1.625715602633801571e-07 2.165613666301881521e-07 9.060247711926356522e-08 9.513668187522710832e-08 4.072634523269874182e-08 2.052025517664753961e-08 2.650567882474652425e-07 1.238179184108921600e-07 2.407451093930621727e-07 5.582591299512335518e-07 2.793182752411749285e-07 1.328843739906605824e-07
7.067977357307581856e-07 7.250040184884760762e-07 5.997907780553891414e-07 4.535488937622289509e-07 4.268561318273163425e-07 4.024220736908420061e-07 3.731788025547661933e-07 3.357569563245225215e-07 2.946144222346396299e-07 2.557943900005147637e-07 2.124224803839955462e-07 1.857037038657190378e-07 1.891329162259946007e-07 2.189017696491271331e-07 7.403673938845343493e-08 7.829235846428750343e-08 1.236196824922615112e-07 2.605276144840969827e-08 2.192566722543508821e-07 4.779235174633358963e-07 5.722769160730142627e-08 1.469133428945986481e-07 2.974103480043497319e-07 1.871673856349470854e-07 1.852369181702198205e-07
5.183442536348629371e-07 4.997288575984964588e-07 4.669352610921244009e-07 4.286669837762917210e-07 4.117885393346891915e-07 3.730305689384026509e-07 3.448117918500239401e-07 5.898221767799867183e-07 3.414722819873949513e-07 2.811111134782429759e-07 6.614800472571485914e-07 2.185987652978752614e-07 1.297243745729587455e-07 1.507774271675926034e-07 1.753695956883342849e-07 7.948500823302331389e-07 3.664759998211000560e-08 2.516151704883488798e-07 4.736363437649006824e-07 9.530132268498109617e-08 3.023537524084441137e-07 1.200055397434020310e-07 6.247854360795688847e-08 2.446920206611386743e-07 1.133271990674031763e-07
2.712550843223849382e-06 2.603167694246848518e-06 1.166485805282104787e-06 2.884539317911238764e-06 6.246684681715152739e-07 5.846579243155601481e-07 8.269366629353922280e-07 5.823739534707155705e-07 7.456517064639150262e-07 1.546915653459452791e-06 5.024454131287420592e-07 1.766081575879532323e-07 8.203367295822473165e-07 1.631018477073715355e-07 6.349788941359353384e-08 1.929865329885228421e-07 1.019595285382543287e-07 3.345931856109735931e-08 1.517520496168801594e-08 2.784560002913959193e-07 6.541869558029343496e-08 1.120541049568159996e-07 1.161717229146571332e-07 4.803955820533135788e-08 2.004263579909830687e-07
5.295410828529150847e-06 3.245664305698551579e-06 3.484566828688235878e-06 1.491749632055603996e-06 6.471791444359675079e-07 6.186967928689622178e-07 6.758209691364499078e-07 4.364131001235576990e-07 3.188317437618888512e-07 3.964519568666244831e-07 2.883298531510623815e-07 1.819490795757874068e-07 2.602627298788929026e-07 4.568017662656315585e-07 3.252374121186022430e-07 1.648768150743878283e-07 4.938307941849502567e-08 6.056225837592456508e-07 5.401851845237606741e-07 2.443719610832545741e-08 2.647792934405353464e-08 5.583666707546652157e-08 2.238059113814043187e-08 1.191822796443033349e-07 2.014351842594286515e-07
3.236621288966757872e-06 7.800412588250830408e-07 1.026550688524432507e-06 5.265260483427775062e-07 4.428032102517091467e-07 4.115195468381525108e-07 3.717717759290235460e-07 6.344016761735458885e-07 4.278233315489700885e-07 3.066087795547590227e-07 2.347558271110110750e-07 1.835118165183580943e-07 1.427555093211470663e-07 1.107927054194847624e-07 3.666706223721706269e-07 1.318686884112659231e-07 4.156874420958621040e-08 1.413204776747238744e-07 1.432994869690200988e-07 1.065378862210537427e-07 2.301231676939623600e-08 2.429404468886735172e-07 1.049968398349789492e-07 6.565231327065687963e-08 5.204767687425806837e-08
5.836673927405242721e-07 5.629980037696181668e-07 5.018255429536024135e-07 4.404279635150362160e-07 4.043310192622377596e-07 4.012163570212667826e-07 3.353554623726589306e-07 3.077146146030471737e-07 2.659274995336117844e-07 2.865543151549785122e-07 2.470084765414475641e-07 4.090314912301720046e-07 1.683328157373539794e-07 3.632821728266988613e-07 1.184287727192787808e-07 7.384387811871376215e-08 4.812762608849684341e-08 3.228130776864318955e-08 2.629508373666234221e-08 3.438902230045107474e-08 1.926158623523678681e-08 4.138600976574651432e-08 5.991686194249015091e-08 2.116438182808892947e-07 4.315910909162738661e-07
1.772113496971059727e-06 1.157899532759718841e-06 7.395095663899291256e-07 5.941015133722534461e-07 5.057013358192289392e-07 4.511156697522024651e-07 3.624498911110764544e-07 3.182848170029604518e-07 2.829216554293221596e-07 2.430205178899709376e-07 2.039072417165193858e-07 1.659256898870397524e-07 1.390390187185792007e-07 1.122023373111289585e-07 1.770287645820410793e-07 1.080139851595680392e-07 9.743997812953415850e-08 2.878934002207425078e-08 1.663605367675138722e-08 8.994500975580761658e-09 1.303814442361832827e-07 1.584601247151335630e-07 9.575673726195753919e-08 3.201834914306643300e-07 2.235963833603742228e-08
2.605582994606092332e-06 1.668433760770137019e-06 1.758866625545274031e-06 2.180559225860414513e-06 2.486176337181797033e-06 8.599725060262671554e-07 6.299530304258578638e-07 3.390475846240844848e-07 3.069724726492149362e-07 2.404679829793538607e-07 5.845615990131980619e-07 2.022920670690307771e-07 1.374501207293150761e-07 1.235992110831709244e-07 1.001648116950833891e-07 1.566300419929517996e-07 6.917318222989574524e-08 6.901498355869356581e-08 9.112503429902005540e-08 2.761716445572326932e-07 6.914275956273898949e-08 3.484668119290008240e-08 7.833693516606672306e-08 2.167473415945875570e-07 2.114401338587941309e-07
8.676187284902281808e-07 7.114514629420614587e-07 5.975283565999922377e-07 7.803887993842201796e-07 7.026618149397172339e-07 4.216603565388759548e-07 3.020923816082064311e-07 2.548403635359987606e-07 2.250902687209467514e-07 2.220242528622599702e-07 2.745365901087168246e-07 1.686156354553196015e-07 1.439090534600243634e-07 2.880423789037055667e-07 3.699571748041803109e-07 9.199010610299369328e-08 1.638084344644757770e-07 6.783563646538290067e-07 1.170339788260498241e-07 2.121879343686577224e-08 7.837642589757506538e-08 2.028301272172739114e-07 2.186040688140243298e-08 5.227506517979689855e-08 3.465779745835963633e-07
6.663056398982576866e-07 5.801424745738417203e-07 5.202164939993868769e-07 4.784479052766229314e-07 4.369712063321318974e-07 4.065891917853194701e-07 2.061965962221771752e-06 7.943118713890828185e-07 4.749921374438303518e-07 2.706689676395406192e-07 2.031460769654340672e-07 1.943003514500500608e-07 1.281531697813518424e-07 9.789581248537700853e-08 2.235616548240890110e-07 7.735409384925505767e-08 5.297613985904275478e-08 2.546015033863339865e-08 1.867505743296995203e-08 4.936284363826242853e-09 7.565892081801241101e-08 1.131113915563500913e-08 5.225905959973043849e-07 1.884759775070036630e-07 2.585348746593168454e-08
1.100363469479911740e-06 7.580424431496662731e-07 6.719991152464501136e-07 7.350915091988005067e-07 1.391096078190665498e-06 5.257959261985840703e-07 3.783796279251297036e-07 3.253515933973083676e-07 2.886541535171445948e-07 2.480058971451658310e-07 2.022667791717492043e-07 1.659223818068490432e-07 1.628395013787224174e-07 9.560690045950745773e-08 2.019100465263656700e-07 1.625140277428213594e-07 7.795724870751652345e-08 4.318950010984741256e-08 1.946811732151644212e-08 1.462081986873002797e-08 1.796406003003792097e-07 2.490367400010731296e-08 7.988372135921160789e-08 1.938516821651164657e-07 1.315496948183311417e-07
5.911074681029212039e-07 5.250672602308757599e-07 7.607258834470471063e-07 7.342751512423182003e-07 5.435150034508271098e-07 4.956630768108781604e-07 3.516088921572952499e-07 2.947028757224229775e-07 2.462749491509119430e-07 2.149863866304508189e-07 2.965013011632943427e-07 2.663514189588275930e-07 2.159025206921604938e-07 1.024651659260508122e-07 1.569049029826731800e-07 5.717327545805096325e-08 4.004304216909735306e-08 2.384572689662963725e-07 1.464918714964416108e-07 1.129301283087944443e-07 1.560017314954932768e-08 6.266615249312421576e-09 5.137547106896489223e-07 3.583823088865957567e-07 8.928320517951053644e-08
7.092986816709748315e-07 6.109479654378047328e-07 5.324195051470878040e-07 4.737111711296091012e-07 4.130571177679699308e-07 3.749249999870197533e-07 3.473378875357469066e-07 3.147034780368707578e-07 2.638602593225640378e-07 2.273167105887258859e-07 2.027996769620769940e-07 3.405877253480338345e-07 1.294202462776087710e-07 2.895775956391571263e-07 3.064176747380566462e-07 1.473281023029303555e-07 4.344276328455790078e-08 5.863151959652159063e-08 6.800599419787913712e-08 6.328833902951642760e-08 2.439170174729826238e-07 8.340680209865434768e-08 2.790561300116527407e-07 3.314643251413845132e-07 1.390084368800998328e-07
2.043533719426069457e-06 6.246395822765572426e-06 2.230263152363403617e-06 7.839548705181971938e-07 8.787311185252389500e-07 1.766976067036951267e-06 3.747091452191194498e-07 2.742661758516064241e-07 2.080991197252222221e-07 1.760661963962254222e-07 4.526980435455694930e-07 2.149420786930027967e-07 3.982988993881174740e-07 1.580844199464357171e-07 1.652626788715766654e-07 4.565470967724399926e-08 1.206821563340939663e-07 2.647311037363834912e-07 4.168807900341414944e-08 1.032234351529443059e-07 1.449325177571121014e-07 5.961016775101917299e-09 2.489618449707256907e-07 1.326005613088497653e-07 8.992596140789973860e-08
2.678505346940721964e-06 2.062358528548834846e-06 8.576292857489345522e-07 5.716609924616465322e-07 4.627016538943369265e-07 4.405634693134657243e-07 3.741884008497469571e-07 3.217464215156458318e-07 2.782783908569110031e-07 2.291722948336863451e-07 2.009780189507033219e-07 2.591528282948056642e-07 2.197703383164495210e-07 2.523189335745717960e-07 8.320045293908635950e-08 1.900502441743802837e-07 1.205241962967710401e-07 1.920255127488843197e-08 1.187960414218018013e-08 3.771401174085680379e-07 6.217261874261582352e-09 4.077280775817185357e-07 4.473535992212303529e-08 2.226457471153658372e-07 8.251494373033170221e-09
9.266419275107722957e-07 8.839203565581311427e-07 7.587658263247290960e-07 4.554255424156883779e-07 4.297334729188084734e-07 3.557983472589001025e-07 5.941092189824165920e-07 4.171374560995036848e-07 3.413209883861216886e-07 2.731144985657203878e-07 3.379124308929721100e-07 3.158250529492161308e-07 1.494394486946704899e-07 1.697603004308360120e-07 7.862825062738245580e-08 4.050266469073371178e-07 1.575561908583026801e-07 1.296686575486893560e-07 1.105311437637007092e-07 6.035417342289046256e-07 1.126039871718526083e-07 1.045279301971935505e-07 1.178894408105883875e-07 1.456065347264794778e-07 2.605669374588226759e-07
8.114012905505300110e-07 9.478660243693393529e-07 8.033290170221956665e-07 6.116088764526609792e-07 5.094422882143613039e-07 3.582199477001643764e-07 4.034995193689724575e-07 2.604295240219039317e-07 2.172881628075395185e-07 2.154435373312817537e-07 6.685302853563706827e-07 1.639783834253232220e-07 1.919124495157145995e-07 3.747978464851575123e-07 1.089903147463687189e-07 2.199843003896342783e-07 8.601903631153229486e-08 3.757771183443916668e-08 2.882703141362230553e-08 2.762509483570982841e-08 1.528934924998841727e-07 4.898388710185688068e-08 1.461537554353485025e-07 3.537036140495202771e-07 1.010388770140429190e-07
2.020307603675658386e-06 9.520988713433536888e-07 8.254299564604090990e-07 6.758713152105927017e-07 5.940866643267890863e-07 4.791043747272229758e-07 3.800545537867442297e-07 3.227733193085357152e-07 2.909318656737679779e-07 3.373060463557361009e-07 2.057947574253921382e-07 2.021482357675437724e-07 1.333353546950440116e-07 9.599902588658136182e-08 6.506073470227222794e-08 7.701415347645201249e-08 8.973183841149589197e-08 2.814358619334350642e-08 2.045233858811309581e-08 1.063111035936124234e-07 7.293533921199530825e-09 1.968999161526553575e-08 6.779273349101015119e-08 1.147844565945894056e-07 7.126174170278021212e-08
6.067940831041927656e-07 4.676326836315318877e-07 4.044643907259518637e-07 3.736899694798136712e-07 3.630033944666192122e-07 3.045018306187519312e-07 2.678590746798105319e-07 2.277399094403305944e-07 2.020276446964233886e-07 3.142365538030617495e-07 2.442345748036625106e-07 2.370981383258037001e-07 1.184096910574556778e-07 1.579026199395947246e-07 1.305087840707194738e-07 2.712791778397377803e-07 2.159307459849449504e-07 2.888109483219628095e-08 7.020601391565530259e-08 3.705681423054080116e-08 1.902754132911695385e-08 1.544029303038591670e-07 6.348580532659297921e-08 9.509746329394903975e-08 1.668871191720229012e-07
1.368748530891252288e-06 8.843203183152585250e-07 6.188894182444952775e-07 4.754686588083172526e-07 3.866757640844544840e-07 3.127088485774911310e-07 2.612947276976099037e-07 2.450591096251379984e-07 2.218726374015663537e-07 3.707492556786462966e-07 1.937582633502311593e-06 1.853723385853220102e-07 1.456505348721776385e-07 9.367573527236960115e-08 9.554037969941897260e-08 8.995791625278290477e-07 6.732216366166597531e-08 5.421074286822335974e-07 1.994588351506211158e-07 1.461231504272739407e-08 6.792180887682814777e-08 5.016683483227480288e-08 8.906243661408303175e-08 1.586262190591794730e-07 1.401375534151426269e-07
5.895901011352576322e-07 5.058729775849128997e-07 4.461182391711717978e-07 3.991816022474471159e-07 3.449010105148444485e-07 3.155769805591859271e-07 2.649369561955754717e-07 2.318442263828195785e-07 2.065873912218037675e-07 2.064036741533841491e-07 1.644637521153108401e-07 1.487235038654558602e-07 2.423716307600496012e-07 1.220305672974189503e-07 6.852737791337837104e-08 4.683345978842824372e-08 8.297641328838477192e-08 8.421447085429066949e-08 1.114509782368207865e-07 1.066026071996383159e-08 1.636485065118147547e-07 3.190710773267553210e-08 1.964839866735081861e-08 2.291097504636056277e-08 1.334129253734413656e-07
5.622526796601071480e-07 4.976445904923814983e-07 4.156329484929504875e-07 5.656378416683277142e-07 6.648593561899504527e-07 3.057763635362924167e-07 2.232765623156245874e-07 1.880998952090837433e-07 1.940469144693761041e-07 1.634516567841962279e-07 1.366534060206458622e-07 1.207798719209401805e-07 1.029922154658908444e-07 8.885733327881861921e-08 8.442522120269356574e-08 2.158679500828900239e-07 4.841105477670315167e-07 1.039485175399149552e-07 4.609654412689737345e-08 8.793073904415944187e-08 9.296724771858407737e-08 1.988194904878849813e-08 1.403550141507368844e-07 9.825559027606824537e-08 9.909998212108936336e-08
5.609938631617287453e-07 4.653070336569245147e-07 3.635430476593323255e-07 3.359260548680070155e-07 2.803541797828011793e-07 2.311604510039192560e-07 2.088367043630399532e-07 1.888750173231219574e-07 1.665210400309682646e-07 1.445161029608392299e-07 1.262640710741468201e-07 1.110654495612758440e-07 1.076930194342327900e-07 2.384843086040761697e-07 7.259752023340926434e-08 9.656520925868704697e-08 5.075177550348889861e-08 1.014319519208655127e-07 9.257671807908080104e-08 6.502884230373971715e-08 3.779772678315989079e-08 1.108112708535487735e-07 2.205912523854823987e-07 1.911062069371723905e-07 2.008388933744560060e-07
1.790916853313773103e-06 1.373705025624126899e-06 9.403198153608725730e-07 5.762272069474133345e-07 5.374501446476768920e-07 9.620441716831120543e-07 3.705347119159744539e-07 3.133527312975898229e-07 3.393410155366936238e-07 4.379708799445338602e-07 2.334387432867182415e-07 1.473226394012887566e-07 1.163629674585300567e-07 8.796591134087828801e-08 6.459196690145221614e-08 5.074620675335017956e-08 2.758070141252334049e-08 5.457921242586516031e-08 4.889102971770018484e-08 6.987751067918843355e-09 1.161913897207844330e-08 8.177561071345265385e-09 6.796860495875047601e-08 9.945252144121007215e-08 2.735342925157185046e-08
1.100858986766216687e-06 9.292724389176025562e-07 1.014288044665347990e-06 5.976846255475255226e-07 4.522161250179068930e-07 3.811670845195088926e-07 3.989188230271006537e-07 8.783866428483313041e-07 4.602050410797048743e-07 2.210405698649823418e-07 1.624224031209537931e-07 1.391308841571338295e-07 1.158235524500964683e-07 2.794113095121818930e-07 7.567646565241628971e-08 5.685319242791762499e-08 1.463620053279225741e-07 4.811831753683813267e-08 5.024103691083115576e-07 3.145086143823993140e-08 1.790753486826329567e-07 2.965735937778533563e-07 4.970692818188381082e-07 3.087445474173631770e-08 5.249582008684821829e-08
2.543016840186660375e-06 1.951593637642306969e-06 1.538261475439333188e-06 3.208747645781782416e-06 2.053919877938182522e-06 1.268369796014114238e-06 1.124983216391504265e-06 1.051683518064832280e-06 4.245897076847432492e-07 2.395348167773413277e-07 1.907771251900800350e-07 1.645727116489742619e-07 1.251294360787604603e-07 3.065832448230384608e-07 6.914107169743479535e-08 9.886375537895360941e-08 1.609128316587296107e-07 2.313717996506750938e-08 1.100364870325860290e-08 2.402173151745475674e-07 8.471040749784723073e-08 3.728557012763956264e-08 2.727961824690840419e-08 4.130035324328027671e-07 5.219912612533142548e-08
4.451163870635037818e-07 4.549126856312378448e-07 4.126333389807185642e-07 3.407462560213042037e-07 2.732913385192076026e-07 2.441294788105264777e-07 2.310134214501837415e-07 2.181594194810121431e-07 1.880945690029121417e-07 1.629049800912970182e-07 4.404126649633075817e-07 1.304828088959100665e-07 1.036594729097577026e-07 1.576968691041331854e-07 8.573813918254216248e-08 1.968911281467266209e-07 2.343154061323197096e-07 1.889971098439118756e-07 3.437622554801572259e-07 8.341093986741405088e-08 3.537548814027677915e-07 7.794529114462441474e-08 2.266160580342508569e-07 1.950529205324078205e-07 1.827879421772354603e-07
1.204139975719912039e-06 9.700144521091049821e-07 8.358076193644827340e-07 1.541372646378040605e-06 5.495879477049719734e-07 6.110538810167796751e-07 3.792727501263113040e-07 2.641477222540225750e-07 2.373427571390459393e-07 2.021259694666587332e-07 1.948846594755078538e-07 1.461483494306208449e-07 1.179641270811438712e-07 9.010140106123913814e-08 3.025266632590809764e-07 5.512056976411628255e-08 8.399099766224813371e-08 2.224264804867224660e-08 6.984452160641254972e-08 1.239053057633791873e-08 4.237436967765924779e-08 2.047427009512123280e-07 6.612339386262699465e-08 2.364388086554019425e-07 9.756703409899437540e-08
7.552207122181088110e-07 5.455786137496804234e-07 1.232780844394371389e-06 4.861305874162256222e-07 3.522561551843078389e-07 2.789572148602025723e-07 2.879419102292387895e-07 6.022332859550177549e-07 6.118249392934060237e-07 2.299150990209898399e-07 3.306561862073889293e-07 2.810191873099349935e-07 7.977891721610852448e-07 2.512947589464876088e-07 2.228097525159611416e-07 3.678568983696412974e-07 5.043079871933290210e-08 4.062652773512221231e-07 3.887591666117917151e-08 3.396588401060000584e-08 3.757502028104708275e-07 1.748440528902973360e-08 3.950689748714611926e-08 4.964474392845373750e-07 5.135946187476693170e-07
2.405851318886563052e-06 1.004165068351213080e-06 4.757597041830157138e-07 3.962356456697224134e-07 3.619423062725994199e-07 3.179744220335338569e-07 3.209274828983076372e-07 3.236608960431235017e-07 2.197442575006817754e-07 1.994625654147481484e-07 1.682157765415450723e-07 8.033717058947594066e-07 3.432315377218524367e-07 7.107065026097647310e-07 1.924511847411293307e-07 9.406169520916797452e-08 4.214648252036677978e-07 2.216872910844864363e-08 1.440545771117870998e-08 4.280821630699551445e-07 4.316149677624722883e-08 1.025379352145591801e-07 3.439130201749324309e-07 9.118401506920057274e-08 3.355148003414970287e-08
3.885297029126157099e-06 1.880518707954496469e-06 8.529450416228876298e-07 4.618590788169949074e-07 4.132449170020241000e-07 3.475706036140677038e-07 2.844602881914282086e-07 2.397450099630156996e-07 2.041592123375274855e-07 1.824534434423851036e-07 1.491404184500762819e-07 1.189466663744483371e-07 9.917243274987181120e-08 7.710223290536772813e-08 5.681064436199992891e-08 4.987456191873290711e-08 4.994897755782282713e-08 3.476498739086842225e-08 6.883366540634946687e-08 2.235122620360033214e-08 2.281816696576066697e-07 1.027741539159999085e-08 4.821267618214153025e-09 8.821612729966163332e-08 8.782504076336498499e-08
3.150833381158289746e-07 2.891679753831128442e-07 4.327192915859500184e-07 3.312346654018628871e-07 2.553756384168118442e-07 2.575711700842293850e-07 2.303587155067567606e-07 2.412181979936891414e-07 2.430717976084950483e-07 1.815286670209345717e-07 1.673237009400727869e-07 2.260792977773651634e-07 1.301705180069812998e-06 1.888644846378261044e-07 9.177146844299578160e-08 7.354229409186663129e-08 3.402624821767728590e-08 2.136717745660087797e-08 5.994263112042089499e-08 2.025169705878436214e-08 2.169918989135644627e-07 3.153094896870767391e-07 1.312365436676665564e-07 3.773163650213159307e-08 4.451017939079066784e-08
1.055463038875020674e-06 7.647845111391722796e-07 1.025606725280533621e-06 6.692461460544881303e-07 7.108383673791066257e-07 4.654285326735364869e-07 3.393530350228079264e-07 3.414359257944812830e-07 2.926119078309652683e-07 2.511840281852140806e-07 2.125368827517671927e-07 1.815351916543406763e-07 1.376452585067047661e-07 8.518548603958048068e-08 5.807079919100806351e-08 5.628772652769953381e-08 4.386217092153247997e-08 2.437941428435596735e-08 8.109270474081515651e-08 1.222759467833727983e-08 1.829589495391825459e-08 8.666795352309205934e-08 3.970846788302541593e-08 2.626721544783009639e-08 7.131276878397373013e-08
3.275507784300746765e-06 2.836197384524430165e-06 2.175954249465190449e-06 7.900888135562385276e-07 5.702519814332809111e-07 7.520248626354978389e-07 5.535876813974824672e-07 1.018405267938934760e-06 2.425602823192448517e-07 2.117467362018333850e-07 1.715234407209987871e-07 1.417616758257707078e-07 1.264241639906660480e-07 1.471135970813630172e-07 1.874478337954017381e-07 6.665433822068456552e-08 4.484020846556227920e-08 1.257305625659529802e-07 1.508573926239588115e-08 2.070597994893103084e-08 2.873040847538601601e-08 2.845535542736614345e-07 2.197626706469200912e-08 6.442754946395827819e-08 8.477490164492154350e-08
3.290720380037473291e-07 3.049660336010315704e-07 3.729768155966257444e-07 3.430794497745886399e-07 2.662686013586606122e-07 2.345552599939909780e-07 2.812977440964464336e-07 5.134412183331697639e-07 4.632606752494974978e-06 8.502401395479695919e-07 2.551900772242245092e-07 1.913078328563019834e-07 8.182797035890448437e-07 1.073847958909333969e-07 5.904196295171008755e-08 6.237880323880980132e-08 5.282438923553056587e-08 9.870271580546792114e-08 4.833744183282468717e-08 3.670756362159850642e-08 2.835287663767712354e-07 1.313851908901714445e-07 8.811269315909887778e-09 7.975318705151567324e-08 9.671959243233678404e-08
6.817073877031183225e-07 5.953062851418060989e-07 4.957871492777998628e-07 4.081626976309306618e-07 4.723140287415974878e-07 4.376791000106766418e-07 3.064997036798623457e-07 2.773143942290044537e-07 2.798612094305439462e-07 2.320681071580506321e-07 1.798560709677863432e-07 1.290339429674997636e-07 9.722233877835420947e-08 8.308792491452881881e-08 1.000809580730107869e-07 1.209825575112667840e-07 5.717420349042661988e-07 8.682066692766943804e-08 5.885654733581719697e-08 8.533329049281200776e-08 1.073690254009701091e-07 6.272209067994993427e-08 7.789775280271701806e-08 4.647849480222242908e-08 2.425391760246971997e-08
4.600284522647302680e-07 4.252959820425101083e-07 3.784965414800046843e-07 3.370837867893154016e-07 3.175160202689731044e-07 3.075840184247746045e-07 1.327178707084867538e-06 1.860293321340784880e-06 8.975889619405758469e-07 3.448531146101046377e-07 2.367829944635222780e-07 1.449041662410480059e-07 1.377602928439740312e-07 1.926726074502596840e-07 6.225356312693867271e-08 4.252991301818733897e-08 2.194481520485431831e-07 2.998794961041335099e-08 2.793033065707462727e-08 6.259086132693379970e-08 1.014292622722263029e-07 2.521638412339689358e-07 1.660665419147460018e-08 3.726927850661707185e-07 2.844813148116128011e-07
1.398948522338274574e-06 1.278873226290599870e-06 1.020516847809515773e-06 6.658171245743945470e-07 6.193500336112156506e-07 4.024064235168163680e-07 4.620269826217297796e-07 3.541224305353367052e-07 2.351127472325927636e-07 3.792297520268261046e-07 2.536296757231088649e-07 1.410951629883686920e-07 1.124022983206913444e-07 8.167317738575902678e-08 5.720671913794922551e-08 4.287507458247310069e-08 5.820882442958149302e-08 3.428288563582942743e-08 1.119538415118460389e-07 4.250697164800246449e-08 1.503017329914827155e-07 2.754543823379293302e-09 4.392254965189301458e-08 1.237065404033405553e-07 1.825266355984112575e-07
5.253367063096058219e-07 4.931002165177991065e-07 4.630063302236987970e-07 4.632774191924022744e-07 5.804903793429223776e-07 5.022479989626595930e-07 4.404302641124007281e-07 3.903438036851469694e-07 2.884759307490049303e-07 2.383929132482503597e-07 5.163555403683406619e-07 1.921346001876065460e-07 1.633935464843176712e-07 1.777653544389334966e-07 9.961226965359239541e-08 1.420040098051788376e-07 3.151864648874855763e-08 1.861225355292148158e-08 1.231453994919889826e-08 5.243940039201303435e-08 9.438891435797987491e-09 1.985369816140447066e-08 1.164195770341253928e-08 1.562626324263312596e-07 2.669950452042182877e-07
2.090501091240464156e-06 2.129312513929698767e-06 1.480658425252538138e-06 7.085065797775357080e-07 5.203105785560057250e-07 4.446489110616841899e-07 1.734998846258736545e-06 7.764367975459986664e-07 3.379173957636167434e-07 2.264571641605322916e-07 3.097442435012833680e-07 1.290525170522291426e-07 1.091982719244054099e-07 7.048604964505740404e-08 5.428441329311659267e-08 3.806146890170079392e-08 3.989280948163350247e-08 3.345579721683042570e-08 2.195927474147824209e-08 1.130816456797369148e-07 5.563251921161737934e-08 1.276841091019526628e-07 7.804766758493765488e-09 4.204062636260686274e-08 2.156607807687261912e-07
7.694651488470770948e-07 7.082258634383911773e-07 4.129980000991427747e-07 3.404943773956320920e-07 3.311369498943178562e-07 6.616492588008207426e-07 5.829204512308099216e-06 9.994847692932485654e-07 3.091110196046483123e-07 1.637496428150934447e-07 1.733876708369700746e-07 3.921322825875831797e-07 1.343424985919835243e-07 7.097479745034272514e-08 8.173880526702062071e-08 9.351009658140915800e-08 2.697682640148958838e-08 4.629656749028076050e-08 3.995824994976750497e-07 6.470098838083461671e-08 9.134167308233859373e-08 6.471273516637697436e-08 1.628773003995599330e-07 1.718726092637569187e-08 2.211914119599168632e-07
1.005493212022640864e-06 6.070367089388234040e-07 4.905315981042637858e-07 4.635179848269178239e-07 3.845902389829951765e-07 4.095159413119884099e-07 2.672889502435806387e-07 2.651906152629801870e-07 2.052418854645702139e-07 1.923768602300690752e-07 2.191711542306252609e-07 1.011022981447598994e-07 8.515207167625969651e-08 6.958807241256551283e-08 7.410330416842730308e-08 4.544009751365154223e-08 1.351670885497127727e-07 1.883668331749992419e-08 1.113366940918640597e-08 7.464325492631075805e-09 1.031163227471170716e-07 1.499824661822126115e-07 1.351858700645150406e-07 1.430217623746922492e-08 2.986270915360325572e-09
1.140851580953632112e-06 1.020903317311886536e-06 7.946873088043542457e-07 5.063067308485953875e-07 3.661080628839223422e-07 3.262412179479993896e-07 3.070506511509502368e-07 2.685374773921421095e-07 2.417428341169194016e-07 2.044115383846784340e-07 1.595515197306893196e-07 1.296357191259492167e-07 9.883415151899286471e-08 8.128355092761858714e-08 6.153256256151290938e-08 4.802986049593429229e-08 8.571736668344241232e-07 7.319363338324644179e-08 1.888129537628237966e-08 9.113011556935700806e-09 8.005189906563643947e-09 1.344357457238749937e-07 8.263302283499021984e-09 1.468133239006935031e-07 2.765983058767775358e-07
1.141444657353649478e-06 5.305781021514240014e-07 4.347743194172834412e-07 3.600716167577734158e-07 3.072213681215811043e-07 2.536365468507520084e-07 2.238757617161786313e-07 1.910394902469365457e-07 1.713486145501825323e-07 1.479437668797871713e-07 1.205404026918367865e-07 2.303049278991120763e-07 2.344409093073639462e-07 2.276435148792231712e-07 6.684122619899905728e-08 4.624331507025367073e-08 3.440090820752206813e-08 2.417527156950155333e-08 1.548400800531833206e-08 1.573785860699306063e-08 9.428303188746709853e-09 3.172341549808088623e-09 8.785838769874030102e-08 9.832591546173205167e-09 2.345392941557616507e-08
9.635808644956080969e-07 1.018733730174577774e-06 1.825654588554303403e-06 1.140371060429331110e-06 3.713734892852770173e-07 2.360548312526336654e-07 2.084274414108869766e-07 1.790657904018553028e-07 1.531456753038702898e-07 1.470551246488337115e-07 1.345602267216194039e-07 1.508149248976010588e-07 4.142549404754615302e-07 9.913082290907711032e-08 7.468934311347218789e-08 1.320251125944429863e-07 5.329172823489143882e-08 2.052228616271303392e-07 2.016798479859043208e-08 1.615758520775526653e-08 3.134286546894087673e-08 4.672562771700894147e-07 7.689735118008410780e-08 1.467804259327879935e-07 1.007839047473869394e-07
1.184757946552177592e-06 1.059955912979513946e-06 1.043981601564248608e-06 1.082069230779181545e-06 7.266884274926060021e-07 7.723817141782264876e-07 1.142403324366110562e-06 3.089402149127173292e-07 2.520915520398178488e-07 2.101054067227335669e-07 1.633395318070981478e-07 1.400704102283099368e-07 4.992198271590809937e-07 1.262183955562404986e-06 2.219888303408781217e-07 4.367584746705716434e-08 3.960203369476505052e-08 9.245715780914441484e-08 2.489299040282091771e-07 1.354014116703781658e-08 1.345483422379133086e-07 5.422910976702227370e-07 1.483465224969233777e-07 1.456814551397474153e-07 2.175483658805887770e-07
9.622777054911528993e-07 6.556331500668950558e-07 5.521626830735265170e-07 3.908745214920997725e-07 3.314011639769997766e-07 3.446778010992732711e-07 2.731293727689399601e-07 1.977498794495534377e-07 3.400441615544714457e-07 1.689076906009127979e-06 4.305553939963261332e-07 1.207036148925855812e-07 2.954623821896366860e-07 1.192664660077078678e-07 4.418112935803117373e-07 1.497693361510728497e-07 3.473161967303110205e-08 2.558143876000051696e-08 2.936547989757585558e-08 1.070373048094512188e-07 9.716581652570559119e-08 1.084590298371866570e-08 3.526482571590009550e-09 1.337616820880149204e-08 8.825225677191701061e-08
1.840053362696537621e-06 1.930874860451609465e-06 1.739240212748177615e-06 9.741197821796831045e-07 6.122171296338363693e-07 5.294100697992331436e-07 4.258550518541232189e-07 3.352684501178765454e-07 2.749421749315845672e-07 2.289707532639952583e-07 1.609049915936522171e-07 1.371809770686174097e-07 1.103176520563749301e-07 7.838836793857903212e-08 6.648163968190456247e-08 5.619027597045217963e-08 1.055327358616679967e-07 6.819153875219953327e-08 2.504958693053667825e-07 3.390482013648745505e-08 4.724432437644920867e-08 1.151056760249261823e-07 8.199346783770003222e-08 2.532846476914987701e-07 2.127809635585721476e-07
5.250381641040114162e-07 4.854941790840418749e-07 3.891062577953611808e-07 3.697046198589953373e-07 4.176819638156534394e-07 6.311185126572590319e-07 5.758792660315989115e-07 1.011147733903558189e-06 3.010172333970801514e-07 1.889500848441538771e-07 1.470949028660980143e-07 1.231636698070193695e-07 9.809410047900435484e-08 9.317663781236229516e-08 7.394477702725020444e-08 6.106256856283495016e-07 3.730636010276806329e-07 3.540940761400277201e-08 1.502850179250321425e-07 6.515001446412541246e-08 1.823798905815956259e-08 2.064664997893882004e-07 1.826998787402775160e-07 1.850696857748778610e-07 1.693731553408529372e-07
2.003049261526600806e-06 1.040341071722700188e-06 6.489813979685538166e-07 5.256609086768457855e-07 5.443939773135980604e-07 5.981519707855506293e-07 4.734413216988232089e-07 4.451582896033161418e-07 2.497528759864870451e-07 2.152803095099526012e-07 1.748432683616187126e-07 1.408268711231891925e-07 1.061010503534611589e-07 3.241330266688594574e-07 9.204819240608395300e-08 7.529901542592325782e-08 5.736029517598183178e-08 2.567805043506130714e-08 1.981924746221236283e-08 8.244328242289980620e-07 1.256691164511418799e-07 8.449895216732691749e-09 1.995210452747506823e-07 2.242049211489899120e-07 4.826312366902244490e-08
5.789404315301587652e-07 7.535810557538168300e-07 7.475674952177648473e-07 5.372174559861736946e-07 4.565742002028827148e-07 3.576223938266458111e-07 3.180638104325686957e-07 2.320407300001094324e-07 2.543412703025162166e-07 1.950337041074814231e-07 1.678763602747515704e-07 1.326566479143642427e-07 1.079342425987157327e-07 8.272557711878370166e-08 5.800926064135540479e-08 6.120080341548730932e-08 2.878004539925022186e-08 1.994613880493637564e-08 4.137215645303895162e-08 9.758950842518222450e-09 6.509162724071311845e-09 2.816504110029333324e-09 3.201094467396017248e-09 2.685421760778275048e-07 2.032345235953648439e-07
8.414281447415069641e-07 8.743088359938976683e-07 9.485698978209576468e-07 8.533278679489261638e-07 8.294312026259241573e-07 6.461749117237245334e-07 3.281438840356601726e-07 3.539223717861251441e-07 2.310869190183909718e-07 1.847094523053897236e-07 1.505120612556812636e-07 1.219766274654976280e-07 3.368913607173580309e-07 7.291057307183695334e-08 5.636920934462816315e-08 4.245995928743194976e-08 3.857362116883505410e-08 1.980909956452151634e-08 1.072227634545988842e-07 1.721264927626288407e-07 2.399879922861180437e-08 1.392614836422809936e-07 4.622299398643791340e-09 1.991786882552696504e-07 9.314812167221678541e-09
5.102129592904500337e-07 4.434352395023871988e-07 3.924462042086881043e-07 3.413864674808221804e-07 3.343559577261728692e-07 2.852767198227916391e-07 2.621151238788892321e-07 2.448111235794005829e-07 2.207161352271945546e-07 1.938566637400759349e-07 1.648960434121161713e-07 1.216098194858429515e-07 9.571721348507738676e-08 7.706353612656669912e-08 6.763355692633251530e-08 4.169564603070449891e-08 6.680014284076919308e-08 1.574002229736578327e-08 8.200968735040955689e-08 5.103447295786089420e-09 8.095019452401065540e-08 1.098743203770496138e-07 1.251954174001283663e-07 8.122636564316817351e-09 9.795769250077448491e-08
4.930085384536857053e-07 4.258545775204338228e-07 3.651030541045245748e-07 2.953378115459744058e-07 2.673609310663140197e-07 2.611789694930565872e-07 3.338187339687432873e-07 2.593915197171457385e-07 2.305136873931031186e-07 2.034341690732641657e-07 1.800548371388679524e-07 1.715184587234340929e-07 2.699986039011229596e-07 1.971283915018169195e-07 7.586936154993411794e-08 4.990581176092152343e-07 3.005830829831153335e-08 1.517148058164833140e-07 1.034505643675523361e-08 3.619929864961636240e-08 3.339849785697411830e-08 1.771335215005800731e-07 3.499650371753181905e-07 1.698656496580654201e-07 6.708404818702149567e-08
1.041994977855059885e-06 9.617290265475228221e-07 4.864661679544223322e-07 4.060906332340154820e-07 3.480531745989176434e-07 2.985022079219517854e-07 2.418860832426922866e-07 2.130778235093018170e-07 1.900460769141660168e-07 1.770502493137351973e-07 2.981061897469043951e-07 1.258833633090866730e-07 2.497041078683070150e-07 9.077725846627533442e-08 5.343375631579788640e-08 9.195034926440467785e-08 8.084522692158520679e-08 2.577345360868241286e-08 2.243568539043100808e-08 3.069055446814134907e-08 5.035925594926270995e-07 8.373673842648257773e-08 7.172763128045124924e-08 2.372850045033936772e-07 3.497992087157553949e-07
3.892354537635871588e-07 3.865806402280330785e-07 3.442335275716078383e-07 3.071226106886364144e-07 2.715345928159739744e-07 2.462509698604483536e-07 2.270018731055616656e-07 2.000833216472466531e-07 1.785341931543800805e-07 1.659368244602270758e-07 1.429643589163944211e-07 1.408357324364176707e-07 2.529613123336733346e-07 5.234981003530206071e-07 7.033327057384912378e-08 4.698159332404673712e-08 8.958426114930378164e-08 9.988283606210911813e-07 3.716511052330459557e-08 5.797133096753961931e-08 1.266581227426690260e-07 7.625518651751437004e-09 5.055461710335051369e-09 8.300453520849714852e-08 2.177352085606613225e-07
3.735347869101262947e-07 3.579650316269632488e-07 3.215364330070136285e-07 3.249046546049264188e-07 3.362186319159659570e-07 3.892844326934987352e-07 2.261703559336860162e-07 2.011495208439651300e-07 1.802149311895584204e-07 1.614139861225864405e-07 1.328567625473137733e-07 3.468342742970715362e-07 1.128692015707009727e-07 9.161227466707852256e-08 6.966276682518936186e-08 2.108635602136543665e-07 4.391564251725445933e-08 3.243351915678229128e-08 1.802279994115600351e-08 1.105607352459757719e-08 3.354077061409748569e-08 5.965309955179560331e-08 1.641052124065177143e-07 7.564214459643025880e-08 3.439506540901535112e-08
1.351403471289494350e-06 8.585757216981651516e-07 3.747965243806514563e-07 3.460839792459073963e-07 3.579644055775565637e-07 3.020590948048339663e-07 2.760032909704450717e-07 2.634550533616209763e-07 2.993864422267860242e-07 2.466313419296605608e-07 1.623436866254381567e-07 1.215872350412546810e-07 1.028314065427779514e-07 9.728872180109894502e-08 7.050397145485766667e-08 6.006400376471030348e-08 3.304296043070311207e-08 1.254792435637558702e-07 6.435374968336481855e-08 5.314407878369887865e-08 3.506273633299886972e-08 1.231366379390888912e-07 5.704799533746066326e-08 3.713752751868164717e-08 3.383567037365004663e-07
2.420605485211585073e-06 1.231851296431488905e-06 9.411957960641587030e-07 8.397863466837131475e-07 1.203686936505404499e-06 1.027654592664576494e-06 3.072868916451935116e-07 2.442038892333532907e-07 2.058053931257554398e-07 4.521643126806153965e-07 6.758073782610723155e-07 1.491608296050311970e-07 1.875908525660649293e-06 5.196389198783926572e-07 5.085836838296740109e-08 4.601497260882162974e-08 2.306322404026043027e-08 1.781349862134415052e-08 8.994949370764605774e-09 5.344444054752398304e-08 5.735671705513742157e-07 9.980166695560752500e-08 5.780647592081679365e-08 5.073398884786561540e-07 1.731913978291730620e-07
1.574257108996771386e-06 7.071455493821737780e-07 4.147204045393067050e-07 3.622548085982971979e-07 3.237758601004628410e-07 3.051643243689671046e-07 2.622848421991920051e-07 2.314340625637485943e-07 1.999519140458956548e-07 1.687795304970119564e-07 1.514083689576215819e-07 3.576970436227848925e-07 1.029667316354368661e-07 1.783248861761389004e-07 6.480741349271000798e-08 6.524024345174415289e-08 3.255789667369955876e-08 3.535477452598324903e-08 4.994408424996573914e-07 4.328344909135209843e-08 4.177663231183668099e-09 5.721658130508852161e-09 8.436793735060456699e-08 4.161237353476424313e-07 4.361180257630819098e-08
4.692654812868057114e-07 4.336401312141565669e-07 3.734012434365609441e-07 3.372757700278043543e-07 3.194809445315177099e-07 2.961984404104067572e-07 2.769297624438615325e-07 2.403198335587244258e-07 2.319028694133629038e-06 1.531839464831709326e-07 1.280536741878289986e-07 1.636693613944946307e-07 8.420206291501531043e-08 9.844922423277295442e-08 6.117957785134427554e-08 8.656926240552893154e-08 5.720822936807473478e-08 1.762579107300501668e-08 1.065737995263873619e-08 1.612987807539187179e-08 3.898367305933591381e-08 3.682166193073999714e-08 1.491611103783980891e-08 1.026199177385524799e-08 6.996856227880945796e-09
4.471279681256491272e-07 4.768330150517460307e-07 3.916224240083281477e-07 3.088559973295664498e-07 3.217513497735221895e-07 3.550272941604820926e-07 2.942181358221806379e-07 2.315119966724838363e-07 2.120648110200899698e-07 4.468353128934255084e-07 3.104272466503978186e-07 1.098486864511512335e-07 8.292265345667313434e-08 7.077080118922621908e-08 5.921001616129237507e-08 4.780283896270453675e-08 5.325835237681811710e-08 1.982653725349867788e-08 1.324960100798659729e-08 1.275940629298791065e-07 6.386194159925876109e-09 5.873958009062747163e-09 4.173820049714292377e-08 9.588846725016356236e-08 1.784453470641629796e-07
7.134736922689726601e-07 6.094539674076096566e-07 5.182241617086237904e-07 4.396165444989608763e-07 1.005411038706398540e-06 2.693399746083689022e-06 4.655262447506894022e-07 4.749125952385997040e-07 1.509299450053528895e-06 1.900442520417663925e-07 1.514274208343193383e-07 1.213495011701123808e-07 1.467704537354371626e-07 1.855373939846822319e-07 1.419126092440974975e-07 3.931585766567664550e-08 3.269182993085839914e-08 1.317277934480340973e-07 1.182736134785358129e-08 9.074485054862820115e-09 1.162333575059286672e-07 3.381254016665893902e-08 7.033149485307042761e-07 6.648326370195236479e-08 7.404035764416060675e-08
4.515384094900980587e-06 3.592462005123944680e-06 5.177324345437132607e-06 5.329050571504971282e-06 1.360076048777484393e-06 1.220822270818685638e-06 4.776075171235914699e-07 3.013539765787005911e-07 2.012983147319462179e-07 1.676307714963882174e-07 1.504012695078082106e-07 1.142789889451456701e-07 9.465990436658643412e-08 1.129465967364418134e-07 5.792387577091049955e-08 8.124590414739410325e-08 3.440251858551112009e-08 2.430649014303071810e-08 2.588448748758843310e-08 2.807185247525722377e-08 3.185932750395206162e-08 1.800268749021962864e-08 3.066551761101102781e-08 3.936955947791820645e-08 8.612581651783628626e-08
3.211865005430277609e-06 1.403289402553907947e-06 7.878837636597384811e-07 7.251262312787192834e-07 4.547138344011776319e-07 9.770538866158297377e-07 3.786820764397724786e-07 2.827327256006206103e-07 2.138684235453406090e-07 2.164517401402929766e-07 1.356003113053877631e-07 1.177266934572237700e-07 1.376480776817945317e-07 6.247748950235905268e-07 1.993916418628198789e-07 4.319128377238048623e-08 3.121686004834897407e-08 3.426049196578552195e-08 1.981639031057688443e-08 7.658536278060822992e-09 6.438593045226478756e-09 3.228014769403139984e-07 9.339468814638883968e-09 2.617329766824907067e-07 2.421068004129967226e-07
3.508428101459640123e-07 2.848906251453027278e-07 2.064904833040189413e-07 1.742362079339100552e-07 1.497592168052043168e-07 2.585346377264889476e-07 6.956968370311313495e-07 9.467222070545395600e-07 3.975853403738848813e-07 2.235611093585027750e-07 1.616486180575506058e-07 1.190909999812462711e-07 1.062057233357094311e-07 6.845426771769046148e-08 5.444371882544368260e-08 5.146935298038065812e-08 1.091807315840619540e-07 6.660933671250870087e-07 1.869979642535754789e-07 2.267879009358273782e-08 5.881018050968624179e-09 1.395147438850388124e-08 1.615257350672955284e-07 1.658654096461122700e-07 9.143986946424061814e-08
6.457360467071427172e-07 4.320980360823575236e-07 3.219019067842940864e-07 2.949486491585163400e-07 2.429698576018966048e-07 2.174728762394647951e-07 1.689357946808136025e-07 1.349237299193341120e-07 1.241474209650241287e-07 1.093940208358167618e-07 9.629400896836283777e-08 8.907475838688206457e-08 7.981421413266064379e-08 6.318693528148528534e-08 4.780211390901526455e-08 3.833394968043022675e-08 3.131747300939858859e-08 3.515854587326912568e-08 1.585912037771250705e-08 1.137656835191726614e-08 3.535325058679068279e-08 5.111687118992784093e-09 2.185585068454462509e-09 4.648568696242283712e-09 1.268273551892700865e-07
5.045413887903852855e-07 4.303626978550349599e-07 3.640254171755455760e-07 3.400523162273009354e-07 3.113353717910963976e-07 2.960489826495829701e-07 2.617494451489264144e-07 2.432338079158847954e-07 2.316463590369431439e-07 2.711802724479138856e-07 1.899088921847440156e-07 1.215166500719344482e-07 1.018958365843590988e-07 9.001350104054679648e-08 7.477165174557639371e-08 9.169117671138623248e-08 2.181220254026577685e-07 3.715159320566246499e-08 2.495413765345311644e-08 1.032581384963954613e-07 9.162817002567959538e-07 6.390041953862702793e-08 1.472418356506134741e-08 4.879130070304289788e-08 3.164940359200440866e-07
5.643429886074347715e-07 5.087246749380222120e-07 6.606406048181682736e-07 4.113209359857690132e-07 4.577200508016786421e-07 3.234709108497510657e-07 2.835111349921649618e-07 2.556096354177979391e-07 1.547279249238192015e-06 3.411360709994515306e-07 1.591618531249918897e-07 1.415301340223726618e-07 1.464972131961826475e-07 1.699581785040247875e-07 6.322359687431362969e-08 7.314436894041926396e-08 3.072497500245183693e-08 2.314376118426061770e-08 1.291397917377958460e-08 1.286566902973993019e-08 1.546003482935699593e-08 1.439117354736847694e-07 1.113191935810942226e-08 2.023252445473670026e-07 2.328604326622432211e-07
2.395473043317200627e-06 6.065042096402273501e-06 2.746287807629691700e-06 2.614340760114060345e-06 1.101767368386222228e-06 8.560538210978191065e-07 5.150466937539804663e-07 7.120760906942757553e-07 2.000179911363558984e-07 1.658970710667712227e-07 1.268611406688802845e-07 9.721190294261996593e-08 7.731139803078359701e-08 6.501259524407456984e-08 5.223179632951109147e-08 4.102864609789239443e-08 3.380747204922213458e-08 2.330765343042062055e-08 1.606225380348401195e-08 4.101115909215202652e-08 2.377812521145178927e-08 1.780341837994723848e-07 1.681273833157464008e-07 2.451844494308088925e-08 1.790549085722885676e-07
8.825106951560601683e-07 1.172272413331789548e-06 1.552172450691197045e-06 9.712077275399831724e-07 4.746983961541396020e-07 3.502163129824955228e-07 3.777828035766426552e-07 2.795529410407469563e-07 2.859336527966172612e-07 6.667244302824416604e-07 1.870215780316020812e-07 1.375583130361067922e-06 8.834135165488313881e-07 1.185741942536674311e-07 3.357522329778591139e-07 8.096505195856002554e-08 1.419634494062897289e-07 4.693257363436187394e-08 2.000621230244841205e-08 1.262817860948317806e-07 2.440710538892175067e-08 8.156463516533273379e-08 6.142930131287802964e-08 6.894686705134254065e-07 1.308829024576933100e-07
1.374522843950511672e-06 1.072010181170166004e-06 9.861488462681722413e-07 6.836773148645414249e-07 3.297021305132160368e-07 3.590574932553630681e-07 3.346214637506439606e-07 2.608620755330129828e-07 1.863534450567964186e-07 1.513835761963845604e-07 1.416349733211719099e-07 9.584543429694651911e-07 1.124683773214819081e-07 5.147631894102282331e-07 6.993671269836831568e-08 4.031331684392932445e-07 1.981818856706336248e-07 1.260917034946222125e-07 1.216464292046914051e-08 7.821732847604498713e-09 6.212957413166084521e-09 7.519918695006700472e-09 2.945472650826784745e-08 8.796713346334149007e-08 2.999452895738356583e-08
1.747133818786326977e-06 1.293064899539402435e-06 1.102355828562491802e-06 1.033523815717954895e-06 1.469699315050051218e-06 1.060779885615616406e-06 8.592770924788263372e-07 3.799787320893569976e-07 3.639096491609822428e-07 2.211610021345515392e-07 4.939539989498429972e-07 3.025368066565556345e-07 1.085582862259440305e-07 8.823265365526412411e-08 6.499910645739493206e-08 3.869419663402855809e-08 1.042926187908598235e-07 7.801818350438747992e-08 1.020025797822011928e-08 6.711563579309717941e-09 4.255067135177088644e-09 3.836702771134648206e-08 1.455269511182965794e-07 4.893913284855234709e-08 6.656161682513061224e-07
1.893513748129656031e-06 1.207462602496343469e-06 1.746633776071267079e-06 1.238558501913545372e-06 9.351213493634592916e-07 1.596635065511655467e-06 1.754148749661537373e-06 9.669822531822206237e-07 3.336319363281344083e-07 3.898055587186410709e-07 3.061428948233526355e-07 9.388613548425408328e-07 1.812165219873641615e-07 1.167498034468106439e-07 2.563038643892727047e-07 7.859003895357784332e-08 2.072589244241501921e-07 2.040007381408077899e-08 1.814270886219920316e-08 1.409691413313172138e-08 2.307769435783626006e-07 1.702930739682602713e-08 5.346809358166520039e-08 5.289963697887789075e-09 1.408151916608272976e-07
3.836973954244607051e-07 3.873387641515793940e-07 3.546078246207055500e-07 3.788912987930993653e-07 3.449228535335916018e-07 2.894260156296219982e-07 6.187376132264513638e-07 5.063123500072929935e-07 2.465589828652007108e-07 1.681658800054956688e-07 1.364448418523598125e-07 9.989575267694573738e-08 8.635111111228358325e-08 7.767027117275617829e-08 1.666850805615336490e-07 2.956241409465990553e-07 5.486687642207906971e-08 2.111702455163162052e-08 4.338741989322320356e-08 1.780526236743670563e-08 1.634050340072222900e-08 9.507837497868956081e-08 3.637399045286868066e-07 1.917442295315783527e-07 5.615420864655556925e-08
9.226555996859296643e-07 7.737080061863295970e-07 9.658126368245751629e-07 6.062835169492445676e-07 4.077340832467490620e-07 5.010623937655195918e-07 3.137331631787522513e-07 2.582880171797883268e-07 2.171681639323669227e-07 6.525268606106734049e-07 1.481006984952128629e-07 1.220252614629498572e-07 9.491988960565079187e-08 7.881255627396899162e-08 1.149171658641881692e-07 3.805996170133514036e-07 2.759417030866028834e-08 1.775174172671019249e-08 1.135801953280999604e-08 5.449213622410948218e-09 5.525039643666355052e-09 1.490858293304566206e-07 1.480879026256501770e-07 3.172359122124633332e-07 1.384554560135806822e-07
1.435936077381727881e-06 1.710120878916351237e-06 2.195213609195088936e-06 2.486011603567634738e-06 5.178235559786166598e-06 1.988736897235097832e-05 2.595676098902056942e-06 3.066481437578007228e-07 2.568739824214605017e-07 1.606264900892961746e-07 1.136719679158017653e-07 8.633813886384157452e-08 2.718230476172337524e-07 1.015820398259934679e-06 8.305030627236978781e-08 4.188243413590998016e-08 3.368886303206428940e-07 4.777800481904651614e-08 2.156452781929154254e-08 1.850808168715200302e-08 1.758999109679155317e-07 1.009195927045166053e-07 6.317770061988594356e-08 2.633290907179958395e-07 6.725707048479134705e-08
2.053066218534345169e-06 1.593638754040870241e-06 8.179728084492029397e-07 1.165720471596136865e-06 1.042545792206127860e-06 5.092258889724459430e-07 3.326909718292701089e-07 2.483641975444154049e-07 2.110439672360734886e-07 1.697184969326533246e-07 2.015731892362461431e-07 3.243389780891293625e-07 1.078414842544435901e-07 1.001868068124399696e-07 6.120482956624511145e-08 3.914153688453533069e-07 3.403034810986571809e-08 2.547626544774790023e-08 1.647458451770022104e-08 1.139120826586048045e-08 3.155090566490642094e-07 3.871277285414806776e-08 1.762039869960976265e-07 1.895129651349411263e-07 2.237759292474849338e-07
2.864955672167307877e-07 3.154398644318910956e-07 2.579751784026570856e-07 2.133530043959621008e-07 1.873935605274344551e-07 1.516066736052079994e-07 1.390099909744826485e-07 1.424323558995301751e-07 1.325341399196526706e-07 1.289999376045969375e-07 1.314993418752515832e-07 3.603133315786771747e-07 2.073313087226951523e-07 2.630394591568547799e-07 4.881545461094152827e-08 8.028458785248614996e-08 2.343735911243856668e-08 8.624127720770561768e-08 4.684927113106647212e-08 3.656422077315022020e-07 6.654864849314736779e-07 1.706800368645063985e-08 3.172930305969063652e-08 5.120077508376473004e-08 7.588174905379133375e-09
6.739542760009941748e-07 5.230090182701721773e-07 5.781721646852475996e-07 3.771540797373070673e-07 3.214695215489024850e-07 2.885822935117959550e-07 2.694580644724682518e-07 2.314439233549100637e-07 1.829921773712957098e-07 5.488246907493425527e-07 1.466367939241530554e-07 9.411311794106293960e-07 8.008986134000162885e-08 6.127448214190272630e-08 6.173509708183337280e-08 3.185754326215232605e-08 4.081759438952332579e-08 1.155225341257009585e-07 3.341128461287844305e-08 2.191148240543863482e-08 1.197626633037503628e-08 3.384746858897175718e-07 1.055546440738870813e-07 3.825961615964956316e-07 3.572008878686171174e-08
7.360033335066461332e-07 4.948980118321250639e-07 5.308222518668174109e-07 3.955200689477634479e-07 3.210176352428953226e-07 2.838481053222496072e-07 2.507490248129844448e-07 2.501248010577509884e-07 1.913192229525272798e-07 1.524002176580875125e-07 1.193313513028023947e-07 9.714389129815664419e-08 7.605667763878621488e-08 6.376117061270991709e-08 5.059888266560950545e-08 8.157512639576990570e-08 9.943106616945154834e-08 3.048877886820775643e-08 1.098081963179503398e-08 1.742880055803484589e-07 6.374606687002873708e-09 1.675201963791977545e-08 3.357730510142395484e-08 1.094839561570118194e-08 9.910485297669789448e-08
5.210807748266233773e-07 4.555524089469918608e-07 3.972951822893738081e-07 3.013923099879710628e-07 2.972533077761273132e-07 3.088967744678468600e-07 2.915268272315390451e-07 2.186599735732416787e-07 2.043894540842928780e-07 1.831297539635375415e-07 2.780619342150063502e-06 2.154865618678951287e-07 1.231607192106062322e-07 8.744720870410897750e-08 5.948692842524077342e-08 8.442568354905928252e-08 7.254928351801191016e-08 3.561665461944503724e-08 6.147787419459468499e-08 1.254201920528976897e-08 2.121852290451357527e-08 1.292560523709836817e-07 1.448293226664122598e-07 3.397984300534221375e-07 1.578066141269461853e-07
1.831939931344531385e-06 1.069001266956227555e-06 7.716466930508829888e-07 6.279587693666485882e-07 4.559133545885533272e-07 3.411233242816883380e-07 2.802911528135155628e-07 2.961991758243825356e-07 1.723829189434320400e-06 2.414236650749471238e-07 1.692957375289082386e-07 2.457194476187420154e-07 1.070323787643857845e-06 1.166949401095997713e-07 6.674601379970261403e-08 4.185301240792317425e-08 2.239991827461054690e-07 4.264632733127988478e-08 1.125023209581874695e-08 6.937433576801402507e-09 4.911883661074732989e-09 2.172439590752070990e-09 1.464366802001749092e-07 1.145739856794471901e-08 2.241168889432674161e-07
5.316446145011366370e-07 4.389913549095115569e-07 3.368554921017766921e-07 2.820472365193701035e-07 2.322091894583614328e-07 2.079559480946705525e-07 1.881544020847119050e-07 1.594852037825752722e-07 1.484610440103249305e-07 1.377337369365578741e-07 9.256623332924405712e-08 7.981370426437352879e-08 6.788446170681129387e-08 5.232034761862562547e-08 4.250662317456862031e-08 3.604997811479553131e-08 5.037657813066250127e-08 2.364619014020125057e-08 2.044602515739999795e-08 2.559643481922608884e-08 4.773987126105150504e-07 1.487025470393367918e-08 6.382284952543531926e-09 2.529616211325393354e-07 1.545045364907787814e-08
6.450293324034187757e-07 4.231527872625778568e-07 3.147439801003806663e-07 2.434723137009396908e-07 2.027883837414856429e-07 1.771108720723825809e-07 1.543893525566404068e-07 1.414446758134177492e-07 1.359137420525820310e-07 2.475537321168298796e-07 1.545834065192240157e-06 2.353946202844829198e-07 9.043572442197320077e-08 6.297430429550637906e-08 5.106879849027861860e-08 3.844240848775621873e-08 2.703426691096254504e-08 1.986334404199832649e-08 1.321569481480881533e-08 8.704028971041223049e-09 3.612145869930454819e-08 3.791494618123696796e-08 7.575890968995259076e-08 9.010358268309811434e-08 1.319901716951405814e-07
8.301675823969336600e-07 7.642057795205176542e-07 5.001147331602776517e-07 4.519759869951948376e-07 3.394292605618263445e-07 3.563429859167702304e-07 6.555639926901742548e-07 4.674867222674543389e-07 4.622207747312493346e-07 2.855116909390324875e-07 1.829558173474329155e-07 1.333206931291419299e-07 6.748964749586778546e-08 4.794196033642309734e-08 1.215230454134475019e-07 3.596724372813196959e-08 2.424746597428472325e-08 3.148020426110948668e-08 1.344557261014773050e-08 8.151555847813315630e-08 1.042165875504015229e-08 5.183652317070768471e-08 2.699522432212661309e-08 4.757303054711188817e-09 3.264112411404898089e-07
5.304488615377463173e-07 4.860041803267119434e-07 4.743838431729124134e-07 4.721443595821460787e-07 4.218405648569706077e-07 3.367480820397725100e-07 2.862991238008019000e-07 2.304865797024421990e-07 2.098454240677371853e-07 1.882610119190574369e-07 2.441563497287374655e-07 1.625408057637837872e-06 1.636385646617449206e-07 7.688780588603309772e-08 5.760512590511921973e-08 4.042060086898852430e-08 3.037580742566485508e-08 2.343198337805827886e-08 1.763939867713256519e-08 4.357247276654898130e-08 1.823273231765517846e-07 1.135582391899388768e-07 3.398860599308865679e-07 3.385430116613623488e-07 4.310907537230779962e-07
1.450747336335048238e-06 1.414634546705347981e-06 1.107692937120721148e-06 8.196531914244278734e-07 7.528771701276343195e-07 2.313246610774005607e-06 7.191915702931896028e-07 2.870501940650182310e-07 2.110134408464096299e-07 1.622410434979608499e-07 1.414338502207142135e-07 1.026107094365665329e-07 7.709398576048010367e-08 9.256674782656683766e-08 3.323989882304796438e-07 3.853575236837316842e-08 2.194303761775811399e-08 1.314225092083702049e-08 8.709279744086318152e-09 5.948787334439798039e-09 4.394910146572714569e-09 1.723936338287123067e-07 1.022483024105720835e-08 9.129816864958343813e-09 2.504378699139304020e-07
3.076818575669158951e-07 2.680637470935072157e-07 2.821010347594099931e-07 2.601238819812993944e-07 2.197476824593564506e-07 2.063771449093456558e-07 1.735686775035638171e-07 1.479343694587776296e-07 1.212416818276503739e-07 1.007468180942165305e-07 8.544233169024366928e-08 7.539427573347892782e-08 6.778847027661942297e-08 2.860926448517966592e-07 3.185541472563128436e-08 4.534783958770540807e-08 1.526998224036768580e-08 1.126526165512081393e-08 7.995480144237904342e-09 4.564415505076565054e-09 1.063053904336147705e-07 1.883355752882364909e-08 2.587212041545198298e-07 6.002378069520846358e-08 2.535305605117801201e-08
3.849139595524705546e-07 4.079904564873105506e-07 4.210866519970447009e-07 4.037863620031013876e-07 5.479157843487577211e-07 9.512988470904620085e-07 1.267759414539503140e-06 3.383443386660186289e-07 2.494950446000056077e-07 2.156801149616160700e-07 7.203849528688716400e-07 1.052485001836866958e-07 8.040090903076597757e-08 6.253952138524379186e-08 4.674285348422822173e-08 5.416483788504350439e-08 2.593537080176224481e-08 1.409851272759295147e-08 9.976399037870044938e-09 4.484835884163613170e-07 4.089558817015153714e-09 3.381875696257451700e-09 1.925058280673022021e-08 3.425798113062002966e-08 4.807408794062519977e-08
3.176944668222997792e-07 2.873648404890372064e-07 2.598091602292219042e-07 2.285418657498779995e-07 1.986254593602127955e-07 1.716350355169634604e-07 1.538760199271655301e-07 1.291199539623211151e-07 1.150606485105045809e-07 1.249575739009836645e-07 2.991215954894689040e-07 6.854991657883048501e-07 1.166610232215499406e-06 4.307484664781566598e-08 3.441186643616509851e-08 2.823611658868027118e-08 2.401418279480534004e-08 4.422892782409220312e-08 1.200399833184243905e-08 7.266964359703286884e-09 4.855470945800265765e-09 1.162406291184566768e-07 5.379437541200195629e-07 3.668481066485332554e-08 2.755987350152079571e-08
2.304500847213795164e-07 2.226068170313283877e-07 1.911593815666267701e-07 1.770617487086951160e-07 1.647687842122177474e-07 1.542045697030719108e-07 1.456281017995694639e-07 1.353504821819589882e-07 1.232900991746930835e-07 1.023607780444215721e-07 8.974210681515852624e-08 7.070943285869421541e-08 5.385298163425290724e-08 8.635441846911272150e-08 2.703919997510104070e-07 3.605713799413476091e-08 2.575162466183432566e-08 1.807921340384118307e-08 1.229097852652105200e-08 8.624566013102402033e-09 1.007989564410154107e-08 1.416613936255397276e-08 1.420513234242769633e-08 7.592966056100888966e-08 3.803496095883488723e-08
