9.633636583354992154e-07 1.097852990704194652e-06 9.537080044716339740e-07 5.107512291460818983e-07 4.001837939233441262e-07 3.122213092862732700e-07 3.267151909543371179e-07 1.755688459452373075e-07 1.737597920083108246e-07 8.857191337333823787e-08 2.080163513099278242e-07
1.140813196451546444e-06 6.255693954597868860e-07 4.607988999812106688e-07 3.584284761876718934e-07 5.272525761997699019e-07 3.166241353086196871e-07 2.597752518220928487e-07 6.839104691104147630e-07 2.236763621905633683e-07 1.723749548404124304e-07 7.074292998136964046e-08
1.994133173137435806e-06 1.331025114007625506e-06 6.534148433327591344e-07 4.262652879848610577e-07 2.873980208976399466e-07 2.476113860702512485e-07 2.013736515119116327e-07 1.671088230972844447e-07 1.846011650856384086e-07 2.099151339158569319e-07 1.332574745240608584e-07
4.652738348274380363e-06 1.725740363056402820e-05 2.935470259743768937e-06 2.148857661527122498e-06 1.300342840880650243e-06 1.296167436881628958e-06 2.431530879231527378e-06 4.468633208415119786e-07 1.827268527671121443e-07 1.212401678897381409e-07 1.211922512747658429e-07
6.085040143823359867e-07 5.932954836817802321e-07 5.021065975638594880e-07 3.854601796252047851e-07 3.494717490651508199e-07 3.054125805139980898e-07 2.536395413916537570e-07 1.998109247145298137e-07 2.915025066729288399e-07 3.434961110687604404e-07 6.362249427997165709e-08
1.511088545615633369e-06 1.608061887379342253e-06 1.022942190399830392e-06 9.433888178133921098e-07 7.468445296088499828e-07 2.704283928370585624e-07 4.029072004331104520e-07 1.784129978846928129e-07 1.397865848701594673e-07 2.355550052564263461e-07 9.559392514338203962e-08
1.467268304403312539e-06 7.095456258533369462e-07 5.044192828975406244e-07 3.988822403151382457e-07 3.192968944255543452e-07 2.614389104190052361e-07 1.336981556231774345e-06 2.350473127360731074e-07 2.816635875557579415e-07 3.274131381000474481e-07 1.880110737062890812e-07
1.446317952580828206e-06 1.000061498790075121e-06 8.561145305256969457e-07 6.713172151440156264e-07 5.024792542895738606e-07 7.316950432268767547e-07 2.950236505565023499e-07 2.952776376917976282e-07 1.242192888429543724e-07 8.720888069139248124e-08 5.198095171944495177e-08
7.110631444785362255e-07 6.683476199908394130e-07 5.956348974749893124e-07 4.697330283604133501e-07 3.862397396290116454e-07 3.542025575909046826e-07 2.549401166844637954e-07 1.807192546907376735e-07 1.417468230176111634e-07 1.800649724343749553e-07 1.265676677784182313e-07
4.312719905274988308e-06 2.597077067757029781e-06 1.335563253080983732e-06 7.047164824947275627e-07 4.829985376396647340e-07 3.503515835938683342e-07 2.497795861800039090e-07 2.684163584578541714e-07 2.172843031437792264e-07 2.314894828861047149e-07 4.545836195318479877e-08
1.225835347137974870e-06 3.055822105028296474e-06 1.418760166919404501e-06 6.167142272551045148e-07 9.019301915316593224e-07 5.062573767589884176e-07 3.222691818577226952e-07 2.300586909706835541e-07 3.241473338451711302e-07 1.629579123126403315e-07 8.772019196740107906e-08
4.232928654887192183e-06 2.401806329684147674e-06 1.280633819468395068e-06 8.341710345458432280e-07 4.659637818064308223e-07 2.978870752214576177e-07 2.909381290735787072e-07 2.158367926245729675e-07 6.889436948833944636e-07 1.492524600217780043e-07 6.194848480823972700e-08
2.017202365663161510e-06 1.937349563546767784e-06 1.352333939226067093e-06 6.898407993489958136e-07 5.748889588912989554e-07 4.076220074824526764e-07 2.829158870533797027e-07 2.062913800444665359e-07 1.494352430814969532e-07 7.845826562487232060e-08 1.551944114932518378e-07
1.915901939932138678e-06 9.535412009649758391e-07 4.965512193736246557e-07 4.527083540044418871e-07 3.810816292067122513e-07 3.156169600672627808e-07 7.615997676389777720e-07 4.723661021299745411e-07 1.598654244640322154e-07 1.467314466372121084e-07 1.606219334320754395e-07
1.484758948917089465e-06 1.004809221260433398e-06 9.668568122009914352e-07 7.011929997514779633e-07 4.779410148597446114e-07 3.400518078651512149e-07 2.311600573707375677e-07 3.349040674746099747e-07 3.702467003382186315e-07 2.306805643986306252e-07 6.648453735258503870e-08
5.635974954509555863e-07 7.639205058578265355e-07 4.499718352015061052e-07 3.784085575493905640e-07 3.455685672217344650e-07 2.814663095535811321e-07 2.637706404890698136e-07 1.809011708072023025e-07 1.344344171426686993e-07 3.168303224485090961e-07 1.364661502652304613e-07
4.050451315461550068e-06 2.674963358179406737e-06 1.731026112330310544e-06 6.525787656113885445e-07 3.164001140888872049e-07 4.159465312782794184e-07 2.373372911163901618e-07 1.137881708796158319e-06 6.504887610350101503e-07 3.044179297898783143e-07 5.087809090401200289e-07
6.310807747460555571e-06 2.783707859439953518e-06 1.051276642945505367e-06 8.178210849208261020e-07 4.979093880168428198e-07 4.367280225223925273e-07 4.451359042943156188e-07 1.804414181271571966e-07 1.099999957042063715e-07 7.243644803173947411e-08 5.557321619636981216e-08
1.868610714952459218e-06 1.137679454581670586e-06 9.173261465118255528e-07 6.822549562460630608e-07 4.991172322862082536e-07 3.824781073227458471e-07 2.478819944749397914e-07 1.660977958260516834e-07 1.359534050755314234e-07 2.544189230986712207e-07 3.037462847634177955e-07
7.191277960427429305e-07 4.765774746286619163e-07 4.287776802242399095e-07 3.309700761250333551e-07 2.711851071181022476e-07 2.164558591572754175e-07 1.850659781942677978e-07 1.666475486858914134e-07 2.339564295811180725e-07 9.980433767510987893e-08 6.832374274770398826e-08
1.083813881188300888e-06 7.044768588275522517e-07 5.976458186819756388e-07 4.908456214367445095e-07 3.740617489438809909e-07 3.018952385096534320e-07 2.533739150881901710e-07 2.302527030802851694e-07 1.153052485582536328e-07 7.372096736827135848e-08 1.042062926076571356e-07
8.487912684235689813e-06 4.977163474954482282e-06 1.028664236590801525e-06 5.509712737558620019e-07 5.785288885403656440e-07 4.011294828921955988e-07 3.201233439577446938e-07 7.331884811546158705e-07 7.443492698959612894e-07 6.197154545904565230e-08 1.954039823903826440e-07
9.247198116963863250e-07 1.054373256405810510e-06 5.862902619297761397e-07 3.598554675273393818e-07 3.235755792287740633e-07 2.704921873856922979e-07 4.485199092863000309e-07 2.065615942726977078e-07 1.514076973193062361e-07 2.424079780391996083e-07 1.330335794378732388e-07
4.731478912433579315e-06 3.829432922646762422e-05 2.633516240133492292e-06 2.534381602289337774e-06 6.891982484086896926e-07 3.502337381380904452e-07 2.659462766805050124e-07 1.799897536965815685e-07 1.169072151586041946e-07 3.662009397238834641e-07 8.156613272491535327e-08
6.267347065432472215e-06 5.131140314086459414e-06 3.149376846520867183e-06 2.646474488042578845e-06 1.398604810075109503e-06 6.323715247584522666e-07 2.949260347796289978e-07 2.267062911407577799e-07 1.257800731521368371e-07 1.346571474720079881e-07 7.200964912236320497e-08
5.440224189106973056e-06 3.184260246160706025e-06 1.916790218183286386e-06 2.033250795913988358e-06 3.587400376899112705e-07 3.920671233641498755e-07 4.895004950057643022e-07 3.382749019472101193e-07 2.054302918315824085e-07 2.991525436064257628e-07 5.559597422992743961e-08
5.406588622804023638e-06 4.700396534105479586e-06 6.745564705406661816e-06 6.734539998742810305e-07 4.133479398697584379e-07 3.073264548753579285e-07 5.347073302626475040e-07 1.881118564234062975e-07 1.185403160558604691e-07 1.976342450157710885e-07 2.659917844554498021e-07
1.710717461256978265e-06 6.687033301712394183e-07 5.155437213712837314e-07 4.002148299141357997e-07 3.152083189580459470e-07 2.515146155125331436e-07 2.004396377218150545e-07 1.511272818928013543e-07 1.683318420246413373e-07 7.419188570594976309e-08 3.121482566377613072e-08
9.139678638428436825e-07 1.065305645168230729e-06 7.607054615426998189e-07 6.847632530259710823e-07 5.469490689079312460e-07 3.992467077534050991e-07 2.728811930081419243e-07 2.162570744812846029e-07 1.169339916315011792e-07 7.233973393078120787e-08 4.928626317073186171e-08
5.935608033766298209e-06 4.313019880558392229e-06 1.508013928398922789e-06 5.300048139956383102e-07 5.503434825551725201e-07 6.441632077665389354e-07 2.398122925698555277e-07 1.573408565516038558e-07 1.523423712645951175e-07 8.463733454156321970e-08 3.635063527791802670e-08
6.112313218237102943e-07 6.681756645356633571e-07 6.230841254942634443e-07 4.834782683723434572e-07 6.670488866669832992e-07 6.115586017890746771e-07 2.707096887157734923e-07 1.689885536676299116e-07 1.259247597747346984e-07 1.042539374559676407e-07 1.568215329415032161e-07
8.987211375934997720e-07 8.671421043989886000e-07 7.903864779261740454e-07 4.522523207874229918e-07 3.512769360787715319e-07 5.997831146069493014e-07 2.327346259788157514e-07 1.516118361511868134e-07 2.192162794038282535e-07 1.763416501233538640e-07 3.246038448454602215e-08
1.675080189319073380e-06 8.707966449706166336e-07 5.520349799108323253e-07 1.031001659742043363e-06 3.719845441065616075e-07 5.002995487320699842e-07 2.745180238602131779e-07 3.276594768298231061e-07 3.647990017554964922e-07 7.133692248642907196e-08 9.974024766458473817e-08
8.441968890902795706e-07 5.117344690386217400e-07 4.866129296409510207e-07 5.286448923973289796e-07 6.651455581892139029e-07 9.332711729408573655e-07 3.247870607614014247e-07 1.743207201823987578e-07 1.055629156846542296e-07 7.630998609211934800e-08 1.887952402283860639e-07
2.088069130766588537e-06 9.504424442071096712e-07 6.902614936486165954e-07 4.088678793363771816e-07 1.095284401789303392e-06 2.630664093769365264e-07 1.647860627648951207e-07 4.348323922331079982e-07 8.207442603255256381e-07 8.122422844481402502e-07 2.613538693713992777e-07
2.106420204871913571e-06 2.346576541723150605e-06 1.950268883521380203e-06 1.383293753832744404e-06 6.573342076143049654e-07 3.158570633888964479e-07 3.586703677964960262e-07 1.513719332315007573e-07 1.075870115021269241e-07 1.002776639396197247e-07 4.698741416450117889e-08
1.167222243872718086e-06 7.455615340300048912e-07 5.488008133403070557e-07 4.059701726864461051e-07 3.290986665958866531e-07 2.646602017489929369e-07 2.020277623943522006e-07 2.794537043865224358e-07 9.491121378547480174e-08 6.548061244628119669e-08 8.315610739657973864e-08
2.183641790966959173e-06 2.650260168232615778e-06 1.935808426693161818e-06 7.202903422274604505e-07 4.230460729752232956e-07 7.475366222396654420e-07 6.426665579709363192e-07 2.459538767768141609e-07 1.111665065779185495e-07 6.111522941000563492e-08 7.258816827048426372e-08
4.029349125888044497e-06 2.682861485008917686e-06 1.788636551444012173e-06 6.755465383263671670e-07 3.814433452554499074e-07 2.870538378528214265e-07 2.153949130930229643e-07 1.519038334483175301e-07 1.156565040600730609e-07 7.842326901015005859e-08 1.771186877034874273e-07
8.815011436222267659e-07 6.369334579053528796e-07 4.766119415793289031e-07 4.273574878448680100e-07 3.529227028973340724e-07 2.824161276956863079e-07 2.282324480857699597e-07 5.698788528481799188e-07 1.968287648568073495e-07 1.931821983255876520e-07 4.482822354620843279e-08
5.986827911188474288e-07 4.805600025843334778e-07 5.692463655035130589e-07 5.313720759027171406e-07 3.296766599156313152e-07 3.162251813231161852e-07 5.382163675666984611e-07 2.575419416984538014e-07 2.192305562888680832e-07 2.779846180326800942e-07 5.576026839218140005e-08
3.286573685293120147e-06 5.025426882811956771e-07 4.160469048164938781e-07 3.055246595772649295e-07 2.714629150152963658e-07 2.218791831923050133e-07 4.322427285328138537e-07 3.012519021341695871e-07 2.132623725466778106e-07 6.683515440701198905e-08 3.989495403967787483e-08
1.836932006521580439e-06 8.454752044190851588e-07 7.442536677750273893e-07 6.520556698844932865e-07 4.046394158236230719e-07 5.772648051097447471e-07 2.766211490598335972e-07 3.460675984730315811e-07 1.034899766426497481e-07 6.727357943416048044e-08 4.104688350797140504e-08
4.157795134522284491e-06 5.894534545174804425e-07 4.684245236655989176e-07 4.623473988082921934e-07 4.096151933410861562e-07 3.547598593994471851e-07 2.316147493313985064e-07 1.636144956236816294e-07 1.077400928647376301e-07 8.681036279739228761e-08 2.683658639936825690e-08
8.262517809635777212e-07 6.186466038726181697e-07 6.102601065947952447e-07 5.376338291384472675e-07 4.940675192654917600e-07 3.262715120281958225e-07 2.256689423626281806e-07 1.632574999761586741e-07 1.749038240427821643e-07 7.589409921338201847e-08 4.023905307125102936e-08
1.033346927041172149e-06 5.391995637014315443e-07 6.137990348359952016e-07 3.472146246102549340e-07 2.736938217059916926e-07 2.222029098574621020e-07 1.952564843608057743e-07 5.239401889652387894e-07 4.350089715962882209e-07 3.535777643618885887e-07 2.290210950609991012e-07
5.441725958941274110e-06 3.603610405471649174e-06 1.998563827151868755e-06 4.844955864219274992e-07 3.997064531505649451e-07 4.733077844483520647e-07 1.932936108823554371e-07 3.407429276976789587e-07 1.972479368616619738e-07 6.644102619017507716e-08 1.064097876156044013e-07
1.068902712835093528e-06 6.296593107172688497e-07 4.850899225386532317e-07 3.881137256971331151e-07 3.716091440290532785e-07 2.847262380204896685e-07 2.104005460368474950e-07 4.536049592315910115e-07 1.307366077414091482e-07 6.814331932025207569e-08 1.297050355307929883e-07
3.262109698915504439e-06 1.280099881497330657e-06 9.196079013651808081e-07 7.074203629284383794e-07 4.687978869773938823e-07 4.009946570906600522e-07 2.181590139483950862e-07 1.725732022958261884e-07 2.954970889760151976e-07 6.882689525275997946e-08 1.046147951383417338e-07
1.058738151483893967e-06 6.641948229132031501e-07 4.638673739557294398e-07 5.058208025066247622e-07 3.771885457854818364e-07 5.977815966059629922e-07 2.184446679923630269e-07 1.803543746941968186e-07 1.368527526635322474e-07 4.958628296991243052e-07 1.063882398617345072e-07
2.347671351940115021e-06 1.420736043715770152e-06 1.260036909079243912e-06 7.839305425413071649e-07 4.601664195519982466e-07 2.632471642173044637e-07 1.872291781538719778e-07 1.358178749894300897e-07 6.817094356046944880e-07 1.039672630061170552e-07 8.716585269761752015e-08
2.091034280715117537e-06 1.208288277648085527e-06 1.271489181285097585e-06 9.549586784021930461e-07 4.998291880976115100e-07 3.208300714601948939e-07 2.502013087405170028e-07 2.348492801008089883e-07 1.122167078281927251e-07 2.299412014729157216e-07 7.497102142919549886e-08
4.174926148524956318e-06 2.956342367125417229e-06 1.874159680809524051e-06 1.462714655280821172e-06 9.780827574687444623e-07 3.911391017347142229e-07 2.313151927298274221e-07 1.545556796280380824e-07 1.041674257620927369e-07 1.684194873871596893e-07 7.975500446809124144e-08
1.406802884477142832e-05 4.528926591482429691e-06 3.798097806821160311e-06 1.694017440682766103e-06 1.133251933128794573e-06 3.765629775439599308e-07 3.826809763987722884e-07 5.768700285211056266e-07 4.003402001456373438e-07 6.273936610011944760e-08 3.792593216548879383e-08
1.894327921775496540e-06 6.021329261574785129e-06 9.361611245471088914e-07 6.595787864827830754e-07 4.297758415394410078e-07 6.411672785764879662e-07 2.360502287743754464e-07 1.545549278720431532e-07 1.107450518060847042e-07 6.658039253225599303e-08 5.487774877329854642e-08
7.108736892200804204e-06 4.338792651789363123e-06 1.625840287272778372e-06 7.303911920350086662e-07 4.432856765137839069e-07 2.598932082632990502e-07 1.860946264683885135e-07 1.555765560988983971e-07 1.000953721379264876e-07 8.097313588773068988e-08 9.977416319387574302e-08
8.102793438028035595e-07 6.173045967740924500e-07 6.879625526421600497e-07 1.786319210925390235e-06 3.255165230310485491e-06 3.188575369770766913e-07 1.886265941975465809e-07 1.910990137823357803e-07 1.120779455986592150e-07 1.844394634965063218e-07 1.409669614236361552e-07
1.024499400962075946e-06 6.970384459219444061e-07 7.028998111466305388e-07 5.324263301692508265e-07 3.880350863439971143e-07 3.081376684834987043e-07 3.273546092253303184e-07 2.575527774627308584e-07 2.529692314045639372e-07 8.598721251549475141e-08 1.608793419805597905e-07
2.307160617056646052e-06 1.659670246712130063e-06 1.355627874334530673e-06 7.187923043428171429e-07 3.330722510513572866e-06 1.209601872699321459e-06 2.610091175377639656e-07 1.876747638000495437e-07 9.974956830245463155e-08 7.208376895145608647e-08 4.462609699110557158e-08
5.251927979719678599e-07 3.958453411489682947e-07 4.222271235388152691e-07 3.889725878465248688e-07 3.017306428036078862e-07 2.425387060985401249e-07 1.882625041040628916e-07 1.496756379202723953e-07 1.259672934712163761e-07 9.085228153436539780e-08 7.212399001194644147e-08
4.085056120449645038e-06 1.478094045818495539e-06 4.986977174566054607e-07 3.369460361751405558e-07 2.746142181486494084e-07 2.231176401905953743e-07 1.774312670256933265e-07 1.318197743039644428e-07 8.838807308483894957e-08 6.810521365583037874e-08 4.844862120958793414e-08
1.333440289346476654e-06 4.360025474153392849e-07 4.823448537997413955e-07 4.114487047820168213e-07 3.082181540877228252e-07 2.672409414528504703e-07 1.973667067381888846e-07 2.715347304778012295e-07 1.527695807957841677e-07 9.258106947074161684e-08 5.393928408964413915e-08
7.195625679046208885e-06 1.076421538325532601e-05 2.654144447724299256e-06 5.994500158254353930e-07 3.256435556567597818e-07 2.634112867956181604e-07 1.995920877822362001e-07 1.428099499095188787e-07 9.536042841319343729e-08 6.104957518004094343e-08 4.176635311954409078e-08
6.013960159079885730e-06 3.287600881392756681e-06 1.567619682614622210e-06 8.454361673765556943e-07 5.233513895997093791e-07 3.728756010723831658e-07 1.899834989636646141e-07 1.421126940436946960e-07 1.564800781645358330e-07 8.234074242790888184e-08 5.533120564479979788e-08
4.008603505122748995e-06 2.739472687398895673e-06 1.701047074379585933e-06 9.711107519306156600e-07 6.936733403197187100e-07 3.469641905449198367e-07 2.850522143143481269e-07 2.040061716816495447e-07 5.305549536103521590e-07 7.779633969761465731e-08 3.457212635578955280e-08
2.445911468173490818e-06 2.229410086387357640e-06 1.465759972236624446e-06 1.273505559948350486e-06 9.841891644573475108e-07 9.141461985195217710e-07 2.654808571169736659e-07 2.135513334038061439e-07 3.921009409943917909e-07 3.397726312632151635e-07 1.404620851703469760e-07
3.668561281529711069e-06 2.114641838267069474e-06 1.879925574890927053e-06 7.422567026764641540e-07 3.594868302031748155e-07 2.602735807007294497e-07 1.997395157278314843e-07 1.491514651730568806e-07 1.038005230003132113e-07 9.127335869285061144e-08 3.091162522739717092e-07
5.515582366205163828e-07 5.069487436221696975e-07 4.746755299904323367e-07 3.949063451998928505e-07 1.637554865746848075e-06 3.455303170455077280e-07 8.546265177335835663e-07 1.759900033073034083e-07 1.633816831584723354e-07 9.226819746435827420e-08 1.200365472251193636e-07
1.529919126333791845e-06 1.356490521785579307e-06 9.456650095129953641e-07 6.879434126326928948e-07 4.755216463672932333e-07 1.238834068919207165e-06 3.878491506222650876e-07 1.755841866436581451e-07 1.773617214447898027e-07 7.616508687452027982e-08 3.188214259763526567e-08
1.090100099567309835e-06 4.674614477710747036e-06 2.952066900193314380e-06 3.275708042667692871e-07 2.259410340238833800e-07 2.075614253894980370e-07 3.483123234182261005e-07 1.267316443139370440e-07 9.376964505532966903e-08 6.324435859183071685e-08 1.261722856031603575e-07
4.205201072806028572e-06 3.110738068795563997e-06 1.371337947148576369e-06 6.019905961872916875e-07 3.640962324481161909e-07 2.655064083535564686e-07 2.229439962741945969e-07 7.376527162572587787e-07 1.279959201238828610e-07 1.687211899632539838e-07 2.140896239219207073e-07
1.281052384241536747e-05 3.873539580027535619e-06 2.313690691483971524e-06 2.207013561727209299e-06 5.714281968773063775e-07 1.005704791970172560e-06 2.521159883117514443e-07 3.035087918749984326e-07 2.730355478924391626e-07 7.387920591220366073e-08 8.733300404713487536e-08
4.832898396224002558e-06 3.372719563610480194e-06 1.517708157428828787e-06 7.074468438098393945e-07 1.120684290465318924e-06 2.780153114207611630e-07 1.972652725183233830e-07 5.760587152841526956e-07 2.640969101454324900e-07 1.665526338801100219e-07 9.484690413432422985e-08
4.856912174241838009e-07 4.720962686522465644e-07 4.125409950154824088e-07 2.811528429021830364e-07 2.136785724883666657e-07 2.091647808782321915e-07 1.877736340135090574e-07 1.559084494038208761e-07 1.391662904586128438e-07 3.265379773230466976e-07 6.926974180797235150e-08
3.718212033395636976e-06 1.376632783555175777e-06 7.635843802380029891e-07 6.203065305653697028e-07 4.446893490456646723e-07 1.246437296835266622e-06 2.329044755892409130e-07 8.917984596946667550e-07 1.582055902312264973e-07 9.037790948962275416e-08 9.392668901312292400e-08
4.335245723839744614e-06 2.493964165818952634e-06 1.468757891110696463e-06 4.807014312041309294e-07 3.360549148685388289e-07 2.723953159099127320e-07 2.005493835619214895e-07 1.343352248134018053e-07 1.418329150491508400e-07 1.630401683143883586e-07 3.180859837870301902e-08
7.038124234387833974e-07 5.403084857625124088e-07 5.743952581126163247e-07 4.523633417570918175e-07 3.113148797835698671e-07 3.700708521727953546e-07 2.127571017538207563e-07 1.517170104722233739e-07 1.595430080304671834e-07 1.381770424757770306e-07 1.916680818394266398e-07
2.453562220276664957e-06 2.081223441651627832e-06 1.847450106475696406e-06 1.275337964260552162e-06 1.540185249806733714e-06 3.612258083517161375e-07 2.291971468604077408e-07 3.916481345904691529e-07 1.361391368266930286e-07 7.732368159223769990e-08 1.279725730040930386e-07
2.906320835540801637e-06 2.118788023833075761e-06 1.187162932671463603e-06 7.138424463809168280e-07 3.102869260162830179e-07 2.672274213040317891e-07 1.980656711061460588e-07 1.461599775206966191e-07 1.835750183788070176e-07 8.472288729890105002e-08 5.673840570844324446e-08
6.489171598415524875e-06 6.969387444760634223e-06 1.745411048734732578e-06 1.177298614739203313e-06 6.063627164428680963e-07 1.609067907534866710e-06 1.993564918167517142e-07 1.492159726345716816e-07 4.914342381187912571e-07 7.943623691105165094e-08 1.704407116849157327e-07
5.837164534803146776e-07 4.791177149918194495e-07 3.408809994605097806e-07 3.003247828088308226e-07 2.508789067851444570e-06 5.954444555599473864e-07 2.041802683417198902e-07 1.346974943969422413e-07 8.808361428517201091e-08 3.685143929350246417e-07 3.780753629472153508e-08
1.448538890071065452e-06 1.105463784191103301e-06 6.491571622883313911e-07 3.561441866949580307e-07 3.331701114562785869e-07 2.707407305872032635e-07 2.433505766334354217e-07 1.965942541469666369e-07 1.274206521987411352e-07 2.571277692013235656e-07 6.478869119565328450e-08
3.979230725062188650e-06 4.120921338517648847e-06 3.657250872250515284e-06 2.042828361472808305e-06 9.846140512478891728e-07 6.961829560060267522e-07 2.232327373768247586e-07 2.117134427422306988e-07 9.804205587092985075e-08 2.247288458418365527e-07 1.122019018003093651e-07
3.946236676330579242e-06 1.365732663944604062e-06 1.552515328468583366e-06 6.950413887625357076e-07 4.576463985058512344e-07 3.618475371836207949e-07 2.684767957181762073e-07 4.881881456107916734e-07 1.410362795276162663e-07 5.371671944495745529e-08 4.955000076097639530e-08
7.526350618730311666e-07 5.455434942502272130e-07 4.699194549111302000e-07 5.163870914391733643e-07 3.831313165763767240e-07 3.127770096659899533e-07 3.987896395459494219e-07 2.029232221630396624e-07 2.297859781253102031e-07 1.089969506624375719e-07 5.014434651584932498e-08
4.359079974151123277e-06 2.100416111218738568e-06 1.609829999357593070e-06 1.234198461618534378e-06 8.561934144187661959e-07 1.387880412499275918e-06 2.315876905383019939e-07 1.410978363826710870e-07 1.013649555204141612e-07 9.125700389534225922e-08 2.737621196715537087e-07
3.257967588060469823e-06 1.569448605209283402e-06 3.749443815954231913e-07 3.366350606786659343e-07 3.467617076072446574e-07 1.615401584637310397e-06 1.676373934757281176e-07 1.265981984451232618e-07 1.505735411985445078e-07 1.067485462708656974e-07 2.382918715548080189e-07
3.703267558177155276e-06 2.110990422150477495e-06 1.132462849216819658e-06 3.107860675478500768e-07 1.331706825445272278e-06 1.753056373015047409e-07 1.300919913296953109e-07 1.262074686838749365e-07 2.124913151426018327e-07 1.041661558358871328e-07 7.670041585220276175e-08
3.806471150116057973e-06 4.669555475720237723e-06 4.599803749527556190e-06 2.078666109415362390e-06 6.175474553177016242e-07 4.221972144681248954e-07 2.128395347776956465e-07 1.211782071842991605e-07 9.413822001232043463e-08 1.536321537657913253e-07 7.354967196820969692e-08
4.744023241914298953e-06 3.616290697442559077e-06 2.581427219024042314e-06 1.721000511605069482e-06 4.974347239685443315e-07 2.523525160470240675e-07 1.745499963664030239e-07 1.828751962330592338e-07 1.322120524022359319e-07 3.953206101755770770e-07 6.084397388648679572e-08
1.894187690748728032e-06 1.273967294365110954e-06 1.039959224851513216e-06 1.350569389855296452e-06 5.726903558181513396e-07 7.415001107620865453e-07 3.070436871570480173e-07 1.583196339911484528e-07 1.995641441214997219e-07 9.439123853103238699e-07 4.746347921621238941e-08
3.618817174870068664e-06 1.496554144032662320e-06 4.900891241308306065e-07 2.919264847821734624e-07 2.383605215369175711e-07 2.076819043828121620e-07 1.712151148288108117e-07 1.673892433789204526e-07 9.518881467619317128e-08 6.231850591244729809e-08 1.705337585189908569e-07
1.149084232383604826e-06 3.876167657108486747e-07 3.536469019084649929e-07 2.899550880476724499e-07 2.433719628954531736e-07 2.085093265878336615e-07 2.071996856579478746e-07 1.376990576461019250e-07 8.965292614664301416e-08 7.961437188483493900e-08 4.015059759429388722e-08
6.188189189897276357e-07 6.902455348001317561e-07 7.936701335441687914e-07 6.867824943501486573e-07 3.199682890473619131e-07 7.619555395046786867e-07 4.488874827475277149e-07 2.481268751061074787e-07 9.473122039024318678e-08 1.786039897523851041e-07 4.338119291098054479e-08
3.901377312816549398e-06 1.171679304191320978e-05 6.061486520975074390e-06 4.423392598175400420e-07 3.406459595212328698e-07 2.199535461519393893e-06 3.715804264933389409e-07 3.160366155902674222e-07 4.955616380756623144e-07 4.705825439850746040e-08 2.987918212762184819e-07
2.218015956986647323e-06 9.770724636707559556e-07 7.914536564351829600e-07 8.696137004401379511e-07 3.169177726782380474e-07 2.250410361093529939e-07 1.900023933101980295e-07 1.765847408512849989e-06 2.016976577600731407e-07 6.329978432261695769e-08 7.774302689036557630e-08
3.133813683337024822e-06 3.252353246869383181e-06 1.876386380967097836e-06 6.492674768476363979e-07 5.413953371142523996e-07 9.746828774113651480e-07 3.203141928276588160e-07 1.289212792809799395e-07 1.329948842126401406e-07 7.511538564398001373e-08 6.688422869592318114e-08
5.394990125825374825e-07 4.882025087491141745e-07 4.211388760478856016e-07 3.995036315909316754e-07 3.328748449395993393e-07 2.610906119052884424e-07 1.961468225372344904e-07 1.428405398233919900e-07 2.614933344715299191e-07 1.119536840593749082e-07 2.529472192063240064e-08
3.022887424624669022e-06 2.858512055611010216e-06 1.055322655332726611e-06 5.876901788789942010e-07 2.904869821202720214e-07 2.188784619137098598e-07 1.808010401626685929e-07 1.424025961877139344e-07 1.035839878166696902e-07 1.187646893698432798e-07 6.463414893219963762e-08
3.824108978552050343e-07 3.410682834352003284e-07 3.229250304488487586e-07 2.650112511719329715e-07 2.122212686406589260e-07 2.053223592427865053e-07 1.668400611549505031e-07 1.160181799311154739e-07 9.962396369507629931e-08 1.795602051740380104e-07 6.854527338613460053e-07
4.290867110130316217e-07 3.511399476758385617e-07 4.551344071156216103e-07 3.866151860314367389e-07 2.785129437154895302e-07 3.052155485977094607e-07 2.009541791548637235e-07 2.096645855538230910e-07 8.402571801418621061e-08 5.156615457292052836e-08 3.170240850585886844e-08
2.533127274077988425e-06 1.644370507937971185e-06 9.976059833033942687e-07 3.810261171576564567e-07 3.143094979776028529e-07 2.908023383279559577e-07 3.394668578531940423e-07 1.318463833179730329e-07 9.155976055135306523e-08 8.855339213973270073e-08 5.745256173316371482e-08
8.483647819224438007e-07 1.119521392635228894e-06 5.963496214412230800e-07 7.078698147532856819e-07 4.452307913853450210e-07 4.029049856508547885e-07 2.560645176074583124e-07 4.701140098403868651e-07 1.078678578678133332e-07 6.777260568588407268e-08 5.537422567606794191e-08
3.307606171057264023e-06 2.948878534539347490e-06 1.721466555331427335e-06 2.975478330124856776e-07 1.859512652558331499e-07 1.624957489139708248e-07 1.431851520230946347e-07 1.706981367443264185e-06 4.044895616394146766e-07 1.578316579975164831e-07 4.342489222970538139e-08
4.784812513067269966e-06 2.598697283741581356e-06 1.095194072133474184e-06 3.798816913796727023e-07 3.164153343233794300e-07 2.452564507298382632e-07 2.229487667572301088e-07 1.517283519225266611e-07 4.895949205354478926e-07 3.139747076453696226e-07 7.884755674999698163e-08
4.353227099994882796e-06 2.381175313016810093e-06 1.368147654024155625e-06 4.384794714144858646e-07 2.983495446569904200e-07 2.479217019529192014e-07 1.354993305586343692e-07 1.006444066364411689e-07 1.321169792996786365e-07 3.268567081715774020e-07 3.829710894754866968e-08
4.968028458477779114e-07 4.489910311459844147e-07 3.792118522965349193e-07 3.209568165699888263e-07 2.365837252077516695e-07 2.157942774441003591e-07 1.714269373368434569e-07 3.117661618736972158e-07 1.389537238920915423e-07 1.391384413459366696e-07 1.745109264686734044e-07
1.252513955988269111e-06 9.178648322392497961e-07 1.566696806033096569e-06 8.258127169336430851e-07 1.305338574952476879e-06 2.705063447493606558e-07 1.918074248938113156e-07 1.309056252391070089e-07 4.549235794109939510e-07 9.745558500848885767e-08 2.320224010926053546e-08
5.799308959969727043e-06 2.757280182359717267e-06 1.418087066216595972e-06 1.150209775129845497e-06 9.471521516999676741e-07 5.851593491697108341e-07 1.989265221126799509e-07 1.335196382161176549e-07 7.153269666995764418e-08 7.232378542008340336e-08 2.834531047516733135e-08
3.157919609146850057e-07 2.795588832920734984e-07 2.912215519788388421e-07 6.120728705359195283e-07 6.243168619250786325e-07 4.862837461321376895e-07 3.589975192233296847e-07 2.459468881111269534e-07 2.488258501199058444e-07 6.745053505321900756e-08 3.057066016766675770e-07
4.731638217068480682e-07 5.426245280062536824e-07 3.901068877668427243e-07 3.450542409783845808e-07 2.920552906613647514e-07 2.254003088385439026e-07 1.803450690669978213e-07 1.507256637527669327e-07 8.895399073087985566e-08 5.876875572601017645e-08 1.242173213028487220e-07
1.731090145151089894e-06 1.292882557556447579e-06 2.904587990456859455e-06 3.945679324470672639e-06 2.139242418253630166e-06 2.093456672026385610e-07 1.460487332915159417e-07 1.102505680914552792e-07 9.414548822567744686e-08 9.711623173712623854e-08 3.882979708041491491e-07
1.470861790166543683e-06 1.125856580128790651e-06 6.023181026482754552e-07 4.048010975706908113e-07 3.224348933302386882e-07 2.290699258763338468e-07 1.704844727538526243e-07 1.253824384601182013e-07 1.009622621439774942e-07 1.996212382142179421e-07 3.046690715121211420e-08
3.007136932483048604e-06 2.767128256589451237e-06 2.028433049801596255e-06 1.585071507326799452e-06 1.456813735980541145e-06 1.282397611478141110e-06 4.802166616060399564e-07 2.277999243510227127e-07 2.872772693269231212e-07 6.357852824194562897e-08 1.489772432522163214e-07
2.005910475161796550e-06 5.975253025748263984e-07 2.599393092607405293e-07 2.634211944712830992e-07 2.093190509992142408e-07 1.930513972762621352e-07 4.758249350904181631e-07 1.107790167171866022e-07 1.904445822251706079e-07 4.568175451327903331e-07 4.918196082235138367e-08
5.423679049014600277e-06 1.607097784600210345e-06 5.271898145995056851e-07 3.414842705203188291e-07 2.545311216241739004e-07 2.130618658617704659e-07 3.703126745606366526e-07 1.205197573815573352e-07 3.488239396944364854e-07 5.787206751167166768e-08 5.115129727351003360e-08
4.916945005634972299e-06 3.981282514619335450e-06 2.267894127153993028e-06 1.000777361723390861e-06 3.606538674687851853e-07 2.106351517826670178e-07 1.899983781711287925e-07 1.158542075402410775e-07 8.526899939368208437e-08 1.031367217102047134e-07 1.306238821285259349e-07
3.037770867638849446e-06 2.616412381770360341e-06 9.693188931454901987e-07 6.488478342513488953e-07 8.460385127953335234e-07 6.124935102952567607e-07 4.216145928034516291e-07 1.091466235468884372e-07 9.323166760070743521e-08 4.583421431653344702e-08 2.788828009980186337e-08
7.896061411855556192e-06 2.939796771611023350e-06 1.600175889700861996e-06 1.005315767910575085e-06 3.091136658938676755e-07 2.590894995481440394e-07 1.901696427899542688e-07 1.158113556368455541e-07 1.238177406976894587e-07 1.878529468025695647e-07 3.193274076774380968e-08
4.938314439993229328e-06 2.391683892245665306e-06 1.140721453309081836e-06 5.736610785570003520e-07 3.769405214663663581e-07 2.610325432915333504e-07 1.575880267588637886e-07 3.027517013032710518e-07 1.601850291377324283e-07 3.173621804629328319e-07 3.218402968034075249e-08
6.620508956015886374e-06 3.612623237405239887e-06 1.113094314325069330e-06 2.970683128637392068e-07 2.542581552869465780e-07 2.826967710486167232e-07 2.539699828350996076e-07 1.275241196567295049e-07 8.402370039863543221e-08 5.668122914919552306e-08 3.774554196509671591e-08
2.846380110737870759e-06 8.184805724525032294e-07 9.833919804934533395e-07 2.043741343422242281e-06 2.818653075454850805e-07 2.423708428447548020e-07 1.601930503860550716e-07 1.149528414965952761e-07 7.969394044878720483e-08 5.388788446084061180e-08 1.422847483320373047e-07
