6.482423688307385218e-07 5.395251832558430832e-07 5.104284855473288764e-07 4.475181772283095561e-07 3.905061189034944901e-07 3.501035371723170583e-07 3.009544261057782351e-07 2.597352255683658955e-07 2.288335400017033520e-07 1.905930359348420332e-07 1.511771191840884358e-07 1.208880981053801913e-07 9.705672653299156999e-08 7.464142654530452179e-08 1.551851600502457506e-07 5.156949454732406549e-08 1.838777368396772030e-07 5.913303569611418074e-08 3.675084679571169731e-08 9.210047181427194833e-08 1.684280442103286092e-07 1.115489698459527505e-07 3.247499137350406018e-08 7.924484398795078537e-07 7.093907410145203577e-08
3.665176036297914056e-07 3.447762371256053536e-07 3.016770937126666569e-07 3.105344506906716291e-07 2.689405210828286607e-07 2.663214279921279508e-07 2.397623814636356388e-07 2.164427047271594280e-07 1.973438736163534099e-07 1.652078987382794821e-07 1.420182312896088091e-07 1.078256315641312356e-07 9.099145191974293586e-08 6.476481700408131822e-08 4.341393836059036381e-08 3.416087847239957033e-08 3.784749191113919562e-08 1.236075490662694848e-07 2.063128145776940885e-07 7.072548083621429884e-08 3.050565880888436621e-07 1.227759075573167035e-07 8.849917876585196068e-08 9.268028775545999256e-08 2.286176540499161595e-07
7.946867103089811626e-07 6.548589212380129022e-07 5.484627984187864970e-07 5.479350293434108624e-07 4.661978137797713182e-07 4.402795076679327349e-07 3.524802415776541472e-07 2.824638515863297019e-07 2.297853980042986165e-07 2.048478094369922427e-07 1.892667799690789756e-07 1.585603565387371274e-07 6.674612830264621741e-07 1.051947499431428370e-07 1.428824629323767877e-07 8.459472216470139574e-07 7.092097001595280738e-08 4.849844974760168461e-08 9.108956744447467073e-08 3.040098217961249235e-08 7.665088910644429482e-09 1.215484619807185185e-07 4.826734173595836717e-07 3.951794464839512928e-07 7.908857232683926661e-08
7.646805633897839884e-07 5.544149210839211224e-07 5.709796959939700293e-07 4.862098016250290829e-07 4.820077258430943158e-07 4.226631587642842026e-07 3.594525558947437289e-07 2.863422093740243132e-07 2.144336364513905042e-07 1.845710115796564152e-07 1.763839162471875995e-07 1.486223856109367930e-07 1.099923363434146302e-07 8.201709865507334850e-08 5.949518830317161877e-08 4.642380781743367276e-08 3.877073559850167016e-08 2.928387775768331934e-08 5.992973916173382172e-08 9.501940994977184988e-08 6.891347351051518625e-08 3.778177221147400089e-07 9.616250414505300216e-08 1.333333940486738550e-08 5.179967665776824267e-08
3.861539310526965857e-07 3.754635626448269183e-07 4.413293704389584530e-07 3.325445630984972467e-07 2.741939291147298258e-07 2.086986636899470377e-07 1.856059305000558650e-07 1.582848992131837620e-07 1.425036599642598692e-07 1.216791977530213829e-07 1.001825178411214905e-07 8.694702220131386201e-08 8.083312813280042716e-08 7.843808496488108223e-08 7.432322141966441016e-08 6.096489251735574226e-08 5.143662223820468783e-08 5.071406947709065789e-08 6.492822731951624670e-08 3.489031308186422617e-08 1.038026610076324626e-07 2.344257303390973295e-08 5.857985619103563486e-08 1.195178027948001924e-08 8.128579644733127336e-08
1.293894351904135840e-06 1.090334922732592877e-06 1.061903650960742731e-06 6.186576251121313031e-07 4.097458620409500171e-07 4.081123292922950799e-07 5.585734433336657073e-07 5.527945562888291015e-07 2.929010693991458490e-07 2.267593649489686998e-07 1.890606128098125958e-07 1.448790514024176335e-07 1.180651355388041747e-07 9.544228052329262553e-08 1.973698256718767249e-07 5.851425876537128158e-08 4.893476980724603320e-08 3.695862683452424279e-08 1.955444377312334692e-08 9.442402582362001728e-09 5.276723765887768393e-07 2.344256324382480634e-08 2.563449602425207503e-07 2.233302541221250749e-07 1.381931502788208133e-07
6.806691282433609630e-07 5.482977151257811923e-07 5.537071852538099343e-07 5.338359335081256270e-07 4.572067888986625677e-07 3.686414214546489749e-07 2.966618831011760331e-07 2.644423078609828471e-07 2.340248655455151248e-07 1.957598396379155993e-07 1.661249515173805037e-07 1.558404965942625105e-07 1.004113610011437038e-07 7.185940327969616990e-08 1.024803164781706095e-07 5.381626503672716865e-08 6.407007280066076580e-08 1.862271463757773236e-08 4.688079813860732321e-08 1.933513690070300133e-07 1.131054228989618124e-07 5.220627252571226110e-08 1.377824870077832557e-07 1.011044619444883045e-07 8.620017915517964384e-08
9.843963556618474705e-07 1.621190858613399571e-06 8.279636359008747697e-07 6.515877972089054589e-07 4.837487998885494316e-07 3.812540879407279783e-07 3.797670947834714480e-07 3.076034868375787570e-06 4.070401728224769875e-06 1.303077159583163030e-06 7.361456061134662901e-07 2.040777638939151058e-07 1.314962424367364405e-07 1.787792946189074896e-07 4.431867397632223619e-08 3.618413511201423923e-08 7.311148223804507066e-08 1.036509272909134519e-08 1.134433598685211316e-08 1.204186071619408857e-07 7.285399741200556136e-08 1.079723111771633190e-07 2.635870864544278598e-08 2.388624188358433171e-08 1.720877741881201409e-07
6.678869891699751770e-07 6.131017416876430186e-07 5.538756194043085957e-07 5.003499970704351234e-07 4.089218247855373335e-07 3.428535875104051314e-07 3.125630451297365116e-07 2.728326273826590872e-07 2.492819617239565578e-07 2.253927143258183503e-07 1.872099976252595344e-07 1.717893129265337631e-07 1.123430335330335881e-07 8.864483556294308069e-08 6.375684642689693279e-08 4.024628851781869083e-08 2.300110868795626206e-08 7.546427720524752361e-08 4.608210061892657165e-08 1.499027960380536866e-07 6.545200277167732088e-07 6.639369788104503066e-08 1.430228525083784965e-07 4.429217793772320717e-08 9.994250214092507060e-08
8.942843060737726398e-07 1.483480220503068429e-06 1.100089406222932893e-06 4.540138983014504816e-07 6.043899121678692504e-07 3.198595088865389035e-07 3.088579718332574115e-07 3.415303206031424736e-07 2.341790879659201558e-07 1.981017011664336990e-07 1.803949913184173556e-07 2.914111623621450389e-07 1.205114928817579341e-07 1.906530995032715293e-07 1.321324507908421468e-06 7.290599372340112230e-08 3.297936368281204996e-07 1.544765572504187547e-08 2.445200758039079878e-08 2.716880268040470896e-07 8.516476602244461630e-09 1.554931025246875654e-08 5.513205299943882807e-09 2.879285476399902701e-08 1.379073280501386767e-07
5.908853185530120639e-07 6.051111561982285345e-07 6.269913603573550361e-07 5.569113704981740323e-07 4.582814054467064484e-07 3.821805540928086022e-07 3.194324368348418580e-07 2.583048654553632672e-07 2.123546559533587603e-07 1.750574153128190881e-07 1.509886922906438684e-07 1.290722586885113818e-07 9.360397198478006197e-08 7.313872587348856454e-08 5.540650590710513149e-08 6.931896584552515478e-08 4.174752786786850435e-08 2.341870701079649903e-08 9.371179481364207417e-09 4.346828130147166303e-09 4.338075007655272303e-08 2.811536527552244481e-08 1.794343870225438793e-07 1.346581720499974563e-09 2.466403253795202966e-09
4.085462542503026887e-07 4.055280984493636193e-07 3.730325207614437968e-07 3.755266289257047045e-07 3.233206011074724096e-07 2.998534801928833774e-07 2.698465446624492292e-07 2.500061574422390079e-07 2.189722446181659902e-07 1.862094700891460430e-07 1.543534828513095444e-07 2.547299279591435334e-07 1.096300108758499407e-07 2.252446276040001892e-07 1.207424354094384418e-07 7.270378642812969796e-08 4.270062577548225696e-08 2.197674567148098517e-08 1.463797412841042982e-08 9.587181523486845583e-09 5.976745776790359604e-09 1.009327370835133558e-08 4.403141645305318675e-08 1.728348278530426790e-07 3.059142833154345829e-07
6.659102413180768984e-07 6.056174904311687744e-07 5.184789896311082678e-07 4.493767275179953261e-07 4.393913896744496420e-07 3.871780342173645018e-07 3.508218063174032043e-07 3.011571680055538647e-07 2.935535328060787776e-07 2.327911485218324521e-07 1.681753994261397879e-07 1.313701940873726728e-07 9.708815458183340832e-08 6.977698218396750035e-08 4.771277367644189696e-08 2.051284555093751660e-07 1.699482617758248078e-08 8.769580439875259221e-09 4.984352310035178141e-09 3.465680350286445281e-09 1.293534137890409453e-08 1.412104125501310727e-09 3.655462733921807221e-07 1.357493123099162797e-07 2.016016102617886670e-09
1.422106126731279856e-06 9.858293219479176476e-07 1.010878105038511853e-06 8.368942656603631229e-07 5.201184199935571636e-07 2.631000674444667731e-07 2.792034717384255920e-07 1.586175388101506607e-07 1.222844598656888305e-07 1.587939049844060558e-07 1.762296293483165855e-07 9.424358197797023391e-08 7.957658266918439490e-08 4.367300863485956829e-07 6.461936093652900594e-08 1.811157232792327951e-07 3.575771674487901070e-08 3.760336903668348862e-07 2.700214099913071371e-08 5.897231418325072864e-08 9.948079278782219675e-09 1.022828466160163615e-08 3.866375906920846867e-09 1.701532209792884126e-08 2.120812704029718268e-07
3.338879975000342214e-07 3.574356622389115621e-07 2.476736101954098255e-07 2.345665317960363275e-07 2.174218626614266429e-07 1.909760265468033009e-07 1.596715780023642872e-07 1.472227837342189330e-07 1.473645845492257677e-07 1.497538550404025540e-07 1.277297392967123318e-07 9.295959750683265977e-08 8.276250011709458648e-08 7.467159366085967266e-08 7.000256699085057428e-08 2.790897062199976293e-07 4.036898125956586122e-08 4.307394250721860897e-08 2.865002796145471764e-08 1.432358215953744679e-07 2.910427767053464331e-08 8.476374720813888748e-09 2.699241261083954045e-08 1.951827853824836524e-07 8.179285302858315928e-08
2.995337954589753224e-06 2.095223156869819832e-06 8.601522731836815524e-07 4.704361607167766071e-07 4.165316485020678019e-07 3.660425655446333982e-07 3.091088871472329931e-07 2.731981790791683544e-07 2.299588564382464908e-07 2.224399928463325001e-07 9.673284530606835780e-07 1.482553460642002113e-07 9.256526139383859894e-08 7.213134082137453425e-08 4.909557669946951990e-08 1.141527532395014052e-07 2.658232585408098311e-08 2.542780052820214600e-08 5.981180878534616964e-08 1.018645771765038323e-07 9.513623822166628109e-09 1.195509943243841986e-07 1.957370530515646739e-07 1.126057996166448508e-07 6.865247805387871865e-08
5.300348422810114161e-07 5.670778066762276964e-07 4.451172457587076504e-07 4.223771842623561238e-07 5.978306970201968530e-07 4.551674536378794335e-07 3.456374713660275017e-07 2.668643213784341506e-07 2.405013328742567754e-07 2.007465333937550356e-07 2.492673560857615025e-07 1.520489046585642086e-07 9.021347040513559347e-08 6.693275278783567563e-08 6.041091404887818494e-08 4.229561047124435138e-07 4.123393714871209913e-08 2.380026539408809046e-08 1.777827522744793109e-08 8.917399531768491484e-09 7.145789274752529903e-08 3.061923372523560211e-07 1.496908761835477850e-08 1.039317310633250276e-07 9.487522775913670602e-08
6.159002096690089820e-07 6.481670451772671487e-07 5.161198068111906187e-07 4.211439869780624636e-07 3.735383581730522402e-07 3.196393812452608251e-07 3.179539591893991872e-07 2.778146934356164994e-07 1.255473403003539606e-06 2.978374167313719969e-07 1.895102929173562245e-07 3.318181259083202185e-07 1.000815246716569886e-07 1.012499387906346582e-07 1.612264654637707449e-07 4.407668121383344018e-08 2.979425814300031564e-08 2.265672250351288870e-08 3.850567428045402775e-08 2.886473904593800495e-08 5.007887514062530937e-09 2.523998438172998788e-09 3.204540240292117044e-07 4.334513334018913237e-08 3.210290859177620772e-07
4.909763765414194391e-07 4.249017949362589173e-07 3.505371302674129395e-07 3.162693931467776617e-07 3.194644703817672706e-07 3.276073405811333099e-07 3.184907941017414784e-07 3.232785045546876715e-07 5.233874383093379154e-07 4.312220223810191850e-07 1.621035597073388925e-07 1.538059414172648861e-07 1.561749145909303250e-07 2.940486729703308908e-07 4.703090143205233990e-08 5.422840237347085215e-08 1.672227723602437028e-07 1.109799227493445581e-07 8.518959792653198991e-09 4.303089206482962734e-09 2.744962673325846685e-08 3.637359829769691874e-08 3.124068322667698228e-07 1.063765497606399992e-07 9.466885767482027955e-08
1.187062569475727470e-06 8.411318782160558686e-07 9.757785471856616182e-07 4.910521464059293125e-07 4.891469012802557704e-07 3.775693494043432804e-07 3.705211415047336139e-07 3.096835479812311896e-07 2.635068807635839163e-07 1.977059930463290607e-07 1.602380670179136484e-07 1.388683104884758632e-07 1.048350722618212806e-07 9.331611135322178398e-08 6.155090403594074836e-08 3.725971025571353360e-08 3.389521744368045669e-08 1.440599728830815365e-08 1.752796789229377552e-07 5.266560258314392419e-09 2.266683538966285711e-08 1.002868428279489170e-08 5.206027602474143661e-09 4.562170141681043815e-08 2.173400309014311127e-08
4.526796329869501801e-07 4.071100577389060604e-07 4.399938952686430691e-07 4.295933064198927069e-07 3.779679514450671302e-07 3.396962447532893078e-07 2.967147858797671258e-07 2.603522702114271008e-07 2.147190410161424843e-07 1.774598726257288223e-07 1.463155929393267958e-07 1.096360558779814442e-07 1.351967678632759072e-07 7.133650846129364094e-08 2.018558736329691334e-07 8.493409169762539857e-08 2.796003442972364470e-08 1.953201628378789795e-08 1.776442163465692364e-07 1.652375975521419415e-08 1.125434826161321021e-07 4.655030233158690285e-08 3.602419703324356571e-07 3.220547863204775085e-07 1.077163232465079788e-07
2.700690583258125001e-07 2.935553055899902695e-07 3.239779624223506243e-07 3.257903311672150941e-07 2.739231937072051147e-07 2.567932096037116215e-07 2.377552615386696972e-07 1.834414636130532974e-07 1.575297742065750396e-07 1.302756150409939075e-07 1.065311449674513290e-07 8.732093779306589867e-08 1.504938126034520040e-07 6.952310702451752510e-07 5.092213052985271790e-08 1.416453208264845019e-07 4.722819656756549801e-08 1.050502237673810552e-08 7.037121481334285104e-09 1.887148193310203546e-07 2.701864631213047466e-07 6.343298211589101858e-08 9.590110065302978334e-09 3.106800966957909306e-07 1.941730230301761626e-07
4.410912193794921637e-07 2.710809784488400226e-07 2.836895128489988556e-07 2.182017170168941414e-07 2.037950345592594032e-07 1.829116446998486338e-07 3.092048457140485514e-07 3.333180879434852427e-07 1.798147625783355768e-07 1.627284744374633726e-07 2.189283331533601627e-07 8.782490235787125723e-07 2.237445030292122802e-07 1.110410418969271431e-07 6.390735086319346587e-08 5.106069715293728692e-08 9.722311168155587808e-08 2.198994635133325862e-08 1.567719693616999786e-08 3.177218920572165427e-07 2.309025902433162307e-07 5.470488244782262629e-09 2.118619210977187230e-07 2.866460804440388217e-08 2.512308979926893467e-07
2.677786270136121127e-07 2.184294164262914365e-07 2.178756055816307190e-07 2.006187199281641099e-07 1.882659310002602651e-07 1.753330576945660315e-07 1.806108988822195982e-07 2.050190637075680539e-07 1.459666443574418736e-07 1.418134319372880954e-07 2.226757218001366458e-07 1.605947407544245583e-07 9.956177943823771512e-08 6.620372015767700145e-08 4.220451809645695380e-08 3.569680003167367315e-08 3.243887258834281950e-07 3.496551535791286310e-08 8.982813918309551874e-08 2.030669374037993839e-07 1.869944088022615562e-08 4.548069623839264302e-08 8.856698105842498308e-08 5.350058469818265978e-08 2.875550591779217971e-07
4.964590097959761223e-07 4.178644101651560925e-07 4.315614383873003190e-07 3.990614731531660274e-07 3.194428375725180673e-07 2.914771092758080708e-07 2.357521356437737520e-07 2.050836575693793970e-07 1.710951512184879430e-07 1.427365902174513682e-07 1.219463265412140478e-07 9.386148397728140304e-08 7.270742531639251819e-08 6.201246634626969861e-08 5.982112838307357983e-08 2.062872812469461425e-07 5.727868591973790291e-08 2.242537660439652277e-08 4.875228251359956837e-08 1.252290280559355361e-08 7.955386695125188025e-09 5.425562526833038531e-08 8.675528389632677657e-08 5.494395815045919567e-08 1.190020143339138943e-07
3.811599869843485374e-07 3.788592164181114577e-07 3.635612589274569439e-07 3.263238969810950464e-07 2.793063062629675969e-07 2.405294114800575422e-07 2.172057728244191392e-07 2.001905001584895343e-07 1.787840354296270116e-07 1.557373975097839183e-07 1.556811688724522507e-07 1.496570410537986271e-07 9.309918010283800198e-08 7.004168770047671494e-08 5.909662459713469185e-08 6.921386744249377784e-08 1.215798097750681308e-07 1.309203057654989107e-07 2.513521356524711334e-08 3.655055135666263803e-08 1.988361498632999096e-08 7.316430474788763177e-09 3.847424507902872947e-08 1.969329389490139612e-07 3.800603585345698829e-08
3.094878917653947736e-07 5.682039378791785955e-07 2.872935069793852198e-07 2.608480371005013420e-07 2.881754241887279941e-07 5.476234134117143091e-07 4.273139171523093360e-07 2.595647569869276722e-06 1.288339187445260997e-07 9.879458588655543406e-08 7.868931064370338668e-08 5.558641625254019234e-08 1.122045782621667514e-07 5.380890930426377343e-08 1.380234270101463267e-06 7.726517168528511946e-08 4.027393671666918342e-08 2.614178923636098540e-07 5.406069292873455366e-08 1.376963774866296483e-08 2.111700285094133635e-08 4.471150733279237801e-08 2.412772410028765218e-07 1.947960117875517059e-07 8.222504073214059520e-07
3.609468650788161206e-07 2.989712964598112258e-07 3.286411935856466230e-07 3.452642548490966194e-07 2.263317003125497197e-07 1.916683923219287802e-07 1.527372746164630495e-07 1.307589025728245875e-07 1.794285120510452906e-07 1.560224513683836158e-07 1.122861055760765976e-07 8.898535578789109823e-08 7.089868692741959428e-08 5.937769966111606841e-08 5.352819641920251917e-08 2.048826631065210014e-07 1.819234569568402011e-07 1.302040073900684045e-07 3.947346125856241166e-07 4.876966373436906953e-08 1.741718681007654784e-07 2.944785969376005717e-08 1.231183207518632110e-07 8.011528614072895717e-08 9.062643205444783280e-08
1.596640627446128634e-06 6.571748791968667272e-07 4.944047964368697497e-07 5.417890102135044928e-07 5.853003507454811406e-07 4.636596043933680335e-07 3.763209968086399454e-07 2.520798167152270890e-07 2.072302774996097139e-07 1.612489306149199009e-07 1.398501436991677168e-07 1.107615301439681504e-07 8.811561064169800724e-08 7.221864632257081194e-08 1.140798417980572561e-07 6.410628669147832132e-08 1.060405228193625278e-07 1.988476661160123532e-08 7.511440984581236102e-09 4.608740037562570176e-09 4.924722589678495252e-09 3.006771835914959070e-08 3.885715512168291512e-08 8.180958709968560031e-08 7.774541204463150072e-08
4.064101719548049552e-07 4.140919390522054102e-07 3.636341919643928464e-07 3.378577209158761029e-07 2.777847547147101252e-07 2.412890605940238256e-07 2.093140755657293597e-07 1.756413458172131111e-07 1.484505212648017625e-07 1.360137952951350651e-07 1.284671675043270218e-07 9.555526635593560228e-08 7.898056918700233165e-08 6.134600949817216271e-08 5.018418433198400257e-08 3.552706420126877764e-08 4.745506834699193608e-08 2.747980170272890181e-08 9.158693962297525791e-09 4.398399371804764990e-07 9.998618612728977785e-09 7.775203414491933473e-09 7.149642193167987356e-09 4.103020519822572243e-09 1.408419890559536974e-07
1.123613710285212615e-06 7.399165798676070621e-07 7.135791932380099571e-07 5.208494387073305673e-07 3.933486669624404353e-07 3.592637772712171358e-07 3.560261413531834335e-07 2.308984249256959278e-07 2.105858721019136437e-07 2.121184610594805051e-07 1.657252677116784049e-07 1.341630303342257921e-07 1.959826453254304799e-07 1.107911659094068973e-07 8.360155559271319962e-07 4.166379908717121174e-08 1.588717587759363273e-08 9.206197272523354527e-09 6.611211994712620351e-09 3.518154277685002639e-09 7.441488412446840560e-08 2.288274203014631053e-08 1.191813155573468370e-08 9.773807466375747893e-08 2.338860816047964897e-08
4.692729336718748101e-07 4.128414215896227606e-07 3.766589684362144515e-07 3.443037382614803808e-07 3.050628860500336474e-07 2.850893562072322357e-07 2.704440344929253184e-07 8.491663192597332972e-07 1.021232329944868348e-06 1.610887003236524714e-07 1.142009707380930241e-07 8.295071087865936382e-08 6.150140497401661848e-08 8.832948096141119806e-08 3.541476611290437129e-08 2.642075681774710450e-08 3.782714132409894651e-08 9.611141046698949119e-09 3.387221895177567551e-08 1.763945630449510743e-07 9.324336061057512928e-08 8.415314081166894204e-08 1.437206588218861244e-07 4.053329614489553196e-08 1.806517168725678315e-08
3.371103467692475991e-07 3.435985793438750610e-07 3.801959250911842791e-07 3.798288509467582566e-07 3.005289563837435418e-07 2.842394544699717185e-07 2.499105438415823467e-07 1.822243530058035664e-07 1.856290464063847382e-07 1.074522660397161444e-07 1.124034864743775266e-07 8.289794448313830313e-08 6.194421078190043226e-07 1.780556428402446281e-07 6.261481584333077712e-08 2.439797925448599038e-07 2.146405448438958512e-08 2.115112649254179307e-07 6.194257652715809961e-08 2.355250044019227460e-08 1.387739977043166950e-07 8.165664657712315987e-09 1.620491493085274450e-08 2.657706167499701594e-07 2.677306783643740924e-07
5.411007999009283116e-07 5.066290559838201830e-07 3.597046044879513784e-07 3.371157567757012332e-07 2.806540174029370953e-07 2.627741310669414570e-07 2.426017954330425916e-07 2.264275322426580954e-07 1.893335604251597558e-07 1.543363670551770175e-07 1.245518245949608781e-07 1.031812989529234857e-07 8.510557479715019537e-08 7.456209427691064767e-08 8.049257979510880817e-08 2.752427370264397072e-07 1.721784436248500251e-07 2.328856995395683370e-08 6.077252914949175601e-08 4.769348328003550541e-08 1.219726664052507995e-07 4.248499478447743097e-08 1.645098562866496632e-08 1.252390653464138784e-08 1.274170169811363289e-08
1.281241967026228155e-06 9.704454651737272232e-07 1.235401253787356992e-06 1.361736784593237574e-06 1.566945568062066871e-06 2.605227066451747540e-07 2.345158102834515879e-07 3.646020361375251126e-07 9.390482612940306258e-07 1.984227249209156946e-07 1.413251922932991720e-07 1.127498675504292939e-07 8.494294843904285719e-08 5.820750126106249331e-08 3.741177627171052654e-08 2.514314842827877054e-08 1.631185356690534451e-08 1.066543306928941492e-08 7.197956034061745209e-09 3.367814392573777448e-08 7.959608732701739290e-09 3.279156230805306965e-07 7.699847789964379036e-09 3.401784169163713596e-08 4.311853776434648115e-09
6.804645741786353463e-07 6.908320455146256728e-07 6.238808564553834217e-07 6.318112887824063496e-07 6.675277047717760603e-07 4.914170451104328372e-07 3.621082347328488337e-07 2.928594619725868876e-07 2.483422754191874532e-07 1.877167644908889484e-07 1.670989190666456676e-07 1.444303780843628652e-07 1.210758922455300198e-07 1.136160008875656738e-06 4.976090636381201681e-07 1.223354145308562304e-07 2.315639814808186020e-08 1.451815069861594297e-08 1.028666118730696240e-08 3.678394966096350381e-07 3.303474971257454056e-08 2.667795180859833096e-08 4.680864087107467071e-08 1.156246727283441291e-07 1.277628352644054780e-08
8.410175338140463549e-07 9.502643455305972926e-07 5.570824855965544232e-07 4.836401748841977396e-07 4.019253030599555941e-07 3.510541741335809709e-07 2.577172538644764745e-07 2.156989369078175246e-07 2.050882459600726227e-07 2.003196679359071574e-07 1.061341692385384079e-07 9.100724054316809562e-08 1.756415468892756711e-07 6.876107392084369230e-08 4.388026809536578442e-08 2.425401705922784458e-08 1.423587995297816768e-08 9.603815886089762277e-09 2.408893315651228630e-08 6.777959459711541963e-09 5.397453588564200030e-09 6.108084001094102178e-09 3.572802581757690939e-07 1.117703118880339915e-07 6.219883600101121735e-09
5.013816686500263940e-07 4.536569509259288792e-07 3.751128047458282156e-07 3.181819314201601828e-07 3.484404461217424492e-07 3.774344965930932797e-07 3.376583354536323754e-07 8.337989333166032429e-07 1.751722227005680147e-06 2.759828652674146314e-07 1.929109099275553008e-07 9.557271775410166450e-08 6.466421100817979747e-08 4.700268809973222071e-08 1.331384247623490419e-07 3.779059609911015484e-08 1.963824092133905942e-07 1.172616055080739376e-08 8.003645650243343739e-09 3.996939489904220484e-08 4.053276866804641042e-08 3.042265464236494935e-07 8.421455997738911266e-08 3.419416843285529869e-07 2.003499713111176811e-07
4.419253670667231836e-07 4.050195492501257207e-07 3.704324065853426029e-07 3.640430474501508535e-07 2.978938136120781743e-07 2.578078266569239781e-07 2.150234591248505950e-07 1.609255841781898919e-07 1.540962488286715281e-07 1.397519807910191613e-07 1.275260901847121130e-07 1.190455015514352660e-07 2.260084992066949857e-06 3.893684899204844912e-07 6.001364583666517787e-08 4.817657703549358823e-08 4.230198459276730702e-08 2.717949550264411477e-08 1.385350641306879623e-08 1.132663105036150453e-08 8.323432154516672593e-08 3.525753323022016328e-09 5.697939295377979080e-09 8.402601695752860626e-09 1.340170893088607772e-07
8.800661184788038677e-07 7.604960211094846525e-07 5.665002283611538618e-07 5.229229089621846285e-07 3.983981348905198055e-07 3.503382824019777632e-07 3.799270440777092498e-07 5.038432055281467178e-07 5.293140953129919599e-07 2.360201092798649964e-07 1.481320798817243873e-07 1.117871772296775635e-07 8.641522481190663833e-08 2.321871606075136932e-07 6.233269386854389600e-08 2.909552691119411712e-08 1.639026460895101223e-08 9.857661119438278687e-09 6.578883404307922489e-09 1.361452739260776783e-08 3.403574744688971411e-09 5.321693637176337642e-09 9.391472387374190970e-09 4.850158295546807913e-08 2.235848215314129193e-07
1.083743554012405767e-06 9.289605666788257730e-07 6.720385506557303002e-07 5.750170268948050048e-07 4.551712311119645050e-07 3.750012211859077359e-07 3.601189347682076598e-07 3.448032728231956679e-07 2.336857121624583316e-07 1.865858771539661627e-07 1.473816674345564617e-07 1.096492721818259176e-07 8.314184131137477401e-08 6.037086983027043622e-08 4.401584303821848536e-08 3.943836761617374032e-08 3.367674393936327591e-08 1.617440502414243929e-07 1.144938825546530076e-08 4.352031418672847057e-09 3.654575771105978761e-08 1.256776760951183438e-07 5.928689373195237005e-09 1.897787236745151025e-08 7.620341855457031623e-08
7.683912721902289048e-07 6.180920959669118004e-07 5.390326392389224453e-07 4.452764726807823906e-07 3.966798425203650413e-07 5.269284645784220783e-07 4.204072549349512965e-07 3.397870991814277462e-07 2.523500982779313537e-07 2.350463659133729115e-07 1.447104951804076142e-07 1.569144609311884384e-06 3.035741974992774718e-07 6.379225060102171716e-08 4.828058402263810075e-08 3.588654249351097696e-08 3.869657134284789255e-08 5.380209566383752976e-08 3.904561611197850941e-09 2.258411865677578170e-09 3.127426461243656618e-07 1.691665526804292277e-07 1.403951542025254589e-08 8.576168058071193287e-08 2.889624338617718117e-10
5.732835496750569019e-06 2.538614851430738184e-06 1.942741075211726128e-06 1.240146569643981619e-06 5.276273281111773780e-07 4.668503690475704192e-07 3.706683659442538750e-07 2.708952768286686775e-07 2.257161081430867105e-07 2.204810435284919911e-07 1.706608980230232514e-07 1.246083653957035648e-07 8.914472594110965767e-08 6.186031478149129825e-08 4.714431586193011240e-08 2.901591607898699651e-08 3.455538536547750579e-08 9.557336634860880634e-09 6.170693190901721602e-08 5.116741424077195957e-09 5.603365633929053512e-08 5.189326923739344031e-10 7.636372136063906247e-08 3.866703398474738760e-10 2.812296044560553275e-07
3.432773592153566868e-07 5.589860446691366004e-07 1.135775525630275353e-06 4.137775253827493085e-06 3.000605204666332914e-07 2.187397775179365832e-07 1.841263095890149322e-07 1.671912506962730321e-07 2.116122446163443058e-07 1.411468940890048449e-07 1.072022753732435736e-07 9.539408509125316663e-08 6.968232986977566661e-08 1.125993223651100890e-07 4.064803975783395596e-08 3.455112308296056975e-08 2.186831423896985698e-08 1.748895547297815279e-08 1.217070393156804296e-08 1.842741231481302558e-08 3.575037140015076039e-07 1.394807731526259673e-07 9.564237250001277665e-08 2.178619808831730398e-08 3.735223055463472102e-11
3.631112103042992024e-07 3.238965551884036117e-07 2.863425249103786295e-07 2.300058349034590877e-07 2.258670734733437627e-07 1.797281313010090712e-07 1.507804034753160161e-07 1.245893555754279107e-07 1.046828256156998176e-07 8.900896847598267662e-08 5.703234137194115323e-07 5.031121511755044948e-06 9.787618676220529302e-08 7.960278571733542363e-08 6.198872824810323545e-08 1.129400704293687103e-07 2.804522841533898649e-08 1.697000275610890995e-08 8.643605572315157776e-09 7.301067160950535639e-09 1.354812550886955865e-06 5.133004988396680922e-08 1.547630719520508982e-08 3.063033025756922923e-08 5.928410302605211849e-10
5.360840021258951739e-07 3.674347486763297291e-07 3.168815746731744136e-07 2.217575381454206127e-07 2.078321591402682314e-07 1.532859118226798583e-07 1.312956626605771774e-07 4.181702103252697168e-07 1.389807767426340457e-07 1.291599315462881432e-07 1.148068802406865081e-07 9.131906031822048903e-08 9.036366502407998546e-08 4.585161123051675186e-08 3.484737945066067609e-08 3.089878865474579713e-08 2.701448198495417462e-08 3.022468623123656692e-08 4.193699865023637578e-08 9.695048246178522967e-09 5.664753203716841466e-09 3.574491173473831681e-08 8.056917827766758528e-10 6.725833137626217518e-08 1.659236413547551914e-08
6.250408928229566151e-07 5.385070594869769180e-07 4.706091335301112108e-07 4.321903109225544780e-07 3.708673100224671464e-07 3.146410334596711804e-07 2.082186768956205132e-07 1.521376479589150135e-07 1.203917939868322417e-07 1.165147599456796160e-07 1.192416118019636692e-07 1.141140944711463494e-07 1.104535281802554000e-07 6.292609108409033703e-08 6.292704199878421499e-08 3.494087855252752828e-08 2.179784240178445731e-08 1.572488951978056822e-08 9.067333856357982272e-09 5.692215308280111604e-09 3.003624135470900201e-09 1.558913033066376316e-09 1.840159758650869980e-08 3.807272628538452152e-10 2.311878215128081724e-10
4.871292276477688668e-07 4.027949013791414361e-07 5.062775501568053972e-07 4.179140419086334803e-07 3.344314856852983566e-07 2.681333706388896900e-07 2.563767565151518414e-07 2.215302750697796238e-07 2.105728135525872207e-07 3.661534788196973908e-07 1.330270631604992779e-07 1.112596656394447934e-07 8.739443049004136234e-08 2.497889962934188035e-07 1.330254368613512270e-07 2.750851403578020259e-08 1.756281470639490883e-08 1.049586488608412889e-08 5.896581491286869426e-09 3.382072342192219048e-09 1.916842153990221702e-09 1.225711690416509200e-09 7.693771878852153409e-10 7.684446020846900685e-08 4.868330874581502351e-08
4.499716576357466408e-07 3.594433502737140088e-07 3.526860629565205044e-07 2.838270567902018365e-07 3.437597230652807268e-07 2.578036733679857101e-07 2.507547945133547649e-07 2.014883605307043833e-07 1.771998591311238666e-07 2.908376867152538899e-07 1.897603085755845952e-07 1.916983942062156240e-07 8.273430186423929484e-08 6.297472949022470169e-08 4.827192453744863138e-08 2.351714212903322957e-07 2.510054717715297584e-08 1.526321597830148597e-08 1.289302180709752270e-08 3.731709531908967303e-07 2.733182561466076074e-08 2.168739088017586366e-09 7.628615543792369219e-10 4.832448592581045173e-10 3.420338757153278743e-08
1.360069664742301956e-06 9.857204324045191595e-07 5.869103729265906016e-07 4.934661686593090655e-07 3.877233256150830048e-07 3.317744742874971063e-07 2.978928967538613870e-07 2.786053318742593741e-07 2.249273552865591112e-07 3.045145523944791388e-07 1.607932848548673672e-07 1.242225710653927623e-07 1.082180028513830742e-07 8.426403082706191775e-08 7.371687400129687740e-08 6.635319005576163706e-07 7.967783312850658141e-08 2.800979656280080975e-08 5.371118545069418061e-08 2.069413561437961191e-08 1.127913578179951179e-08 3.579110709231543130e-08 1.454074598471728371e-07 1.352950936211975933e-07 1.015218339672575518e-07
5.158980338301626638e-07 5.447632845554950762e-07 4.478070071379016025e-07 3.543830379346577971e-07 3.844189018031666273e-07 3.512271664884382063e-07 5.371751474342655018e-07 2.490266202307347081e-07 2.090590467132550791e-07 1.605887775136868842e-07 1.152180844363722435e-07 9.718777170681842149e-08 8.452277014175911115e-08 9.525856455668994450e-08 2.246688906199743933e-07 3.417080892071529818e-08 3.242614351300302089e-08 8.481151416639779603e-07 2.194026897994525054e-08 7.223486497122331255e-09 1.563895063784468704e-08 7.829512715520667576e-07 1.485742973082062012e-09 1.580529966277271485e-07 1.045648399161968223e-07
4.594455095361239081e-07 2.236192578460621436e-06 1.175236489403059890e-06 4.354939110305028640e-07 3.737268750639798315e-07 2.354167716748627667e-07 2.125572397281165977e-07 1.676023100118162490e-07 1.404309035468310381e-07 1.415290059781409300e-07 1.488086551236785746e-07 9.857645720877317243e-08 7.317703540372132885e-08 5.614279578726654672e-08 4.617379210548317710e-08 2.514512989875675603e-07 2.630871161341510756e-08 1.438424947362137248e-08 8.145860562334377975e-09 5.147788978984810406e-09 5.174434075459885479e-09 3.923683998269477064e-07 1.890405267527454280e-07 2.859642673013763456e-09 2.772828888400789849e-08
4.364664808889768340e-07 4.714417752917757700e-07 4.080544883281732066e-07 3.532902739249666422e-07 2.730550928354338585e-07 2.126836398837475254e-07 1.979085143817389685e-07 1.750990979221371150e-07 1.470186308716373310e-07 1.284868163099184485e-07 1.103430757256996249e-07 9.459237406192273837e-08 7.727622452266549359e-08 5.970503165048700947e-08 4.715291785933268831e-08 3.724131437303855422e-08 5.517785904174535463e-08 1.498929685747886971e-08 1.295995757131389976e-07 6.071921846116207968e-09 7.070541006243051226e-07 2.309649415222300324e-08 1.223719524305911841e-08 2.133283447225142005e-07 5.882155784835244258e-08
3.216317956182567616e-07 2.944162168514751554e-07 2.554014859986332738e-07 2.425854291172521164e-07 2.001381265988891618e-07 1.889235366376410186e-07 1.592911498678225285e-07 1.302857966024927162e-07 1.138318180204707727e-07 9.990414531986980552e-08 8.138086333456882778e-08 6.542929442139632785e-08 5.508954650656615474e-08 5.060134399393416024e-08 4.242873070343634729e-08 3.327878125738439055e-08 4.204251873079892507e-07 2.224070277651293607e-08 1.182833252962310977e-08 7.229849846957198087e-09 3.622255006592057817e-09 7.064266131190955347e-08 1.540630763065179135e-09 4.071004201551739749e-08 2.008671594635175407e-07
4.913371487553507712e-07 5.335219174643567441e-07 5.366688007478787298e-07 1.092959636842332620e-06 4.270369721269451639e-07 2.217073430613898657e-07 2.164066720583760696e-07 2.146879835139230407e-07 1.443018651719355162e-07 1.215129539116709571e-07 9.549501226975724258e-08 8.997733731112596531e-08 5.847143545052000075e-08 5.082933004810965562e-08 4.322935633640299678e-08 3.405950297752259007e-08 2.758630261836915040e-08 1.898298140693194162e-08 2.206129793641532496e-08 5.162300319133672515e-08 3.626942290447129786e-08 8.263543822882244258e-08 1.064811563405824239e-09 8.337364140263904116e-08 8.778360027925753003e-09
8.102392261883915419e-07 6.096319202979893839e-07 3.832723225737351422e-07 3.569691865046578474e-07 2.993948381848092052e-07 3.473227084858127745e-07 4.726733592337519953e-07 3.354315201757810511e-06 1.709621726350717743e-07 4.385229584324933505e-07 1.695608232848266353e-06 2.172461146285009633e-07 5.987769840554723039e-08 4.442845018557476464e-08 3.312769340918479725e-08 3.089379581672965144e-08 1.822061816955420032e-08 1.197801677404713898e-08 6.435961170291315862e-09 4.405503136271098403e-09 6.426447697509946022e-09 1.373436623204283953e-08 6.914033930393530648e-09 1.166398542106461064e-09 1.369638907834397545e-08
4.051653393221041844e-07 3.439362283367021842e-07 2.759469135565460731e-07 3.016820804170618842e-07 2.531014417753075168e-07 2.515155411756854756e-07 2.314486440575428151e-07 1.948433930299722767e-07 1.556457036300276300e-07 1.354547657892182226e-07 1.211214403986132263e-07 9.694462209387354224e-08 7.444023075452813239e-08 9.691673605608407847e-08 7.261248852365890922e-07 6.792261697194338935e-08 2.003098816770756178e-07 2.424341422129176838e-08 5.673162471233509020e-09 4.748690633430170123e-09 1.018743561630790421e-08 2.665977995000531282e-07 6.852526295970351228e-07 5.995683463678874759e-08 5.862698707992162695e-08
2.886447028320333389e-06 1.418471658347053487e-06 8.259380661003633674e-07 9.599722641174437582e-07 6.425172849871120863e-07 5.850336488457869517e-07 3.451245329696820324e-07 2.302454060802235477e-07 2.222542374563794054e-07 2.252366641594488892e-07 2.385825994075517166e-07 5.020953280746742351e-07 6.659955643058267878e-08 5.972783420884521365e-07 6.742144341553330484e-08 2.000019864203101647e-08 1.610791311959900714e-08 8.841692084847980313e-09 9.108801673410339121e-09 1.123247458330721897e-08 7.453711666859363643e-08 1.864566935042712297e-07 1.407600146517220412e-08 4.239490334359897954e-07 9.307554788150388309e-08
3.427163425276885622e-07 3.182228361291533777e-07 2.783282365157782520e-07 2.570659904422732479e-07 1.998765805270389831e-07 1.752820774172495504e-07 1.466017888023751766e-07 1.324625291078162547e-07 1.471568010683836349e-07 1.546439812256797284e-07 1.135480455203663894e-07 1.143018493358458189e-07 9.864544977920937315e-08 6.646683834255544012e-08 5.326015004003265310e-08 4.624283291729488471e-08 3.844889623409169876e-08 4.995594537428946227e-07 1.526470771412902490e-08 2.669940676946845045e-09 1.505107686326563106e-09 8.357809075359577919e-10 1.068015281144739122e-06 9.446839287802985507e-08 4.189618796491479728e-08
2.581604036660680205e-07 2.403325679831018847e-07 3.227814800622700550e-07 2.656699065581485481e-07 2.545238586262421076e-07 2.223051591975781365e-07 1.916800628141478656e-07 1.570127938176251227e-07 1.337979849145045342e-07 1.249468514496232228e-07 1.072855313979617193e-07 8.720423572889936315e-08 6.808044153184109174e-08 5.804896884366532517e-08 8.774121105050815352e-08 3.737852151676608221e-08 2.965473921396075677e-08 9.870727907388099759e-08 2.997482718424158721e-08 2.447868333288793054e-08 3.410842891288586871e-08 7.504673190295622027e-08 1.789022530629082510e-07 3.974192570152126315e-07 1.927148728007619736e-07
3.712472843838795009e-07 2.928525951918002564e-07 2.666441937203463327e-07 2.521881902569702441e-07 2.340776521123940673e-07 2.257531526227537557e-07 1.939044562904426744e-07 2.067857538969194161e-07 1.465474233810792175e-07 1.192072647851667673e-07 9.554430376948899908e-08 8.193574314229313835e-08 1.114348348902252069e-07 8.370722640591699077e-08 5.034204315207861696e-08 3.596449954003503446e-08 2.579729658030254120e-08 1.463274011787813675e-08 1.028469899155770611e-08 9.534208086305221307e-08 4.657905280237281889e-09 2.579560759885850117e-09 7.673833342537080967e-09 7.657330730770029102e-08 1.768181279026394952e-07
5.050014156861131846e-07 3.906326080972232180e-07 3.101438953289844111e-07 2.610457023148906901e-07 2.130977040433755299e-07 1.845336003271803276e-07 1.663073974000463477e-07 1.799625890145535608e-07 1.395922007114659935e-07 1.304705189069678366e-07 8.180789231847741376e-07 9.972796005629402925e-07 6.132934528809761083e-08 3.895516129744640797e-08 3.021852568900002333e-08 2.453998616781330613e-08 1.943328784630713419e-08 8.369204567277515895e-08 4.109431639249788099e-07 1.384273777453909958e-07 4.310484098203517247e-08 5.909624673528545976e-07 1.615481639263281756e-08 5.835927125201176738e-08 6.410915963021222241e-08
1.950149077987340795e-06 1.537531365313017696e-06 2.165933128285102169e-06 1.320498451526851626e-06 9.291472751797580668e-07 5.357551884258798965e-07 2.496900040697438363e-06 4.900480331920388159e-07 2.742581515472853894e-07 2.163771556102050356e-07 7.634476603790309971e-07 1.185205013513222767e-07 8.126126966569393857e-08 4.324378204401075260e-07 8.072747633614937778e-08 8.700524556141577263e-08 7.524741548934393891e-08 1.513288601421778614e-08 9.552816194052642751e-08 5.853736887004837414e-09 4.777060104960816864e-09 1.902004305254308961e-08 5.982531467001199039e-08 2.533737319802487635e-07 1.636177486227736312e-07
4.504456957843757639e-07 3.931030207901198930e-07 3.772073523286439169e-07 3.266533388438188960e-07 2.705107119122646386e-07 2.504577812031228201e-07 2.150639197880215084e-07 1.782880324912756932e-07 1.413863644711158241e-07 1.067402576680152809e-07 8.743469598485228229e-08 7.263863628194254897e-08 6.449029805312303395e-08 5.805951480955203284e-08 4.890429898491837163e-08 3.242404175266278598e-08 7.980738570698284043e-08 1.440130904461125196e-08 1.025459017298056044e-08 7.095003727256553956e-08 3.175811879168603649e-07 1.767407849422874847e-07 6.203919845331805148e-09 2.027786961322365284e-08 1.880511623392862729e-07
2.038806522420635728e-06 2.091972306269339283e-06 7.965717948081967924e-07 3.398565393748738256e-07 3.112906104757463444e-07 2.607571759930802041e-07 2.355275814807856734e-07 1.968724672898576831e-07 1.736654638832268229e-07 1.905830946172919398e-07 1.121226149505430272e-07 8.236713657841018848e-08 6.038850627887111262e-08 4.426519407901036837e-08 3.426126346146967014e-08 2.402614688900299942e-08 4.856180834067203243e-08 5.876874575227479884e-08 9.280455745097609785e-09 6.421341933095792296e-09 4.066721830549468245e-09 7.208458195886873426e-08 7.177663128549358772e-09 3.019818525437330040e-07 2.521889437813903763e-08
3.958298797730029055e-07 3.670110875391923499e-07 3.495127560623788441e-07 3.078507517337600435e-07 2.442709556605698402e-07 2.175166661648121579e-07 2.763321536157692505e-07 1.390920603211404158e-06 2.338644217236612493e-07 1.474715280298369676e-07 1.282395536467691679e-07 1.160298517198795537e-07 5.324188332205362519e-07 7.106419434113849204e-08 4.153984610018467864e-08 3.041361126746375760e-08 1.843876723048806332e-08 1.241575931415387208e-08 7.228055026758978918e-09 5.003204203150914531e-09 1.153135935011406926e-07 4.215735188786142684e-09 5.508825032639847538e-09 9.773321949214622569e-08 1.554256691416275834e-07
3.179359765781958215e-07 2.984079128189944952e-07 2.435336018869782772e-07 2.207632710549129672e-07 2.264682921070286882e-07 2.088506763269501230e-07 1.694646637683382239e-07 1.548210197606096428e-07 1.301453040544087339e-07 1.068906380204362294e-07 8.515952632787135686e-08 6.853440564952200001e-08 5.633591065690239322e-08 4.197038340349887249e-08 3.356895901522967012e-08 2.494408197179744036e-08 1.894065135861733720e-08 1.471281190268700396e-08 1.006189072821674959e-08 7.304948607126301656e-09 2.074788006907214180e-08 2.592308822136707850e-09 1.542120229524655943e-09 9.701406736663489511e-09 2.078263435198471727e-08
1.916293066899357369e-06 2.902092527995848401e-06 2.356849057917331181e-06 1.876434470707937687e-06 1.295899238959580907e-06 4.652606805648151782e-07 2.755022723073033762e-07 2.219285503918669126e-07 1.879385152812380604e-07 1.504842541889104041e-07 1.310433629066897760e-07 1.042523525109925497e-07 8.569669940080797991e-08 1.907160119198403910e-07 2.524192154563560909e-07 3.053722039871997591e-08 1.637099688990067942e-08 1.916480829834959269e-08 1.475554623146943741e-07 1.148244185925434540e-08 5.020560444709253643e-08 1.248860467922716639e-07 2.973790701627083006e-07 8.706813124003133095e-08 7.868724782799157159e-08
5.478576861858839285e-07 4.651493143539862447e-07 3.346897152595644188e-07 2.798645481927494939e-07 2.125862617177145634e-07 1.874621911074518396e-07 1.483980552236157889e-07 1.194403165113850752e-07 9.899204920135927587e-08 9.309844281599748092e-08 8.533637642712475924e-08 7.357598103131398131e-08 5.643038088247658277e-08 5.124376797551501477e-08 7.165053797509526180e-08 2.507551720618366209e-08 1.159178302963697061e-07 1.600817812237871536e-08 9.611971384766682662e-09 1.103679255191305440e-08 2.646636164993884210e-07 2.021597525039163037e-08 5.220840730622885448e-08 1.275343756983563968e-07 1.787089609553022102e-07
5.838571341605273230e-07 7.890362982010397176e-07 1.157946058092116061e-06 6.802619158576671180e-07 4.917247091110495605e-07 3.782984376503095857e-07 2.495801080004478788e-07 1.710994961824530293e-07 1.356991113312322426e-07 1.230679534800571823e-07 9.855402632188564759e-08 7.964677675264569011e-08 6.509477607684998537e-08 5.084737198816463173e-08 4.039879682317732090e-08 3.224920329669285919e-08 2.378958827664092183e-08 5.003194060385024636e-08 3.754774153191094235e-08 8.991256936308990494e-09 1.252791141126491414e-08 5.649559613118340256e-08 5.263955559841677117e-07 2.044207882627325537e-08 1.582925662192707183e-07
4.183505678799989693e-07 3.719515568375337624e-07 3.354755274459083295e-07 2.934498165029450740e-07 2.183029119985273185e-07 1.989362757109569657e-07 1.815299915208293679e-07 1.588761528264535885e-07 1.499692504956523584e-07 1.365601103118944737e-07 1.229915806660004391e-07 1.622346294468899779e-07 8.234641699208523702e-08 6.673222976009638578e-08 8.053300301652400628e-08 3.734881242944395602e-08 2.479345306126753540e-08 1.799082088842636970e-08 3.869448407486684705e-07 2.811841683054206378e-08 3.462598519073326558e-09 1.691806854946162870e-09 1.274247164262611399e-09 3.266201733281489693e-07 2.106456677060765025e-07
9.722425653754538288e-07 8.804943328985661765e-07 6.758469517271848901e-07 5.137737794903153160e-07 3.572809870254708770e-07 2.949881221245849808e-07 2.695708073594415152e-07 2.724965374149941272e-07 1.152174408135576175e-06 2.046071274823167178e-07 1.320138330812712593e-07 1.081717438954978877e-07 8.426213163709121475e-08 6.087255434180711146e-08 5.861297212831325039e-08 3.951707180274068311e-08 2.534078554753090429e-08 1.596409046410622508e-08 1.563085263128777792e-08 1.868860740103010858e-07 3.330714221709101795e-08 2.865953306682587267e-09 1.992544674527273762e-07 4.901353679711795975e-08 2.262167820016368481e-08
1.211411621615537225e-06 6.349583099356279788e-06 1.316313558608382316e-06 6.137462399251689463e-07 2.237235348294116204e-07 1.691235581955089529e-07 1.482947656863711127e-07 1.462536459855162331e-07 8.783798705839764491e-07 1.817995001908460913e-07 9.164816955532974781e-08 6.912484668458940782e-08 6.295028525604095327e-08 5.756276798923971978e-08 7.407770884325910732e-08 2.325207639531730067e-08 1.571546827371417295e-08 1.451688150117349517e-08 6.217399124584366832e-08 4.967471814889042334e-09 3.444430380254427421e-09 3.890440088067491277e-09 8.727627519020912681e-07 2.018043892602812338e-08 3.187738112460028745e-07
4.771514510944627326e-07 4.847366245052429445e-07 5.132788621549496451e-07 3.073033512294527931e-07 2.531008524483606681e-07 2.392386525706186183e-07 2.043828672639124427e-07 1.838086762668838203e-07 1.918100925756963299e-07 1.505669670007611520e-07 1.538401945879202967e-07 2.659426890905865453e-07 3.677396258374491390e-07 4.695679860224696022e-08 3.497475723391936410e-08 2.592418100262466975e-08 2.081928720915951807e-08 1.343525972815370022e-08 1.077150794609884906e-08 1.044937888786517585e-08 2.701205514159197459e-08 1.088559991673613078e-08 3.479827121591011556e-09 3.745085201124593050e-09 3.214331759712521719e-08
2.418070562728991203e-06 2.361235353632177287e-06 2.375909758123179786e-06 2.167086461691941941e-06 1.736261379428245654e-06 1.213862698924047868e-06 8.398410179936838029e-07 5.049721791914178171e-07 3.219835445755452492e-07 2.581389599350606773e-07 4.244872822067594598e-06 1.418180405185597834e-07 1.266825753708112683e-07 6.465841635982643441e-08 6.596514847260893121e-08 2.169983952255115096e-07 1.532170911414570969e-08 1.201488851044720966e-08 8.550995873050383138e-09 8.400310038211714605e-09 1.040963873133361704e-07 1.108299074749788642e-08 7.744004718510184098e-09 9.027215866961551354e-10 1.074679121014544449e-08
1.775797807226363142e-07 1.746646272543126753e-07 1.747093806089039890e-07 1.809650130020454261e-07 4.028596258802829197e-07 3.166830789815132091e-06 6.192590621774468881e-06 4.667466189676936189e-07 1.670470298320485104e-07 1.203153658699257096e-07 9.198622449794848062e-08 6.721220955671815883e-08 5.169219026266719824e-08 4.670403667891034469e-08 7.028746404565600661e-07 1.865956110826431821e-07 1.388025779818639030e-08 8.739748166831501675e-09 1.902872075627132012e-08 7.674716220287684586e-09 6.702277088650853741e-09 4.830953058978420005e-08 8.670786606267140022e-08 7.227071010542556465e-08 3.506051015128975385e-08
1.881368693290123543e-06 1.458756047862993193e-06 6.068393227878043980e-06 2.072166408564361058e-06 3.823808066232770965e-07 4.847180400883625822e-07 4.013426692663298296e-07 3.155811089773145754e-07 2.225392308819996508e-07 1.563406579670427027e-07 1.236405811049148283e-07 1.819151288005234393e-07 8.017284044139465372e-08 5.082313652690356309e-08 3.008839221973686073e-08 2.473860601105176579e-08 1.856063220435949838e-08 4.132560100941568190e-08 1.303532186921203383e-08 4.222161317217123207e-09 2.790253572991865888e-09 3.142206285312567920e-09 4.832944392434163222e-08 3.628303690119674661e-08 1.510885512539688495e-07
3.128648332667954921e-07 2.775214529032326693e-07 3.309626832125022347e-07 3.635839249320063635e-07 4.333658666571155687e-07 5.732531846841286961e-07 5.168503196114935904e-07 2.721933673493749274e-07 2.004422091570171506e-07 1.983049285002190440e-07 1.770162446459468094e-07 1.638321886609731090e-07 7.305857431759615084e-08 5.380194553338557378e-08 4.093497460821113486e-08 2.697065646753113118e-08 2.070234383050535502e-08 1.413147881872775259e-08 1.052174570774397707e-08 8.735850040586978066e-09 5.162138108451542894e-09 2.522316436306301711e-07 4.054882792054592405e-07 1.836184921209798380e-08 7.568476304453981767e-08
4.813473273550239044e-07 4.193497157574308687e-07 4.568479437334316088e-07 4.346683351015308839e-07 2.809350580364266446e-07 2.659191522324745807e-07 2.789394424556492202e-07 2.052550682654550459e-07 2.238469831354363038e-07 1.343622888547274821e-07 1.055713796675731863e-07 8.303937685253987312e-08 6.389381860459987992e-08 4.498936721075216143e-08 8.725679628175940820e-08 1.763246917120738078e-08 1.245227892370485313e-08 1.348512285826725657e-08 3.928339872714378769e-08 3.636419313800768745e-07 2.438257490029587176e-08 5.883517815272355682e-09 6.823087368040674166e-09 2.139092153163404276e-08 1.655467538411482891e-07
5.368317160169419836e-07 7.472014568906943274e-07 1.802908921822169982e-06 1.320640190322814929e-05 2.627732689923231766e-06 7.264145126625168385e-07 3.232611821745337829e-07 1.779416213113357158e-07 1.528765819022962505e-07 1.190885068582034026e-07 1.123933984674656719e-07 1.007472344906423761e-07 7.231684984627025346e-07 1.465351953890378131e-07 5.772594297079728373e-08 6.395036670144357872e-08 3.809221143548614005e-08 1.750590269801011626e-08 4.601417386349028442e-08 7.617565067217958284e-09 3.566545562480746839e-09 1.910262091462040060e-09 2.261644337368208617e-09 1.201186413818636283e-08 1.536767073625802115e-08
1.330244752695342381e-06 1.017535713594793581e-06 1.170837475748848243e-06 1.039192022315065134e-06 1.063268323575146193e-06 9.420589373493039616e-07 7.545394821342625629e-07 1.534579878046691793e-07 1.428540279115894130e-07 1.141270104006972572e-07 9.679460691577766579e-08 6.758415846022576548e-08 7.401466487839245297e-08 1.035470598592552214e-06 4.323186383369143613e-08 1.593232654832194438e-07 1.673113062261859344e-08 1.016965051481841840e-08 5.135633604105864296e-09 2.826367027972018907e-09 3.645576350722398143e-09 4.256652777960957269e-08 2.186512910697329870e-08 4.770418345864716211e-08 9.677717893636640610e-08
1.473515022472561822e-06 1.415646943274429122e-06 1.216078059944077745e-06 1.043953835599427868e-06 7.923577950595266477e-07 6.181636001402169413e-07 5.194487785829012573e-07 2.037037809690679799e-07 1.788532830730398242e-07 1.597103362998188988e-07 1.216771852185144307e-07 8.893559243533094086e-08 7.040038617575489530e-08 5.581873908235988999e-08 5.839851271910867372e-08 2.966006868445977698e-08 1.819082500367110469e-08 1.208771815879275531e-08 7.887995534004003115e-09 4.079852444093773350e-09 2.701000452620938954e-09 3.103607485457445005e-08 5.897467109276992832e-08 2.373950906541573758e-07 2.224067117583764884e-08
2.262020043347721609e-07 2.427282734624563640e-07 1.535483127177576536e-07 9.921899799561573360e-08 1.513572742025663789e-07 1.132009818820267829e-07 9.658053005446599079e-08 1.119442855267318864e-07 1.886251500545874335e-07 1.047147508063598426e-07 9.125747149746310746e-08 9.161837431395367544e-08 9.604544611258498626e-08 7.667396293172145531e-08 5.321036176899123970e-08 2.922361277278323973e-08 2.134899841582387341e-08 1.434935996260156863e-08 9.804029807531572994e-09 6.308407162973337003e-09 2.806179851890868081e-08 5.423087945664404684e-09 6.764090209882120829e-08 1.491035641374187902e-08 1.875710781596343415e-07
1.099431799896334348e-06 4.028375963014900571e-06 6.701914509007713249e-07 3.935210733298460850e-07 2.799948770537691923e-07 2.250740210970555143e-07 1.856282434317354272e-07 1.427789941923532304e-07 1.118233312376122544e-07 1.024051566145830649e-07 9.305179527262945475e-08 8.372764643592516885e-08 7.782262679252121682e-08 6.322862009929689277e-08 4.284059187171606133e-08 2.505431961345158450e-08 1.676408781628783341e-08 1.213123808075149990e-08 9.155498804644442229e-09 9.027873593373835210e-08 1.192058476112502551e-08 1.725500176127108466e-08 3.556797920136024020e-07 1.523312023144943469e-09 2.983883996570670977e-07
1.120967369158597228e-06 8.002424627330517023e-07 6.950182587350629933e-07 5.461365335194693341e-07 4.567250618577034098e-07 2.303212765657165073e-07 1.884322307540075439e-07 1.673774857142159209e-07 1.670445584182472762e-07 1.870562116229651002e-07 1.510292227557168358e-06 2.097306280244566083e-07 8.712400006021654481e-08 4.814773855404763689e-08 1.567074213442483446e-07 5.883547672255325328e-08 1.985859837091568815e-08 1.281062322509760809e-08 6.584361742275482973e-09 1.520777528496457534e-08 8.300794451614308319e-09 5.412586702172815371e-08 4.130226580444788023e-10 4.167724135890121769e-08 6.087094693186621620e-10
9.118015613504293325e-07 1.514717295863251969e-06 1.587901454473544838e-06 8.133674787264063436e-07 5.502064605908107462e-07 3.325560553741080272e-07 2.096270922390484385e-07 1.885062066682079207e-07 1.475980773231243393e-07 1.887720736572558156e-07 5.656502230887671693e-06 4.701791247437426701e-07 6.480077236436663345e-08 4.848848083227708204e-08 4.344158043664816234e-08 1.196878846432976300e-07 3.458107826044214580e-08 1.813743768018590531e-08 1.268437532849329845e-08 8.361080833909101736e-09 1.058559730843684220e-08 2.820608033966283395e-07 8.777525502087839804e-08 1.214597550696427197e-07 1.628829724453999878e-07
2.203834055337776358e-06 2.036522690260898262e-06 1.991577730895491723e-06 9.527887253966099206e-07 4.889738026196670081e-07 3.236502379566086522e-07 1.793693546634224193e-07 1.361291681044878551e-07 9.949313538238615806e-08 8.753212900099167440e-08 7.223845412347919964e-08 6.328794937909178355e-08 5.448987130441590095e-08 4.254613467193256161e-08 2.996155337145892752e-08 2.305073109318083988e-08 1.865891413970626017e-08 1.586231135119375647e-08 1.285312665000023908e-08 1.112321542910086304e-08 8.182338910210036459e-09 2.905285035195547806e-07 1.610252860548539656e-07 8.896974857788558891e-08 2.313825183761248743e-08
6.739634403715496979e-07 8.759353328793868545e-07 6.293252482663308277e-07 8.780826508136053905e-07 7.453936287180347640e-07 7.307876844262984052e-07 2.668277689404721444e-06 6.384545450468489414e-07 3.624118553791765022e-07 1.837383674002890916e-07 1.104658363174555131e-07 8.146928981228434963e-08 6.457407592616547882e-08 5.730991167400084809e-08 4.365150433707485564e-08 3.838758517935786613e-08 1.374338055488352024e-07 1.785966230169189769e-08 1.352882615794516565e-08 9.002865958362077075e-09 5.974674805257226254e-08 1.070731944360171291e-08 2.167470492912202978e-07 1.339852253329878031e-07 1.063172861358595355e-07
5.069265009308497787e-07 3.932775224921716135e-07 3.238547383347820032e-07 5.668297296988688559e-07 9.605344201769857130e-07 3.545847822984963413e-07 2.274645804009637623e-07 2.042217680848853996e-07 1.991961124724581317e-07 2.732761058752646365e-07 1.159002627198203317e-06 5.551551726488403788e-08 4.475783014536040428e-08 3.855480630160496160e-08 2.694177121578644801e-08 2.049007878435261360e-08 1.504250904515654081e-08 1.108115815029489159e-08 8.982109170809132709e-09 2.942081973956592108e-08 2.807016483876416221e-09 3.245557950058276219e-07 8.976517253857983662e-08 3.913911845470761670e-08 2.248441851737957662e-09
4.986869420355208018e-07 5.151045707093748544e-07 3.314510916447115645e-07 2.165368831269874188e-07 2.127781906981693972e-07 1.837710318198139057e-07 1.627150811884514776e-07 1.523558065799270388e-07 1.708980252411434086e-07 1.939772728947338967e-07 1.021837641211349506e-06 8.450364100476910806e-08 1.759646361779947665e-07 4.610709999352982235e-08 2.894913663059075426e-08 2.127768617436727382e-08 1.718097510309991274e-08 1.158465795876870526e-08 7.943734451149510151e-09 7.059527060064514768e-09 6.920692400027195169e-09 1.460657171985424598e-08 1.340143211628892413e-08 6.552759235336801587e-08 4.522489903876736843e-08
3.336281661266761278e-07 3.399102359330839076e-07 2.585088646431078182e-07 2.315868428397263918e-07 2.019178042372537952e-07 1.966213557465239266e-07 1.962856563758583611e-07 1.800060026273729630e-07 1.781868888972210755e-07 1.846977322857895628e-07 4.571486240596126159e-07 1.023653025418735925e-07 1.658504273061584401e-06 4.511621622903888138e-08 2.778489233287706841e-08 2.065103423873583419e-08 1.492772794630077041e-08 1.058025960497634783e-08 7.679702518565677833e-09 2.313594162754300418e-08 7.387520292203072304e-08 1.733384078341415367e-07 2.132571555953385577e-07 1.671777955441888511e-07 1.678096849822956753e-07
7.714063338120947797e-07 4.462911625418188005e-07 4.083640009138693423e-07 8.532718758602819080e-07 4.888131801977201899e-07 3.767709694433005951e-07 2.656341801430673581e-07 2.456854954351734353e-07 1.905572742831843877e-07 1.826507698204873000e-07 1.617443859542714900e-07 1.112036738994887574e-07 6.920776411366158858e-08 5.947291802709068742e-08 3.331108921823520482e-08 2.523897562218142124e-08 1.769087437400157344e-08 1.205767390983699872e-08 9.314277088174461067e-09 1.372136117091280942e-08 2.704304752198311187e-09 1.093581210601532602e-08 1.095214081464643012e-08 3.787760647845064800e-10 4.288879680457701782e-07
5.680890125303132518e-06 2.280768117662578506e-06 1.045947556100445978e-06 8.150863304005939652e-07 7.287290378004220893e-07 7.901740251687329635e-07 6.497005052822137715e-06 4.721624664113723842e-06 3.615588963210220279e-07 2.192433692657664224e-07 1.523438952922681299e-07 9.508795744241220411e-08 4.411195647640555900e-08 2.696395877584290411e-08 1.853760771357602502e-08 1.243556639662425482e-08 7.813797024769828647e-09 4.800412467980653200e-09 2.891879751414208017e-09 2.383404315112605146e-07 7.468766346678559774e-10 1.419693338176505853e-09 2.364483639941779481e-10 1.332888463094690812e-09 4.038967593106384869e-08
2.996912667943689835e-07 2.768450309093672315e-07 2.661199198389302572e-07 2.650042175651007322e-07 2.008437785605993962e-07 1.749841834700966443e-07 1.480289363826177138e-07 1.258872288306967530e-07 1.056611563605610864e-07 8.495981857495552490e-08 7.112062123013994399e-08 6.005054800900719057e-08 4.447706882946255604e-08 3.550703406781207388e-08 2.356285550362157462e-08 1.441167646327892281e-08 1.000584361369981841e-08 6.013045924478503959e-09 3.163083889696020182e-09 2.056159658304370937e-09 1.128970594569438322e-07 2.835499599079997581e-09 2.265457272313057040e-07 2.780013424258064459e-08 1.080274261976327368e-08
2.194671540534050063e-06 2.394217276358472257e-06 6.097629715310925651e-06 3.801811889889554846e-06 4.575202289479644038e-07 2.622106808981264992e-07 2.139048992619079999e-07 1.826329721837006105e-07 2.280571279006525674e-07 3.105778601422154195e-06 6.733861246919789525e-07 1.067482581229410687e-07 7.939772876468357824e-07 3.363478217020655359e-07 3.289648512957301021e-08 1.718464556786322675e-08 1.058812758900840869e-08 1.077992017898675134e-07 5.196337003859024766e-09 3.654781627089558904e-09 2.480764548733775726e-09 1.930963005877989526e-09 4.780772070525964015e-08 5.014457552251528465e-10 1.749629107599344493e-07
