1.231375755412175562e-06 9.140753204693810912e-07 4.991719434824620222e-07 3.913304748580054879e-07 3.065539241305527603e-07 3.093882364215086878e-07 1.729099666587188754e-07 1.726672664703231758e-07 8.804718383393349966e-08 2.124195451335014810e-07
6.305658011496651922e-07 4.532133474827006092e-07 3.556347364238413535e-07 5.862653856979607694e-07 2.829351551352504807e-07 2.558242647142293843e-07 6.802491872924023202e-07 2.157486891785212383e-07 1.640629230500245913e-07 7.168444067385582025e-08
1.016804535837636797e-06 6.846176295561106677e-07 3.868537366829635649e-07 2.801564268075285425e-07 2.454387974294986800e-07 1.993862521870248454e-07 1.670115861520910595e-07 1.824716703106961734e-07 2.009155445187814329e-07 1.348729634800445847e-07
1.669081371284818164e-05 2.368192071392475443e-06 1.994705326701010169e-06 1.307514938614668257e-06 1.246031077084928589e-06 2.399329404004459192e-06 4.696758040203621759e-07 1.793374336550926035e-07 1.284437447470942890e-07 1.165573200418245270e-07
5.519767345828135739e-07 4.847551903263232311e-07 3.801021961278054075e-07 3.483342534113573343e-07 3.034339979313429059e-07 2.473966811697628025e-07 1.951053109004470950e-07 2.914400452852607638e-07 3.324722288551341233e-07 6.136634738815873412e-08
1.526421099771277598e-06 1.053793970737641941e-06 1.006705561472609640e-06 6.430126234786988414e-07 2.608380753881368638e-07 3.841993430494468833e-07 1.722329469324831336e-07 1.368245075208003196e-07 2.481453413798136456e-07 9.565287930928750371e-08
6.569168947559308394e-07 5.013196005976707059e-07 4.052317874152263572e-07 3.185313572359748359e-07 2.569702808449648244e-07 1.291315825996990331e-06 2.161282807735689307e-07 2.767829524467829158e-07 3.271147536425351645e-07 1.882694883010369388e-07
9.797378761771612636e-07 8.115443931486639971e-07 6.352148994690344541e-07 4.878278284117721010e-07 7.364454060835789825e-07 2.542386116647157984e-07 2.783964981545758964e-07 1.221859774970227098e-07 8.604389543526102453e-08 5.077841299483656898e-08
6.625949270448933135e-07 5.797035948287658847e-07 4.607519058603723082e-07 3.762274965289211449e-07 3.430055196207054757e-07 2.486782859408247996e-07 1.762056497562626801e-07 1.395168922647478204e-07 1.789283627336969102e-07 1.384781501320920807e-07
2.364535107625249607e-06 1.143334981761722831e-06 6.518279624899639317e-07 4.859762051402582395e-07 3.267726320304073966e-07 2.452150575075493260e-07 2.696645724920556886e-07 2.164100255890548240e-07 2.365835321559001652e-07 4.753473822764390068e-08
3.925234116344768461e-06 8.754209695602266990e-07 6.678024845749712539e-07 9.258392603416110344e-07 4.798414281120008167e-07 3.567109644836574264e-07 1.977074056250937697e-07 3.294667473858211816e-07 1.521011204043435703e-07 8.745010817502883705e-08
2.109536937067970088e-06 1.239950903551788260e-06 7.815651992436244946e-07 4.392423135899214766e-07 2.961898862499061298e-07 2.843756112397255408e-07 2.231313348912259204e-07 7.060567530433395373e-07 1.388865730479419898e-07 6.185475457523591796e-08
1.783454163696793243e-06 1.221901362963697515e-06 6.747136839994824176e-07 5.432356231788315154e-07 3.941731599717584028e-07 2.747323912732687274e-07 2.024392913058749533e-07 1.469920110419522817e-07 7.938738085911443969e-08 1.523819590644111161e-07
7.403794785764308307e-07 4.947211194223753696e-07 4.526892566355174517e-07 3.752613594710245330e-07 3.181179255286592915e-07 7.730070457627051916e-07 4.737938574162549906e-07 1.594271678532222558e-07 1.491284127419445831e-07 1.641515726389776298e-07
1.146881882330671400e-06 9.366613829432848561e-07 6.372209458362599302e-07 4.530068641080080936e-07 3.325950073000126050e-07 2.266689938364426042e-07 3.350095498949874912e-07 3.639661601780127515e-07 2.368191419767646523e-07 6.622567412361328398e-08
7.276948362462582523e-07 4.412891824756079942e-07 3.797759926345364116e-07 3.387743855140062544e-07 2.876294164851173562e-07 2.573027083627114566e-07 1.805665791247382140e-07 1.390822474620843424e-07 3.216669163277781171e-07 1.303795547185234944e-07
2.285327872281390963e-06 1.714105722005367681e-06 5.704552628715554040e-07 3.069006256861456226e-07 3.951287207397686991e-07 2.294909884192112793e-07 1.181852682831412548e-06 6.411654017098938229e-07 3.396009771246538624e-07 4.717366438374482528e-07
2.234866526381116437e-06 1.072095861403430774e-06 7.295703228939974212e-07 4.883016109321226631e-07 4.332926153712208122e-07 4.366508569881145074e-07 1.746869947092352311e-07 1.078815511360762651e-07 7.616002338302087970e-08 5.041283868440355195e-08
1.048468020281816367e-06 8.520808738423301486e-07 6.059863540726241263e-07 4.855230791761441225e-07 3.701199842817928033e-07 2.366250945018142006e-07 1.651966290740258863e-07 1.347120462407197792e-07 2.524418890569061873e-07 3.043884115155538504e-07
5.381607717005677029e-07 4.075909012895633464e-07 3.175502582150565475e-07 2.631234056307737955e-07 2.149554436508223712e-07 1.833127278735748941e-07 1.609476486123053606e-07 2.324640742267631476e-07 9.904398256965814933e-08 6.788821226001212249e-08
6.971973566056332296e-07 5.829038467792554224e-07 4.695804028046177485e-07 3.702965102728150911e-07 3.105650881145274077e-07 2.542519129929046644e-07 2.215688457795992354e-07 1.107484255291240253e-07 7.230178540000972989e-08 1.054831433890994685e-07
4.826577018157804720e-06 9.536464582894322521e-07 6.896510420149063035e-07 6.015268809795910344e-07 3.694733172154839651e-07 3.307624623592837575e-07 7.628440774469264919e-07 7.385947900448191170e-07 5.683167492445217314e-08 1.934634232434958888e-07
1.295739065155774313e-06 3.733713326764155526e-07 3.676610369024070354e-07 3.147125822714049068e-07 2.630744366254983989e-07 4.421070963584665473e-07 2.118197888493441284e-07 1.449929136072253555e-07 2.557672779323219542e-07 1.204668164155865878e-07
1.475278882416201001e-05 3.030834744942592761e-06 2.282505225694633891e-06 5.832879484593158959e-07 3.500148891348762811e-07 2.524031455891482974e-07 1.777200053329773047e-07 1.159095790583025534e-07 3.516186978031060365e-07 7.836492314291155689e-08
4.841391895112541736e-06 2.958681447810351632e-06 2.729367054560983352e-06 1.251834242707844194e-06 5.555235145907807869e-07 2.891071551873513290e-07 2.131704025112011901e-07 1.341686450419388490e-07 1.219462877680977163e-07 7.443951094448112934e-08
2.930952580693382771e-06 1.704806707781717651e-06 1.813543606433236260e-06 3.565846956326615263e-07 3.832132586723388750e-07 4.640738685266890583e-07 3.392893939856114925e-07 2.022559847083205848e-07 2.916270664779584270e-07 5.488675099253391786e-08
5.117361042406448171e-06 6.769475379337662794e-06 6.157699004881201749e-07 3.952733331937391846e-07 2.957945447242796054e-07 5.328436400957207791e-07 1.715554661820090099e-07 1.171403378881212254e-07 2.042729747607552868e-07 2.719745240566741463e-07
6.493272339887785903e-07 4.906017822970514020e-07 3.906785550429346188e-07 3.103742575113091916e-07 2.438319960456257155e-07 1.972844942380308168e-07 1.483984739248811498e-07 1.497629291264274987e-07 7.440305461169781828e-08 3.094753238704814171e-08
9.939984024334604887e-07 7.457238391788459108e-07 6.721843481918794033e-07 5.292045172120138567e-07 3.962365758151045928e-07 2.672254006247971056e-07 2.124641626706715501e-07 1.128623229295189597e-07 7.192762436125200135e-08 4.873810383730143120e-08
3.981573864503176724e-06 1.081181303129196836e-06 5.114349828072336625e-07 7.267105490165274194e-07 5.252676404561076610e-07 2.191273978612922819e-07 1.527750366554513146e-07 1.533652015199515834e-07 8.569705823268443887e-08 3.640692242595169796e-08
6.717606045861235014e-07 6.134963354996162173e-07 4.772271627995997584e-07 6.636849538845616337e-07 6.077974480530408691e-07 2.465925933376364608e-07 1.632521058647867268e-07 1.256058262365645205e-07 1.077310705522548171e-07 1.605260606593255990e-07
8.286908238706476554e-07 6.424100871591410178e-07 4.627134337867023949e-07 3.438531984630450187e-07 6.250294915106431154e-07 1.993359427595714556e-07 1.493972115242934581e-07 2.234328248194156595e-07 1.677038772760865854e-07 3.232562180242342376e-08
7.873539944697188936e-07 5.589208919286304179e-07 8.686592262553424717e-07 3.726710497373605057e-07 4.830347080255021339e-07 2.727594154270649700e-07 4.000387728644451055e-07 3.089739329986009858e-07 6.798965494646194043e-08 1.033660292778366931e-07
5.293801467032754086e-07 4.792168136271109066e-07 5.337593339751564732e-07 7.927637993854001262e-07 8.442177074892019385e-07 3.240489089380596631e-07 1.684691311956029594e-07 1.046698090515352900e-07 7.900351647663673057e-08 1.890776123762797651e-07
9.416433303816017523e-07 6.431097326781794440e-07 4.037460040393867233e-07 9.289886272749503406e-07 2.145432553664731616e-07 1.595691854835159470e-07 4.866297255555166776e-07 9.029093524019069775e-07 7.369420843793198521e-07 2.686497403764733986e-07
2.297858687929890358e-06 1.921564599369780667e-06 1.203840567504944614e-06 6.037563807172310760e-07 3.101532839004925902e-07 3.161593314563955417e-07 1.487121447559632285e-07 1.084931933982727505e-07 9.558003293926842606e-08 4.645627794217090853e-08
7.381222720564228541e-07 5.207575838475156829e-07 3.936514427283796961e-07 3.151289548686889932e-07 2.561344368480446247e-07 1.959205649945206579e-07 2.653099304446802756e-07 9.417368726184922048e-08 6.541662044732391687e-08 7.289133053251555187e-08
2.399659281301712363e-06 1.671131361599274457e-06 6.684817228712342807e-07 3.958835776020862926e-07 8.694193530010412099e-07 5.756213985734656089e-07 2.521012499582756027e-07 1.073527135583599230e-07 5.910872210460380524e-08 6.601033806553568230e-08
2.693291631023167131e-06 1.484883698683436276e-06 6.081104040058692966e-07 3.760407684668438013e-07 2.805598695499210204e-07 2.100781850102305099e-07 1.481208040978974843e-07 1.135907533004704378e-07 7.754782453141920415e-08 1.742030867299331396e-07
6.133062307660111357e-07 4.577201339181898603e-07 4.286975698947940018e-07 3.435864841036732584e-07 2.803452683231395020e-07 2.187092677837933803e-07 5.544388936413895354e-07 2.073618697079554599e-07 1.726584486100512014e-07 4.716022668387818822e-08
5.229637334501495795e-07 6.054960279510368965e-07 5.071043809532852775e-07 3.209023661968703900e-07 3.085034096930466136e-07 5.485119826876191985e-07 3.602364130236507611e-07 1.396736946142201041e-07 3.072460018486241524e-07 4.714186102744295915e-08
4.675942804554726788e-07 3.932457258707417780e-07 3.064163513066346206e-07 2.727198820942622386e-07 2.154095276264480177e-07 4.403016907855132964e-07 3.059120763110945329e-07 2.098605033192813926e-07 6.611744945321127483e-08 3.981252336128875218e-08
7.611220405965357816e-07 7.541604318682162352e-07 6.213676445961715815e-07 3.941902650781753373e-07 5.479643500265572836e-07 2.509205864549762644e-07 3.339691163181765859e-07 1.008885910979918880e-07 6.599504746139348559e-08 4.153560708429727407e-08
5.944829063305716741e-07 4.781778294824401854e-07 4.404310015919990679e-07 4.178176448609834164e-07 3.319908380390205507e-07 2.243694008209891300e-07 1.584788667688117735e-07 1.146899422354776521e-07 7.954183568700525799e-08 2.646407623053490155e-08
5.959401199941284072e-07 5.834177407950595085e-07 5.887889502690858730e-07 4.792663261897959857e-07 2.971689059566429862e-07 2.196786826616396192e-07 1.618361227022446689e-07 1.779537862211779292e-07 7.434734039974269383e-08 4.018776077196215607e-08
4.503506191505811513e-07 5.383378698803996272e-07 3.443600212704538791e-07 2.621618333869692700e-07 2.216462784990262060e-07 1.913473747722813694e-07 5.269619389154487422e-07 4.596426186529957771e-07 2.844936372509595434e-07 2.393699988433370229e-07
3.484233542373816335e-06 1.388655667680124205e-06 4.805212000351585670e-07 4.441627209187059056e-07 4.328732362499073006e-07 1.872127230723385969e-07 3.340861563494617344e-07 1.859160202168537770e-07 6.580861486520260459e-08 1.075468248551006187e-07
5.924104599245011707e-07 4.754783753003484084e-07 3.780314416823202342e-07 3.562571448867118397e-07 2.764243106606633058e-07 2.077753593649299555e-07 4.661922822734741033e-07 1.202603881573405232e-07 6.617728526397993471e-08 1.360529255953603739e-07
1.195247477004945156e-06 9.597541785945738407e-07 7.014353050821561892e-07 4.518450439623488904e-07 3.615426336360697194e-07 2.168423470332486027e-07 1.693000802669701865e-07 3.075785668680431146e-07 6.760864403883714797e-08 1.150200942067384983e-07
5.622237162769909386e-07 4.603263003794605613e-07 5.022671061489058983e-07 4.761480390972855645e-07 5.007596330371734546e-07 2.165784863568748180e-07 1.787426265342918869e-07 1.333233765806417433e-07 5.034220317343178491e-07 1.033037742877234178e-07
1.390906211608479748e-06 1.173311375205471480e-06 7.078865529590352211e-07 4.195939710890880327e-07 2.505448372282422280e-07 1.839647284598608434e-07 1.359293663112807203e-07 6.988306371565648812e-07 8.907620220446814310e-08 8.888108884667195425e-08
1.226010688462025356e-06 1.424978698058403485e-06 9.217776556694515929e-07 4.749283966946445566e-07 3.153511956451043907e-07 2.430365745982846734e-07 2.239962514058186732e-07 1.100536936504540690e-07 2.349953496454552156e-07 7.721123530051619335e-08
2.834872740218282044e-06 1.762298936434536799e-06 1.517563446659615524e-06 8.875526591615415582e-07 3.864310745163950970e-07 2.205645881426641755e-07 1.512385466716108781e-07 1.022711662435314714e-07 1.701256181608958289e-07 7.223498439867006526e-08
4.577797743079892566e-06 3.498836864805596693e-06 1.599520263747729789e-06 1.316827234261440470e-06 3.624759583320010778e-07 3.946367054832956689e-07 5.612561218625095052e-07 3.989076708718199718e-07 6.276243262397473028e-08 4.000179307497201111e-08
5.404133316310858342e-06 9.315637439800425148e-07 6.535547356761622577e-07 3.962533482159108024e-07 6.110166221685937587e-07 2.252166266957447011e-07 1.511392236118146797e-07 1.131101738247979789e-07 6.563258502928509829e-08 5.405690711875583806e-08
3.845375095402030247e-06 1.529479860106007791e-06 6.712665570441839443e-07 4.287104074372573857e-07 2.523076147261683217e-07 1.816285526113842330e-07 1.501297752712632405e-07 9.938163908092488940e-08 8.285588553717065700e-08 9.879126016309995717e-08
6.373416470535323834e-07 5.848024312287734607e-07 2.420857560825852653e-06 2.840239153654450238e-06 3.038814627455542194e-07 1.904883015493153831e-07 2.014259121930139982e-07 1.124890943424015868e-07 1.698475827263125335e-07 1.447147143132734984e-07
6.599660801794473386e-07 6.596368016349617172e-07 5.288638543713752330e-07 3.675169559696210779e-07 2.940868757616985085e-07 3.493148447450333901e-07 2.201591452934100188e-07 2.531552600398493892e-07 8.474301665793392540e-08 1.571978243505164207e-07
1.512038543310673303e-06 1.340542667043206514e-06 6.736556042890613224e-07 3.205382226177451233e-06 1.165878646518874986e-06 2.677470272477604861e-07 1.787701871442538621e-07 9.681722887017652695e-08 7.478150610849581054e-08 4.396156951692572364e-08
4.190355443019013437e-07 3.953898971648615090e-07 3.931160792520605738e-07 2.897628412180879066e-07 2.402711464275057819e-07 1.863487370225939641e-07 1.486205606906760484e-07 1.230073611955445143e-07 8.709285818366648057e-08 7.257306899146048803e-08
1.356483311056204846e-06 4.303357955770443919e-07 3.374239857941445968e-07 2.758133859008313216e-07 2.188972647040653094e-07 1.737906215788460894e-07 1.263402506779730444e-07 8.712312543177987112e-08 6.580325747760878136e-08 4.601380888534515005e-08
4.473184986662705732e-07 5.527429895846461763e-07 3.670097353329914093e-07 3.045272107375721287e-07 2.565213486806260618e-07 1.945361717204003311e-07 2.768645553396849462e-07 1.571247623336017386e-07 8.672687085761917617e-08 5.355701008822760455e-08
1.039860446147252478e-05 2.387557461935713883e-06 4.530253517900387451e-07 3.076717351555659077e-07 2.597940003241097757e-07 1.959240796966832459e-07 1.383154921321100772e-07 9.460887502120247233e-08 5.992241280442296590e-08 4.165603490889501603e-08
2.970253282057398240e-06 1.540154433345639918e-06 7.264566583098841002e-07 4.807682983010978754e-07 3.686475785311553670e-07 1.861098925353509704e-07 1.387629374663275235e-07 1.527109515000644071e-07 8.062199686933236439e-08 5.656501283691693977e-08
2.580079008259066463e-06 1.529023668772307470e-06 8.927656061436542620e-07 6.362501861556106291e-07 3.248296353098147715e-07 2.779749885111046919e-07 2.760761409004830505e-07 4.979560472817119887e-07 7.612567625247657187e-08 3.614845517181181555e-08
2.171114148096580314e-06 1.460622950667233548e-06 1.372653757962021345e-06 8.435657538690818786e-07 8.893259136917772948e-07 2.430826215175098225e-07 2.482759069346215760e-07 3.660172128812667790e-07 3.372039370879023955e-07 1.379826603719357501e-07
1.931195802534949217e-06 1.657828259111971138e-06 6.437979503262938825e-07 3.420399286354760010e-07 2.442721947582320454e-07 1.935665953781918353e-07 1.436734258036351334e-07 1.010803987475989459e-07 1.088152515862916910e-07 2.927594480800358703e-07
4.891662058585027562e-07 4.863927231365523859e-07 4.326040277043619394e-07 1.742118073867733621e-06 3.271220723284777150e-07 7.521316629891206523e-07 1.767412524250720448e-07 1.590136282073084791e-07 9.019490189384148961e-08 1.192675242629844338e-07
1.253168054432538936e-06 8.163690805943109217e-07 6.733707334693118518e-07 4.723758299352551966e-07 1.350449781556734294e-06 3.499581375292092018e-07 1.715479916928818338e-07 1.756534525621350200e-07 7.660746030982737403e-08 3.210291308694277876e-08
5.293547043606536455e-06 1.842531800733215317e-06 3.290344797432376066e-07 2.239672826180524133e-07 1.985501305456122855e-07 3.678534741004249714e-07 1.256957683684515713e-07 9.305373864769423492e-08 6.312126031467991657e-08 1.284146192144346986e-07
2.941823818949420749e-06 1.249192473797964489e-06 5.082722768522431350e-07 3.547882770821482853e-07 2.613758365754217325e-07 2.165184048762304807e-07 6.779900872363651224e-07 1.253714817902655296e-07 1.728967955964635157e-07 2.143813595692227348e-07
3.613659657909484157e-06 2.410741332967729703e-06 1.860409040369992018e-06 5.200061078369056316e-07 9.957045153659042793e-07 2.517285287679076280e-07 2.956203182279747735e-07 2.660678176174242539e-07 7.354822138658281844e-08 8.499214076870603974e-08
2.962544987916690226e-06 1.468618090213743243e-06 6.725738892964631914e-07 9.974039138973150242e-07 2.719937369561657198e-07 1.953064725024121468e-07 5.703248103038325899e-07 2.640048214379623027e-07 1.510448706125612756e-07 8.935092144218040304e-08
4.421653768760126475e-07 4.256335801326469974e-07 2.651264136665470648e-07 2.191438732518239368e-07 2.002519873425968929e-07 1.859019417222862663e-07 1.528381655106384426e-07 1.436612340230245594e-07 3.231172537807395285e-07 6.604491973925798791e-08
1.202022964711329764e-06 7.451770908356186341e-07 5.935791671138919917e-07 4.118577278137404729e-07 1.140722294791642839e-06 2.207280423706797592e-07 9.088596593006866186e-07 1.549970991690065616e-07 9.133674357851315332e-08 9.544080053773014797e-08
2.295294726163587049e-06 1.248661671860280316e-06 4.567045994055737881e-07 3.145448339881353665e-07 2.630482237660379386e-07 1.967039089822321073e-07 1.311674263907353549e-07 1.500921177028117633e-07 1.445075733658159794e-07 3.172372043541756791e-08
5.727085740990129765e-07 5.361036320541845745e-07 4.283952960909537434e-07 3.259495190786208364e-07 3.467988591288870731e-07 2.102511492764950383e-07 1.494879952017792391e-07 1.588203450205104226e-07 1.233612049381242079e-07 2.038718793956355622e-07
2.118131475047511380e-06 1.742419207828312397e-06 1.227623329937749259e-06 1.592687329936299528e-06 3.443839299914633698e-07 2.302446164846034754e-07 3.658359970193767622e-07 1.328855157557889208e-07 7.284737091612830591e-08 1.240169052835179326e-07
2.206806346214491327e-06 1.187717121881454073e-06 5.909192951301577664e-07 2.962099589946020049e-07 2.592129914354588443e-07 1.915258716208318449e-07 1.432855315516628403e-07 1.990203622051654693e-07 8.551064672792078219e-08 5.822823436204334748e-08
5.927135452002056418e-06 1.803757915514802174e-06 1.203984596099902091e-06 5.824798301454684100e-07 1.723658773190082836e-06 1.892643583208812746e-07 1.592617368888349055e-07 5.059173090469766581e-07 7.927840964478123079e-08 1.719430758740817009e-07
4.787745580816439263e-07 3.298274252172411464e-07 2.891670733205032495e-07 2.729891260443541563e-06 3.942628068744035985e-07 2.012717857784682159e-07 1.282064688420180427e-07 8.968783331611877588e-08 3.568599628594422993e-07 3.722078248432135866e-08
1.059621469624874883e-06 6.074972692532200231e-07 3.769053784753704216e-07 3.252475769283350596e-07 2.761895573276521645e-07 2.376920442541040701e-07 2.001977452412969278e-07 1.273390170102128169e-07 2.478473254309845217e-07 5.563193984304788409e-08
4.194405395921486515e-06 3.466317013551786852e-06 1.831948016705969449e-06 9.074195131618623206e-07 6.431436076465545776e-07 2.258853957169643323e-07 2.111391644480878753e-07 9.693251037177964279e-08 2.637303194354027668e-07 7.620519908352627001e-08
1.251011550185214700e-06 1.478822640010068784e-06 6.885780465262433009e-07 4.487260376414728668e-07 3.596162275289521820e-07 2.610894578890866570e-07 4.935708799452388513e-07 1.360956313016440643e-07 5.244609887466999456e-08 4.598562924725471733e-08
4.933212306549074928e-07 4.915499280927342601e-07 5.162944806871004460e-07 3.562247307317645763e-07 3.661424201399596599e-07 3.482228327201551741e-07 2.090762173867001388e-07 2.360617884688279569e-07 1.110966116970033852e-07 4.978663266252162578e-08
1.981484924148521246e-06 1.554341468722249706e-06 1.131263732557245842e-06 8.368108398640938978e-07 1.333499643493131675e-06 2.200797535756945718e-07 1.394860173186906055e-07 1.003510983893308802e-07 9.092484229183163406e-08 2.689059043311381688e-07
1.558113165134098617e-06 4.105226931831782078e-07 3.315978167340721007e-07 3.456383311327665356e-07 1.587546704653458238e-06 1.615926433868140713e-07 1.228824678935474189e-07 1.425369393707015787e-07 1.076608733789766651e-07 2.297193204125162056e-07
1.903265294277420599e-06 9.497978171219324215e-07 2.423384343659432954e-07 1.220089338000450247e-06 1.727821118009922569e-07 1.261042027224953014e-07 1.243961724003222626e-07 2.164827951969362632e-07 1.049763110351712594e-07 7.599346416059163663e-08
4.954327028428100980e-06 4.352721841554631863e-06 1.710876919975149670e-06 5.512869403958900433e-07 3.756463948868116798e-07 1.958975421900825094e-07 1.185568707480837618e-07 8.990121240791769376e-08 1.544787107622423519e-07 7.400352045181175281e-08
3.342285275603126646e-06 2.481663825926808476e-06 1.507821224712926143e-06 4.337605791362200738e-07 2.439894176767831423e-07 1.724794324244733008e-07 1.604744251209960803e-07 1.293489925071164548e-07 3.936295420397466947e-07 5.925072379169375696e-08
1.400199451605612224e-06 1.285192964104646567e-06 1.340522297654389925e-06 5.232653338271687121e-07 6.723172232123889712e-07 2.900475362308562774e-07 1.481212403086109523e-07 1.794753860988263330e-07 9.286101648249901996e-07 4.709280619662064757e-08
1.012875750829672150e-06 4.097449186117881951e-07 2.865323184079189474e-07 2.296392199648327668e-07 1.997691804765057809e-07 1.652253649666945316e-07 1.595905610925948477e-07 9.447614326078512021e-08 6.045279616292021619e-08 1.851664114332051943e-07
3.968334355579830139e-07 3.169096678086140804e-07 2.790368203787839702e-07 2.428161335243148780e-07 2.087773841588225495e-07 2.115611788773639876e-07 1.325775074589852862e-07 8.810563053347478636e-08 8.294875887508618160e-08 3.789266858309823589e-08
6.729567750579483428e-07 8.187102581858292214e-07 6.502477975602113837e-07 3.016188961971833300e-07 7.512082115676944351e-07 4.030659195433825295e-07 2.419872896631508007e-07 9.319660301225086235e-08 1.771645559793070009e-07 4.264043178755067899e-08
1.232853536601167589e-05 3.785303041925673088e-06 4.138467324029138999e-07 3.792803542263177861e-07 2.118103402342920389e-06 3.829703465437885134e-07 3.714602659372385952e-07 4.474773197537717575e-07 4.552963223794701312e-08 2.974675142911064415e-07
9.981009237046635274e-07 1.162145066073242366e-06 4.116162660007599309e-07 2.879337925933523525e-07 2.261719792827969299e-07 1.900277142300734259e-07 1.829061545563083721e-06 2.008992930228513693e-07 6.512825229729225929e-08 7.878453024453919550e-08
3.156156603913309225e-06 1.301436612162823004e-06 6.411265073876039766e-07 5.852121668806993366e-07 8.951990829517719337e-07 2.460633033449039134e-07 1.250323049101069597e-07 1.341001719806928683e-07 7.168164878440393981e-08 7.014668871263528090e-08
4.675144433293707788e-07 4.377355140708623862e-07 3.924044662420678756e-07 3.339575710719490273e-07 2.570040532891515545e-07 1.949422624136792682e-07 1.397784878300341498e-07 2.630636369350409232e-07 1.002174608713474956e-07 2.533685996768871281e-08
2.753194591799926616e-06 9.240445334391667178e-07 5.282456957872982080e-07 2.781332502611646099e-07 2.180187026394103415e-07 1.798735454612538862e-07 1.396190655463723544e-07 1.001010831923641610e-07 1.218736998781460986e-07 6.544422130824444264e-08
3.711780224511286266e-07 3.299164395216727479e-07 2.532765017777928364e-07 2.202403115376373371e-07 1.997831963540584544e-07 1.669089879928674122e-07 1.163511311281128394e-07 9.250683209925114697e-08 1.721021524873946001e-07 7.204351482811442506e-07
3.484793816786004843e-07 4.988241601975485893e-07 3.589219389753045227e-07 2.757487705494594758e-07 2.919239893743687108e-07 1.904363334849862790e-07 2.110180715938810939e-07 8.191758033181076200e-08 5.069381947126070568e-08 3.134032539017905918e-08
1.526127908745796525e-06 8.679792177210902514e-07 3.719839344501444926e-07 3.230726641664154209e-07 3.087600877651065620e-07 3.316649949701663952e-07 1.688813347491470762e-07 7.156900054436438193e-08 8.956471850400869549e-08 5.686477523946115516e-08
1.011163577181332881e-06 6.028362168073542729e-07 6.891571999134805268e-07 4.261453276725661072e-07 4.074156350186982784e-07 2.442658838695995436e-07 4.562959432516197431e-07 1.028589451732621714e-07 6.670581539752017798e-08 5.271047886061136881e-08
2.824599953709086607e-06 1.426700067199947172e-06 2.798470545089155680e-07 1.856842938247715328e-07 1.634106638119594322e-07 1.391846090527792546e-07 1.852804755329785566e-06 2.251108174717606987e-07 1.587476350153188151e-07 4.288732317777703443e-08
2.520612292386095583e-06 8.200624772357681645e-07 3.680815745216109787e-07 3.087134851349316657e-07 2.351947970615790976e-07 2.140025875434816156e-07 1.465662876894417519e-07 4.617458331409944977e-07 3.017051296806259981e-07 7.731059248555246411e-08
2.023147544471935251e-06 1.088825810171254694e-06 4.286250915671068497e-07 2.855631445950244927e-07 2.415288842822581070e-07 1.338865775828494728e-07 9.785720418509771554e-08 1.871256836431894052e-07 2.724602817335125390e-07 3.828371476891885621e-08
4.494224898577614529e-07 3.734411010554902511e-07 3.123520344890439823e-07 2.220685545850025886e-07 2.118036149925486660e-07 1.684514650905998849e-07 3.281065437773502973e-07 1.329390506526751424e-07 1.377286923425582786e-07 1.638676279261431434e-07
9.139944774289219549e-07 1.428526162010059994e-06 8.037098791722205118e-07 1.230674272982884307e-06 2.543369369345741092e-07 1.888155412036214174e-07 1.280776892862067160e-07 4.872878705681951212e-07 7.573124892865468776e-08 2.304829388996711480e-08
2.280401261886796518e-06 1.315324783035414382e-06 1.187429314929849144e-06 1.034760092861092740e-06 3.973529430657595911e-07 1.929317275820232701e-07 1.265910391760932869e-07 6.916556089688577690e-08 7.077416491083507700e-08 2.837128197609999954e-08
2.706517509021199999e-07 2.785215840446599815e-07 5.811865942328976491e-07 7.522255823582899813e-07 3.608280090766190664e-07 3.926408104651719401e-07 3.358077959687129186e-07 1.618750063146004052e-07 8.026002168894187304e-08 2.975056932531244825e-07
4.991440395868081157e-07 3.922009519844868997e-07 3.217318401464649277e-07 2.761312583018754310e-07 2.187735652834456869e-07 1.757229326553914876e-07 1.517182214931961998e-07 8.733921089626708757e-08 5.735000388418179895e-08 1.346695395519308998e-07
9.804510125040012661e-07 2.884710678896791129e-06 3.829339501376278240e-06 1.908965001719755075e-06 1.934336857746475025e-07 1.440616700744198157e-07 1.099304983140639736e-07 9.645012027400473459e-08 1.009208657039067139e-07 3.748575888145551580e-07
1.108877459510480242e-06 5.430029202932188077e-07 3.920886642795678135e-07 3.102063679784882517e-07 2.238979318814129016e-07 1.703908354753267168e-07 1.238568320284255734e-07 9.503580380856221116e-08 1.913827495534213143e-07 3.154942182277634431e-08
2.629322564176545038e-06 2.022223255163007746e-06 1.562595589932345751e-06 1.616120110802894455e-06 1.126744903175316855e-06 4.461524951022344475e-07 2.092090062179819167e-07 2.845733080993328727e-07 6.250317557801054523e-08 1.884069564845560767e-07
3.795510798292398858e-07 2.762492279027836538e-07 2.641339386225552019e-07 1.996756117609731417e-07 1.847568281101434026e-07 5.249686800856400581e-07 1.062566753128224184e-07 2.030126171752879427e-07 4.592486872906908959e-07 5.024339658490638839e-08
8.780662142850194445e-07 4.522758760674742670e-07 3.280483475959269217e-07 2.437789681633301257e-07 2.057995147803228960e-07 3.551212950047145908e-07 1.204541879773726744e-07 3.218484797387788295e-07 5.608425948821693408e-08 4.543251961625019439e-08
3.799802466073292778e-06 1.923997628841899922e-06 9.158386318216027261e-07 3.193285710482881762e-07 2.072370943014893751e-07 1.787061627577321869e-07 1.126507332931288192e-07 8.374248959853622808e-08 1.033552713396065626e-07 1.140528835333713212e-07
2.028239755974159695e-06 7.884485914892189336e-07 7.006456013803770273e-07 8.640072195846145591e-07 5.835489175954586527e-07 3.786894736583699164e-07 1.049939228426740383e-07 8.669056468181817678e-08 4.498885051432981922e-08 2.798521583735258605e-08
2.718626784931285481e-06 1.458561848063126175e-06 8.865087656396598351e-07 2.782453329852539551e-07 2.509943932376996270e-07 1.841534402906197861e-07 1.165614316624247062e-07 1.132209377440902819e-07 1.929079752122528358e-07 3.139252909914197121e-08
2.226066221215479601e-06 1.009618778205854177e-06 5.488828110533327495e-07 3.622273705290453675e-07 2.329146436961933136e-07 1.584215149176120450e-07 3.237979791937274484e-07 1.596869033537464339e-07 3.123893640998907303e-07 3.295052670754194304e-08
3.123867239475178836e-06 8.169969809392738033e-07 2.793956638254166311e-07 2.641413148991312275e-07 3.169576400996502129e-07 2.552278486026555961e-07 1.228622166606748674e-07 8.285672497127289786e-08 5.608628015426464468e-08 3.773557221716908041e-08
1.120858783337907937e-06 1.024500184375051288e-06 2.067908822799912247e-06 2.905332663989213736e-07 2.314938376336049033e-07 1.607917773794716205e-07 1.125464853375466329e-07 7.942739000521659703e-08 5.303990276977961072e-08 1.439358244776146906e-07
