6.482423688307385218e-07 5.395251832558430832e-07 5.104284855473288764e-07 4.475181772283095561e-07 3.905061189034944901e-07 3.501035371723170583e-07 3.009544261057782351e-07 2.597352255683658955e-07 2.288335400017033520e-07 1.905930359348420332e-07 1.511771191840884358e-07 1.208880981053801913e-07 9.705672653299156999e-08 7.464142654530452179e-08 1.243414175883327984e-07 5.156949454732406549e-08 1.369890333381957950e-07 5.832817854307800151e-08 3.675084679571169731e-08 9.067183995820482170e-08 1.501157903387700579e-07 9.749174150023298607e-08 3.123634248412958794e-08 4.789942861587748563e-07 5.669860323874469943e-08
3.665176036297914056e-07 3.447762371256053536e-07 3.016770937126666569e-07 3.105344506906716291e-07 2.689405210828286607e-07 2.663214279921279508e-07 2.397623814636356388e-07 2.164427047271594280e-07 1.973438736163534099e-07 1.652078987382794821e-07 1.420182312896088091e-07 1.078256315641312356e-07 9.099145191974293586e-08 6.476481700408131822e-08 4.341393836059036381e-08 3.416087847239957033e-08 3.760683852261443998e-08 1.119046579653368032e-07 1.519440033258125846e-07 7.006574658759344439e-08 2.418877940398770892e-07 1.127493809165023425e-07 7.961776063742278093e-08 6.929158730645849899e-08 1.301625397578412986e-07
7.946867103089811626e-07 6.548589212380129022e-07 5.484627984187864970e-07 5.479350293434108624e-07 4.661978137797713182e-07 4.402795076679327349e-07 3.524802415776541472e-07 2.824638515863297019e-07 2.297853980042986165e-07 2.048478094369922427e-07 1.892667799690789756e-07 1.585603565387371274e-07 1.977845313056729751e-07 1.051947499431428370e-07 1.428824629323767877e-07 4.871734251277873318e-07 7.092097001595280738e-08 4.849844974760168461e-08 8.879088485357537039e-08 2.856022481681109053e-08 7.665088910644429482e-09 1.048535865125783625e-07 3.303978702622739019e-07 2.254455880854081124e-07 6.604182175912035310e-08
7.646805633897839884e-07 5.544149210839211224e-07 5.709796959939700293e-07 4.862098016250290829e-07 4.820077258430943158e-07 4.226631587642842026e-07 3.594525558947437289e-07 2.863422093740243132e-07 2.144336364513905042e-07 1.845710115796564152e-07 1.763839162471875995e-07 1.486223856109367930e-07 1.099923363434146302e-07 8.201709865507334850e-08 5.949518830317161877e-08 4.642380781743367276e-08 3.877073559850167016e-08 2.928387775768331934e-08 5.958147898896612509e-08 9.153993039173653394e-08 6.737343812533704463e-08 2.442044149059537242e-07 9.221943657544707282e-08 1.304172855965489901e-08 4.527075263783019152e-08
3.861539310526965857e-07 3.754635626448269183e-07 4.413293704389584530e-07 3.325445630984972467e-07 2.741939291147298258e-07 2.086986636899470377e-07 1.856059305000558650e-07 1.582848992131837620e-07 1.425036599642598692e-07 1.216791977530213829e-07 1.001825178411214905e-07 8.694702220131386201e-08 8.083312813280042716e-08 7.843808496488108223e-08 7.432322141966441016e-08 6.096489251735574226e-08 5.143662223820468783e-08 5.071406947709065789e-08 6.492822731951624670e-08 3.489031308186422617e-08 7.666997313515880306e-08 2.271813547825721070e-08 5.073421077557883963e-08 1.195178027948001924e-08 7.461402979115621688e-08
1.293894351904135840e-06 1.090334922732592877e-06 1.061903650960742731e-06 6.186576251121313031e-07 4.097458620409500171e-07 4.081123292922950799e-07 5.585734433336657073e-07 4.285387049100344721e-07 2.912500694549648511e-07 2.267593649489686998e-07 1.890606128098125958e-07 1.448790514024176335e-07 1.180651355388041747e-07 9.544228052329262553e-08 1.619430971357891926e-07 5.851425876537128158e-08 4.893476980724603320e-08 3.695862683452424279e-08 1.955444377312334692e-08 9.442402582362001728e-09 2.809387878259012952e-07 2.344256324382480634e-08 1.658382983682240436e-07 2.002299319227565031e-07 1.154870627223749036e-07
6.806691282433609630e-07 5.482977151257811923e-07 5.537071852538099343e-07 5.338359335081256270e-07 4.572067888986625677e-07 3.686414214546489749e-07 2.966618831011760331e-07 2.644423078609828471e-07 2.340248655455151248e-07 1.957598396379155993e-07 1.661249515173805037e-07 1.558404965942625105e-07 9.950415898944858657e-08 7.185940327969616990e-08 1.024803164781706095e-07 5.309756499696539234e-08 6.336262789890010307e-08 1.862271463757773236e-08 4.688079813860732321e-08 1.674752617970932376e-07 9.887735853761631898e-08 5.154088637556001734e-08 1.266227644123369350e-07 9.501340712021080923e-08 7.569096805363333445e-08
9.843963556618474705e-07 1.605860807508008828e-06 8.279636359008747697e-07 6.515877972089054589e-07 4.837487998885494316e-07 3.812540879407279783e-07 3.797670947834714480e-07 9.489437156009153505e-07 1.591321076432925445e-06 6.815442377802367935e-07 5.518837095999232051e-07 2.040777638939151058e-07 1.314962424367364405e-07 1.574979412257006866e-07 4.431867397632223619e-08 3.618413511201423923e-08 7.311148223804507066e-08 1.036509272909134519e-08 1.134433598685211316e-08 1.058552631173948540e-07 7.222476283301427085e-08 8.866549733295407644e-08 2.546952191394514072e-08 2.388624188358433171e-08 1.352603668817997445e-07
6.678869891699751770e-07 6.131017416876430186e-07 5.538756194043085957e-07 5.003499970704351234e-07 4.089218247855373335e-07 3.428535875104051314e-07 3.125630451297365116e-07 2.728326273826590872e-07 2.492819617239565578e-07 2.253927143258183503e-07 1.872099976252595344e-07 1.701733283957498302e-07 1.123430335330335881e-07 8.864483556294308069e-08 6.375684642689693279e-08 4.024628851781869083e-08 2.300110868795626206e-08 7.230309735727777268e-08 4.083109974800685340e-08 1.227223639876577793e-07 3.843626838228767061e-07 5.862933753960937338e-08 1.215015516392472528e-07 4.240988416534718074e-08 8.743484945208714302e-08
8.942843060737726398e-07 1.483480220503068429e-06 1.100089406222932893e-06 4.540138983014504816e-07 5.950954680775210903e-07 3.198595088865389035e-07 3.088579718332574115e-07 3.415303206031424736e-07 2.341790879659201558e-07 1.981017011664336990e-07 1.803949913184173556e-07 2.651772010408458948e-07 1.205114928817579341e-07 1.805862218272161689e-07 6.479607320650682720e-07 7.088397049161450635e-08 2.512033175795739707e-07 1.535220066131431806e-08 2.445200758039079878e-08 2.364811204781043560e-07 8.516476602244461630e-09 1.527683089543186110e-08 5.513205299943882807e-09 2.811828963933050622e-08 1.190162781758191593e-07
5.908853185530120639e-07 6.051111561982285345e-07 6.269913603573550361e-07 5.569113704981740323e-07 4.582814054467064484e-07 3.821805540928086022e-07 3.194324368348418580e-07 2.583048654553632672e-07 2.123546559533587603e-07 1.750574153128190881e-07 1.509886922906438684e-07 1.290722586885113818e-07 9.360397198478006197e-08 7.313872587348856454e-08 5.540650590710513149e-08 6.844150771116605344e-08 4.174752786786850435e-08 2.341870701079649903e-08 9.371179481364207417e-09 4.346828130147166303e-09 4.212561761284412970e-08 2.811536527552244481e-08 1.211750667541306376e-07 1.346581720499974563e-09 2.455726638064303152e-09
4.085462542503026887e-07 4.055280984493636193e-07 3.730325207614437968e-07 3.755266289257047045e-07 3.233206011074724096e-07 2.998534801928833774e-07 2.698465446624492292e-07 2.500061574422390079e-07 2.189722446181659902e-07 1.862094700891460430e-07 1.543534828513095444e-07 2.185404028637947491e-07 1.096300108758499407e-07 1.881737737702223570e-07 1.207424354094384418e-07 7.270378642812969796e-08 4.270062577548225696e-08 2.197674567148098517e-08 1.463797412841042982e-08 9.587181523486845583e-09 5.935244342190478660e-09 1.009327370835133558e-08 4.195532472187054630e-08 1.513857013520137147e-07 3.053602384082626733e-07
6.659102413180768984e-07 6.056174904311687744e-07 5.184789896311082678e-07 4.493767275179953261e-07 4.393913896744496420e-07 3.871780342173645018e-07 3.508218063174032043e-07 3.011571680055538647e-07 2.935535328060787776e-07 2.327911485218324521e-07 1.681753994261397879e-07 1.313701940873726728e-07 9.708815458183340832e-08 6.977698218396750035e-08 4.771277367644189696e-08 1.512711570940363989e-07 1.699482617758248078e-08 8.769580439875259221e-09 4.984352310035178141e-09 3.465680350286445281e-09 1.293534137890409453e-08 1.412104125501310727e-09 2.395616868768004748e-07 8.240093970061537617e-08 2.000698664140858035e-09
1.422106126731279856e-06 9.858293219479176476e-07 1.010878105038511853e-06 8.368942656603631229e-07 5.201184199935571636e-07 2.631000674444667731e-07 2.792034717384255920e-07 1.586175388101506607e-07 1.222844598656888305e-07 1.587939049844060558e-07 1.762296293483165855e-07 9.424358197797023391e-08 7.957658266918439490e-08 2.629712024643912108e-07 6.461936093652900594e-08 1.439454586052240229e-07 3.575771674487901070e-08 2.267863018819407466e-07 2.700214099913071371e-08 5.473999268496934258e-08 9.948079278782219675e-09 1.022828466160163615e-08 3.866375906920846867e-09 1.598639591365571346e-08 1.570644929421463240e-07
3.338879975000342214e-07 3.574356622389115621e-07 2.476736101954098255e-07 2.345665317960363275e-07 2.174218626614266429e-07 1.909760265468033009e-07 1.596715780023642872e-07 1.472227837342189330e-07 1.473645845492257677e-07 1.497538550404025540e-07 1.277297392967123318e-07 9.295959750683265977e-08 8.276250011709458648e-08 7.467159366085967266e-08 7.000256699085057428e-08 2.264272191772113299e-07 4.036898125956586122e-08 4.307394250721860897e-08 2.865002796145471764e-08 1.162601734585107290e-07 2.844798365347473755e-08 8.476374720813888748e-09 2.699241261083954045e-08 1.490543846431733679e-07 6.989014204472838021e-08
2.995337954589753224e-06 2.095223156869819832e-06 8.601522731836815524e-07 4.704361607167766071e-07 4.165316485020678019e-07 3.660425655446333982e-07 3.091088871472329931e-07 2.731981790791683544e-07 2.299588564382464908e-07 2.224399928463325001e-07 6.865478737982613497e-07 1.482553460642002113e-07 9.256526139383859894e-08 7.213134082137453425e-08 4.909557669946951990e-08 8.610318191287925861e-08 2.658232585408098311e-08 2.542780052820214600e-08 5.216607887727818144e-08 8.604842161501713253e-08 9.513623822166628109e-09 9.435487297691613144e-08 1.645860848731266732e-07 8.366297264948689475e-08 6.237714932694034570e-08
5.300348422810114161e-07 5.670778066762276964e-07 4.451172457587076504e-07 4.223771842623561238e-07 5.978306970201968530e-07 4.551674536378794335e-07 3.456374713660275017e-07 2.668643213784341506e-07 2.405013328742567754e-07 2.007465333937550356e-07 2.436063784694984371e-07 1.520489046585642086e-07 9.021347040513559347e-08 6.693275278783567563e-08 6.041091404887818494e-08 2.803076511968979460e-07 4.123393714871209913e-08 2.380026539408809046e-08 1.777827522744793109e-08 8.917399531768491484e-09 6.795574521036803533e-08 2.370162189381887334e-07 1.447188132824963475e-08 8.369925121592134869e-08 8.379912081879478126e-08
6.159002096690089820e-07 6.481670451772671487e-07 5.161198068111906187e-07 4.211439869780624636e-07 3.735383581730522402e-07 3.196393812452608251e-07 3.179539591893991872e-07 2.778146934356164994e-07 5.914898117861913785e-07 2.978374167313719969e-07 1.895102929173562245e-07 2.906561262645136848e-07 1.000815246716569886e-07 1.012499387906346582e-07 1.246881109184524756e-07 4.407668121383344018e-08 2.979425814300031564e-08 2.265672250351288870e-08 3.850567428045402775e-08 2.886473904593800495e-08 5.003545477100374488e-09 2.523998438172998788e-09 2.493259625478969487e-07 4.334513334018913237e-08 2.374283575974875631e-07
4.909763765414194391e-07 4.249017949362589173e-07 3.505371302674129395e-07 3.162693931467776617e-07 3.194644703817672706e-07 3.276073405811333099e-07 3.184907941017414784e-07 3.232785045546876715e-07 4.912910240933429343e-07 2.868319055736408444e-07 1.621035597073388925e-07 1.376386246366165348e-07 1.539123601994563978e-07 2.378264905892708479e-07 4.703090143205233990e-08 5.422840237347085215e-08 1.589687315042229136e-07 9.061175017137564730e-08 8.518959792653198991e-09 4.303089206482962734e-09 2.744962673325846685e-08 3.637359829769691874e-08 2.325979696610421105e-07 9.868992049229710398e-08 7.923606222606505558e-08
1.187062569475727470e-06 8.411318782160558686e-07 9.757785471856616182e-07 4.910521464059293125e-07 4.891469012802557704e-07 3.775693494043432804e-07 3.705211415047336139e-07 3.096835479812311896e-07 2.635068807635839163e-07 1.977059930463290607e-07 1.602380670179136484e-07 1.388683104884758632e-07 1.048350722618212806e-07 9.331611135322178398e-08 6.155090403594074836e-08 3.725971025571353360e-08 3.389521744368045669e-08 1.440599728830815365e-08 1.294907703785604290e-07 5.266560258314392419e-09 2.266683538966285711e-08 1.002868428279489170e-08 5.206027602474143661e-09 4.406984630792278805e-08 2.140623635435197088e-08
4.526796329869501801e-07 4.071100577389060604e-07 4.399938952686430691e-07 4.295933064198927069e-07 3.779679514450671302e-07 3.396962447532893078e-07 2.967147858797671258e-07 2.603522702114271008e-07 2.147190410161424843e-07 1.774598726257288223e-07 1.463155929393267958e-07 1.096360558779814442e-07 1.271458464434910355e-07 7.133650846129364094e-08 1.682828951648039862e-07 8.489946453447986802e-08 2.782173711205990273e-08 1.953201628378789795e-08 1.400347712851022500e-07 1.652375975521419415e-08 1.054749412195763055e-07 4.655030233158690285e-08 2.721336830716999708e-07 2.953102134403685055e-07 8.929526175229775200e-08
2.700690583258125001e-07 2.935553055899902695e-07 3.239779624223506243e-07 3.257903311672150941e-07 2.739231937072051147e-07 2.567932096037116215e-07 2.377552615386696972e-07 1.834414636130532974e-07 1.575297742065750396e-07 1.302756150409939075e-07 1.065311449674513290e-07 8.732093779306589867e-08 1.504938126034520040e-07 4.641858708397983626e-07 5.092213052985271790e-08 1.257083132381485544e-07 4.575032178146768282e-08 1.050502237673810552e-08 7.037121481334285104e-09 1.617328998983691664e-07 1.725315326320214115e-07 6.086488181668918424e-08 9.585317582879746706e-09 1.965406089851966407e-07 1.634585027272210648e-07
4.410912193794921637e-07 2.710809784488400226e-07 2.836895128489988556e-07 2.182017170168941414e-07 2.037950345592594032e-07 1.829116446998486338e-07 3.092048457140485514e-07 3.333180879434852427e-07 1.798147625783355768e-07 1.627284744374633726e-07 2.189283331533601627e-07 3.837378800784910025e-07 1.822219887735131988e-07 1.075279506401042266e-07 6.390735086319346587e-08 5.106069715293728692e-08 9.722311168155587808e-08 2.198994635133325862e-08 1.567719693616999786e-08 2.263589789046194567e-07 1.844604541534438610e-07 5.470488244782262629e-09 1.563429891861306716e-07 2.866460804440388217e-08 1.931593831307873157e-07
2.677786270136121127e-07 2.184294164262914365e-07 2.178756055816307190e-07 2.006187199281641099e-07 1.882659310002602651e-07 1.753330576945660315e-07 1.806108988822195982e-07 2.050190637075680539e-07 1.459666443574418736e-07 1.418134319372880954e-07 2.179909776456294291e-07 1.605947407544245583e-07 9.956177943823771512e-08 6.620372015767700145e-08 4.220451809645695380e-08 3.569680003167367315e-08 2.782736753671125561e-07 3.496551535791286310e-08 8.017534904966034759e-08 1.742314293363424248e-07 1.788871341923770331e-08 4.197488607446340131e-08 7.527080711349262195e-08 5.286533989097892513e-08 2.334221907394154112e-07
4.964590097959761223e-07 4.178644101651560925e-07 4.315614383873003190e-07 3.990614731531660274e-07 3.194428375725180673e-07 2.914771092758080708e-07 2.357521356437737520e-07 2.050836575693793970e-07 1.710951512184879430e-07 1.427365902174513682e-07 1.219463265412140478e-07 9.386148397728140304e-08 7.270742531639251819e-08 6.201246634626969861e-08 5.982112838307357983e-08 1.579854365153934640e-07 5.727868591973790291e-08 2.242537660439652277e-08 4.316502620939837464e-08 1.252290280559355361e-08 7.955386695125188025e-09 4.501416166368861295e-08 7.110892152357476472e-08 4.864471961194068280e-08 9.746010222260735239e-08
3.811599869843485374e-07 3.788592164181114577e-07 3.635612589274569439e-07 3.263238969810950464e-07 2.793063062629675969e-07 2.405294114800575422e-07 2.172057728244191392e-07 2.001905001584895343e-07 1.787840354296270116e-07 1.557373975097839183e-07 1.556811688724522507e-07 1.496570410537986271e-07 9.309918010283800198e-08 7.004168770047671494e-08 5.909662459713469185e-08 6.921386744249377784e-08 1.095854491258816285e-07 9.242557790087222493e-08 2.513521356524711334e-08 3.478696099330089241e-08 1.988361498632999096e-08 7.316430474788763177e-09 3.847424507902872947e-08 1.813732658589251582e-07 3.708420377718523227e-08
3.094878917653947736e-07 5.682039378791785955e-07 2.872935069793852198e-07 2.608480371005013420e-07 2.881754241887279941e-07 5.476234134117143091e-07 4.273139171523093360e-07 1.316940831902936310e-06 1.288339187445260997e-07 9.879458588655543406e-08 7.868931064370338668e-08 5.558641625254019234e-08 1.060058477296294995e-07 5.380890930426377343e-08 7.979793752255977612e-07 7.726517168528511946e-08 4.027393671666918342e-08 2.072462304903118132e-07 5.297961888273580876e-08 1.376963774866296483e-08 2.056220451956835675e-08 4.181835354124440606e-08 1.933757420402392144e-07 1.560533277904965647e-07 4.032118139465480765e-07
3.609468650788161206e-07 2.989712964598112258e-07 3.286411935856466230e-07 3.452642548490966194e-07 2.263317003125497197e-07 1.916683923219287802e-07 1.527372746164630495e-07 1.307589025728245875e-07 1.794285120510452906e-07 1.560224513683836158e-07 1.122861055760765976e-07 8.898535578789109823e-08 7.089868692741959428e-08 5.937769966111606841e-08 5.352819641920251917e-08 1.497413201422353210e-07 1.454591207249700907e-07 1.022869972851479213e-07 3.174899955035435653e-07 4.289716267673919892e-08 1.527600566489916322e-07 2.856450763901287168e-08 1.124306981449175558e-07 7.982018001844267388e-08 8.687352270279234266e-08
1.596640627446128634e-06 6.571748791968667272e-07 4.944047964368697497e-07 5.417890102135044928e-07 5.853003507454811406e-07 4.636596043933680335e-07 3.763209968086399454e-07 2.520798167152270890e-07 2.072302774996097139e-07 1.612489306149199009e-07 1.398501436991677168e-07 1.107615301439681504e-07 8.811561064169800724e-08 7.221864632257081194e-08 1.126760072352218517e-07 6.328083086110236442e-08 1.060405228193625278e-07 1.988476661160123532e-08 7.511440984581236102e-09 4.608740037562570176e-09 4.924722589678495252e-09 3.006771835914959070e-08 3.885715512168291512e-08 6.643109947596243385e-08 7.160740140244095653e-08
4.064101719548049552e-07 4.140919390522054102e-07 3.636341919643928464e-07 3.378577209158761029e-07 2.777847547147101252e-07 2.412890605940238256e-07 2.093140755657293597e-07 1.756413458172131111e-07 1.484505212648017625e-07 1.360137952951350651e-07 1.284671675043270218e-07 9.555526635593560228e-08 7.898056918700233165e-08 6.134600949817216271e-08 5.018418433198400257e-08 3.552706420126877764e-08 4.450666730996093963e-08 2.747980170272890181e-08 9.158693962297525791e-09 3.297817092169255988e-07 9.998618612728977785e-09 7.775203414491933473e-09 7.149642193167987356e-09 4.103020519822572243e-09 1.107298813211931248e-07
1.123613710285212615e-06 7.399165798676070621e-07 7.135791932380099571e-07 5.208494387073305673e-07 3.933486669624404353e-07 3.592637772712171358e-07 3.560261413531834335e-07 2.308984249256959278e-07 2.105858721019136437e-07 2.121184610594805051e-07 1.657252677116784049e-07 1.341630303342257921e-07 1.728523090700264380e-07 1.107911659094068973e-07 7.062007963570483553e-07 4.166379908717121174e-08 1.588717587759363273e-08 9.206197272523354527e-09 6.611211994712620351e-09 3.518154277685002639e-09 6.517425677637385652e-08 2.288274203014631053e-08 1.191813155573468370e-08 9.773807466375747893e-08 1.921165773576159735e-08
4.692729336718748101e-07 4.128414215896227606e-07 3.766589684362144515e-07 3.443037382614803808e-07 3.050628860500336474e-07 2.850893562072322357e-07 2.704440344929253184e-07 6.100814102811812693e-07 7.322593499050323518e-07 1.610887003236524714e-07 1.142009707380930241e-07 8.295071087865936382e-08 6.150140497401661848e-08 8.159827187356711876e-08 3.541476611290437129e-08 2.642075681774710450e-08 3.782714132409894651e-08 9.611141046698949119e-09 3.387221895177567551e-08 1.479378775793589833e-07 8.670981492716910698e-08 8.143317438778021436e-08 1.234453175008060229e-07 3.430572922646080897e-08 1.806517168725678315e-08
3.371103467692475991e-07 3.435985793438750610e-07 3.801959250911842791e-07 3.798288509467582566e-07 3.005289563837435418e-07 2.842394544699717185e-07 2.499105438415823467e-07 1.822243530058035664e-07 1.856290464063847382e-07 1.074522660397161444e-07 1.124034864743775266e-07 8.289794448313830313e-08 3.504496791254821789e-07 1.467438111202570093e-07 6.261481584333077712e-08 1.411552222814385621e-07 2.146405448438958512e-08 1.474194561361580494e-07 6.194257652715809961e-08 2.355250044019227460e-08 1.374865309702137273e-07 8.165664657712315987e-09 1.620491493085274450e-08 2.239638401965459038e-07 1.708624130536818257e-07
5.411007999009283116e-07 5.066290559838201830e-07 3.597046044879513784e-07 3.371157567757012332e-07 2.806540174029370953e-07 2.627741310669414570e-07 2.426017954330425916e-07 2.264275322426580954e-07 1.893335604251597558e-07 1.543363670551770175e-07 1.245518245949608781e-07 1.031812989529234857e-07 8.510557479715019537e-08 7.456209427691064767e-08 8.049257979510880817e-08 2.250421827684859504e-07 1.359057305203238686e-07 2.328856995395683370e-08 6.077252914949175601e-08 4.714904054210608279e-08 9.830332362635222147e-08 4.248499478447743097e-08 1.645098562866496632e-08 1.252390653464138784e-08 1.274170169811363289e-08
1.281241967026228155e-06 9.704454651737272232e-07 1.235401253787356992e-06 1.071119590851419857e-06 8.496929214750552936e-07 2.605227066451747540e-07 2.345158102834515879e-07 3.646020361375251126e-07 7.994016068689930446e-07 1.984227249209156946e-07 1.413251922932991720e-07 1.127498675504292939e-07 8.494294843904285719e-08 5.820750126106249331e-08 3.741177627171052654e-08 2.514314842827877054e-08 1.631185356690534451e-08 1.066543306928941492e-08 7.197956034061745209e-09 3.367814392573777448e-08 7.959608732701739290e-09 2.122636296394501907e-07 7.699847789964379036e-09 3.401784169163713596e-08 4.311853776434648115e-09
6.804645741786353463e-07 6.908320455146256728e-07 6.238808564553834217e-07 6.318112887824063496e-07 6.675277047717760603e-07 4.914170451104328372e-07 3.621082347328488337e-07 2.928594619725868876e-07 2.483422754191874532e-07 1.877167644908889484e-07 1.670989190666456676e-07 1.444303780843628652e-07 1.210758922455300198e-07 6.451673604017103036e-07 4.144546145152921929e-07 1.223354145308562304e-07 2.315639814808186020e-08 1.451815069861594297e-08 1.028666118730696240e-08 2.800397541181925614e-07 3.162757778439557338e-08 2.667795180859833096e-08 4.580244347662156926e-08 9.962101260345024631e-08 1.277628352644054780e-08
8.410175338140463549e-07 9.502643455305972926e-07 5.570824855965544232e-07 4.836401748841977396e-07 4.019253030599555941e-07 3.510541741335809709e-07 2.577172538644764745e-07 2.156989369078175246e-07 2.050882459600726227e-07 2.003196679359071574e-07 1.061341692385384079e-07 9.100724054316809562e-08 1.420686843414239644e-07 6.876107392084369230e-08 4.388026809536578442e-08 2.425401705922784458e-08 1.423587995297816768e-08 9.603815886089762277e-09 2.408893315651228630e-08 6.777959459711541963e-09 5.397453588564200030e-09 6.108084001094102178e-09 2.329448236844838230e-07 8.876543998244404678e-08 6.189696458078252008e-09
5.013816686500263940e-07 4.536569509259288792e-07 3.751128047458282156e-07 3.181819314201601828e-07 3.484404461217424492e-07 3.774344965930932797e-07 3.376583354536323754e-07 8.154205040152008604e-07 8.805558103965168610e-07 2.576263712928081487e-07 1.929109099275553008e-07 9.557271775410166450e-08 6.466421100817979747e-08 4.700268809973222071e-08 1.245162350850842811e-07 3.779059609911015484e-08 1.411787721911370773e-07 1.172616055080739376e-08 8.003645650243343739e-09 3.559078784730898649e-08 3.816429032679265305e-08 2.476328373031456495e-07 4.230894324627918062e-08 2.403792846798206323e-07 1.461034137021841035e-07
4.419253670667231836e-07 4.050195492501257207e-07 3.704324065853426029e-07 3.640430474501508535e-07 2.978938136120781743e-07 2.578078266569239781e-07 2.150234591248505950e-07 1.609255841781898919e-07 1.540962488286715281e-07 1.397519807910191613e-07 1.275260901847121130e-07 1.190455015514352660e-07 1.170893723785873228e-06 3.893684899204844912e-07 6.001364583666517787e-08 4.817657703549358823e-08 4.230198459276730702e-08 2.717949550264411477e-08 1.385350641306879623e-08 1.132663105036150453e-08 7.855658207596953704e-08 3.196027036726245599e-09 5.697939295377979080e-09 8.366674041905730891e-09 9.574194544740204534e-08
8.800661184788038677e-07 7.604960211094846525e-07 5.665002283611538618e-07 5.229229089621846285e-07 3.983981348905198055e-07 3.503382824019777632e-07 3.799270440777092498e-07 4.972302632536460946e-07 4.455664407406642857e-07 2.360201092798649964e-07 1.481320798817243873e-07 1.117871772296775635e-07 8.641522481190663833e-08 2.230301661171190331e-07 6.233269386854389600e-08 2.909552691119411712e-08 1.639026460895101223e-08 9.857661119438278687e-09 6.578883404307922489e-09 1.361452739260776783e-08 3.403574744688971411e-09 5.321693637176337642e-09 9.391472387374190970e-09 4.553885754091928909e-08 1.642259368795838779e-07
1.083743554012405767e-06 9.289605666788257730e-07 6.720385506557303002e-07 5.750170268948050048e-07 4.551712311119645050e-07 3.750012211859077359e-07 3.601189347682076598e-07 3.448032728231956679e-07 2.336857121624583316e-07 1.865858771539661627e-07 1.473816674345564617e-07 1.096492721818259176e-07 8.314184131137477401e-08 6.037086983027043622e-08 4.401584303821848536e-08 3.943836761617374032e-08 3.367674393936327591e-08 1.127281239502410381e-07 1.144938825546530076e-08 4.352031418672847057e-09 3.429551746069431114e-08 1.156356157153721414e-07 5.928689373195237005e-09 1.897787236745151025e-08 5.669721541550736727e-08
7.683912721902289048e-07 6.180920959669118004e-07 5.390326392389224453e-07 4.452764726807823906e-07 3.966798425203650413e-07 5.269284645784220783e-07 4.204072549349512965e-07 3.397870991814277462e-07 2.523500982779313537e-07 2.350463659133729115e-07 1.447104951804076142e-07 1.243460219769143231e-06 3.035741974992774718e-07 6.379225060102171716e-08 4.828058402263810075e-08 3.588654249351097696e-08 3.869657134284789255e-08 5.380209566383752976e-08 3.904561611197850941e-09 2.258411865677578170e-09 2.208788496181990393e-07 1.656616281364755022e-07 1.403951542025254589e-08 7.779460248685456827e-08 2.889624338617718117e-10
4.917189910171754715e-06 2.538614851430738184e-06 1.942741075211726128e-06 1.240146569643981619e-06 5.276273281111773780e-07 4.668503690475704192e-07 3.706683659442538750e-07 2.708952768286686775e-07 2.257161081430867105e-07 2.204810435284919911e-07 1.706608980230232514e-07 1.246083653957035648e-07 8.914472594110965767e-08 6.186031478149129825e-08 4.714431586193011240e-08 2.901591607898699651e-08 3.455538536547750579e-08 9.557336634860880634e-09 6.074583088574596494e-08 5.116741424077195957e-09 5.603365633929053512e-08 5.189326923739344031e-10 7.240797811130095830e-08 3.866703398474738760e-10 2.291651859682386607e-07
3.432773592153566868e-07 5.589860446691366004e-07 1.135775525630275353e-06 1.937938323031022058e-06 3.000605204666332914e-07 2.187397775179365832e-07 1.841263095890149322e-07 1.671912506962730321e-07 2.116122446163443058e-07 1.411468940890048449e-07 1.072022753732435736e-07 9.539408509125316663e-08 6.968232986977566661e-08 1.045502613667937612e-07 4.064803975783395596e-08 3.455112308296056975e-08 2.186831423896985698e-08 1.748895547297815279e-08 1.217070393156804296e-08 1.842741231481302558e-08 2.532605036246416453e-07 1.229372571248704873e-07 6.149972796278382814e-08 2.107993661200122979e-08 3.735223055463472102e-11
3.631112103042992024e-07 3.238965551884036117e-07 2.863425249103786295e-07 2.300058349034590877e-07 2.258670734733437627e-07 1.797281313010090712e-07 1.507804034753160161e-07 1.245893555754279107e-07 1.046828256156998176e-07 8.900896847598267662e-08 5.703234137194115323e-07 2.080674569418748326e-06 9.787618676220529302e-08 7.960278571733542363e-08 6.198872824810323545e-08 1.096376762206756092e-07 2.804522841533898649e-08 1.697000275610890995e-08 8.643605572315157776e-09 7.301067160950535639e-09 7.885743383569563462e-07 4.995870150665066450e-08 1.547630719520508982e-08 3.063033025756922923e-08 5.928410302605211849e-10
5.360840021258951739e-07 3.674347486763297291e-07 3.168815746731744136e-07 2.217575381454206127e-07 2.078321591402682314e-07 1.532859118226798583e-07 1.312956626605771774e-07 4.181702103252697168e-07 1.389807767426340457e-07 1.291599315462881432e-07 1.148068802406865081e-07 9.131906031822048903e-08 9.036366502407998546e-08 4.585161123051675186e-08 3.484737945066067609e-08 3.089878865474579713e-08 2.687618072989881873e-08 3.022468623123656692e-08 4.193699865023637578e-08 9.695048246178522967e-09 5.664753203716841466e-09 3.557057308565315704e-08 8.056917827766758528e-10 6.096986600440409452e-08 1.659236413547551914e-08
6.250408928229566151e-07 5.385070594869769180e-07 4.706091335301112108e-07 4.321903109225544780e-07 3.708673100224671464e-07 3.146410334596711804e-07 2.082186768956205132e-07 1.521376479589150135e-07 1.203917939868322417e-07 1.165147599456796160e-07 1.192416118019636692e-07 1.141140944711463494e-07 1.104535281802554000e-07 6.292609108409033703e-08 6.292704199878421499e-08 3.494087855252752828e-08 2.179784240178445731e-08 1.572488951978056822e-08 9.067333856357982272e-09 5.692215308280111604e-09 3.003624135470900201e-09 1.558913033066376316e-09 1.840159758650869980e-08 3.807272628538452152e-10 2.311878215128081724e-10
4.871292276477688668e-07 4.027949013791414361e-07 5.062775501568053972e-07 4.179140419086334803e-07 3.344314856852983566e-07 2.681333706388896900e-07 2.563767565151518414e-07 2.215302750697796238e-07 2.105728135525872207e-07 3.472809096204393904e-07 1.330270631604992779e-07 1.112596656394447934e-07 8.739443049004136234e-08 1.952315911470218474e-07 1.330254368613512270e-07 2.750851403578020259e-08 1.756281470639490883e-08 1.049586488608412889e-08 5.896581491286869426e-09 3.382072342192219048e-09 1.916842153990221702e-09 1.225711690416509200e-09 7.693771878852153409e-10 7.291156102600389199e-08 4.868330874581502351e-08
4.499716576357466408e-07 3.594433502737140088e-07 3.526860629565205044e-07 2.838270567902018365e-07 3.437597230652807268e-07 2.578036733679857101e-07 2.507547945133547649e-07 2.014883605307043833e-07 1.771998591311238666e-07 2.908376867152538899e-07 1.897603085755845952e-07 1.645796828163005206e-07 8.273430186423929484e-08 6.297472949022470169e-08 4.827192453744863138e-08 1.978598111209759212e-07 2.510054717715297584e-08 1.526321597830148597e-08 1.289302180709752270e-08 2.137350920077825295e-07 2.733182561466076074e-08 2.168739088017586366e-09 7.628615543792369219e-10 4.832448592581045173e-10 3.359583412714141743e-08
1.360069664742301956e-06 9.857204324045191595e-07 5.869103729265906016e-07 4.934661686593090655e-07 3.877233256150830048e-07 3.317744742874971063e-07 2.978928967538613870e-07 2.786053318742593741e-07 2.249273552865591112e-07 2.712781954105754463e-07 1.607932848548673672e-07 1.242225710653927623e-07 1.082180028513830742e-07 8.426403082706191775e-08 7.371687400129687740e-08 4.579416256948111756e-07 7.967783312850658141e-08 2.800979656280080975e-08 5.371118545069418061e-08 2.069413561437961191e-08 1.127913578179951179e-08 3.579110709231543130e-08 1.110893152074779287e-07 1.186181836952136330e-07 7.694135899975954109e-08
5.158980338301626638e-07 5.447632845554950762e-07 4.478070071379016025e-07 3.543830379346577971e-07 3.844189018031666273e-07 3.512271664884382063e-07 5.371751474342655018e-07 2.490266202307347081e-07 2.090590467132550791e-07 1.605887775136868842e-07 1.152180844363722435e-07 9.718777170681842149e-08 8.452277014175911115e-08 9.525856455668994450e-08 2.076412779364521230e-07 3.417080892071529818e-08 3.242614351300302089e-08 4.430375448809200488e-07 2.194026897994525054e-08 7.223486497122331255e-09 1.563895063784468704e-08 6.650385835453293137e-07 1.485742973082062012e-09 1.108328264861108995e-07 1.011881835926532248e-07
4.594455095361239081e-07 1.984845958556257645e-06 1.175236489403059890e-06 4.354939110305028640e-07 3.737268750639798315e-07 2.354167716748627667e-07 2.125572397281165977e-07 1.676023100118162490e-07 1.404309035468310381e-07 1.415290059781409300e-07 1.488086551236785746e-07 9.857645720877317243e-08 7.317703540372132885e-08 5.614279578726654672e-08 4.617379210548317710e-08 1.820353508755980225e-07 2.630871161341510756e-08 1.438424947362137248e-08 8.145860562334377975e-09 5.147788978984810406e-09 5.174434075459885479e-09 2.724508950871446540e-07 1.736979751000308191e-07 2.859642673013763456e-09 2.637781379081074790e-08
4.364664808889768340e-07 4.714417752917757700e-07 4.080544883281732066e-07 3.532902739249666422e-07 2.730550928354338585e-07 2.126836398837475254e-07 1.979085143817389685e-07 1.750990979221371150e-07 1.470186308716373310e-07 1.284868163099184485e-07 1.103430757256996249e-07 9.459237406192273837e-08 7.727622452266549359e-08 5.970503165048700947e-08 4.715291785933268831e-08 3.724131437303855422e-08 5.517785904174535463e-08 1.498929685747886971e-08 1.021336161214511871e-07 6.071921846116207968e-09 4.228640464441465189e-07 2.309649415222300324e-08 1.223719524305911841e-08 1.918081373377631890e-07 5.674089933808356844e-08
3.216317956182567616e-07 2.944162168514751554e-07 2.554014859986332738e-07 2.425854291172521164e-07 2.001381265988891618e-07 1.889235366376410186e-07 1.592911498678225285e-07 1.302857966024927162e-07 1.138318180204707727e-07 9.990414531986980552e-08 8.138086333456882778e-08 6.542929442139632785e-08 5.508954650656615474e-08 5.060134399393416024e-08 4.242873070343634729e-08 3.327878125738439055e-08 2.970761714897535412e-07 2.224070277651293607e-08 1.182833252962310977e-08 7.229849846957198087e-09 3.622255006592057817e-09 6.814096009649108332e-08 1.540630763065179135e-09 4.071004201551739749e-08 1.612405110158507730e-07
4.913371487553507712e-07 5.335219174643567441e-07 5.366688007478787298e-07 1.092959636842332620e-06 4.270369721269451639e-07 2.217073430613898657e-07 2.164066720583760696e-07 2.146879835139230407e-07 1.443018651719355162e-07 1.215129539116709571e-07 9.549501226975724258e-08 8.997733731112596531e-08 5.847143545052000075e-08 5.082933004810965562e-08 4.322935633640299678e-08 3.405950297752259007e-08 2.758630261836915040e-08 1.898298140693194162e-08 2.206129793641532496e-08 4.532458188041418416e-08 3.626942290447129786e-08 8.097486839881584783e-08 1.064811563405824239e-09 7.154783468798605369e-08 8.778360027925753003e-09
8.102392261883915419e-07 6.096319202979893839e-07 3.832723225737351422e-07 3.569691865046578474e-07 2.993948381848092052e-07 3.473227084858127745e-07 4.726733592337519953e-07 1.840738461311229425e-06 1.709621726350717743e-07 4.385229584324933505e-07 1.005732006781592893e-06 2.172461146285009633e-07 5.987769840554723039e-08 4.442845018557476464e-08 3.312769340918479725e-08 3.089379581672965144e-08 1.822061816955420032e-08 1.197801677404713898e-08 6.435961170291315862e-09 4.405503136271098403e-09 6.426447697509946022e-09 1.297001544492181957e-08 6.914033930393530648e-09 1.166398542106461064e-09 1.369638907834397545e-08
4.051653393221041844e-07 3.439362283367021842e-07 2.759469135565460731e-07 3.016820804170618842e-07 2.531014417753075168e-07 2.515155411756854756e-07 2.314486440575428151e-07 1.948433930299722767e-07 1.556457036300276300e-07 1.354547657892182226e-07 1.211214403986132263e-07 9.694462209387354224e-08 7.444023075452813239e-08 9.269132863582956133e-08 4.077197943864427891e-07 6.792261697194338935e-08 1.515373782247511237e-07 2.424341422129176838e-08 5.673162471233509020e-09 4.748690633430170123e-09 1.018743561630790421e-08 1.644951053824980581e-07 5.382857878203062007e-07 5.801910403959659825e-08 4.397196422335203341e-08
2.886447028320333389e-06 1.290991624121304763e-06 8.259380661003633674e-07 9.599722641174437582e-07 6.425172849871120863e-07 5.850336488457869517e-07 3.451245329696820324e-07 2.302454060802235477e-07 2.222542374563794054e-07 2.252366641594488892e-07 2.278273172216225750e-07 3.740484585216361440e-07 6.659955643058267878e-08 4.813280504841941585e-07 6.742144341553330484e-08 2.000019864203101647e-08 1.610791311959900714e-08 8.841692084847980313e-09 9.108801673410339121e-09 1.123247458330721897e-08 7.453711666859363643e-08 1.007631140923120233e-07 1.315437822880890210e-08 2.273420019929680176e-07 9.307554788150388309e-08
3.427163425276885622e-07 3.182228361291533777e-07 2.783282365157782520e-07 2.570659904422732479e-07 1.998765805270389831e-07 1.752820774172495504e-07 1.466017888023751766e-07 1.324625291078162547e-07 1.471568010683836349e-07 1.546439812256797284e-07 1.135480455203663894e-07 1.143018493358458189e-07 9.864544977920937315e-08 6.646683834255544012e-08 5.326015004003265310e-08 4.624283291729488471e-08 3.844889623409169876e-08 3.602932222210781340e-07 1.526470771412902490e-08 2.669940676946845045e-09 1.505107686326563106e-09 8.357809075359577919e-10 8.545168916040589023e-07 9.446839287802985507e-08 4.064302122704248854e-08
2.581604036660680205e-07 2.403325679831018847e-07 3.227814800622700550e-07 2.656699065581485481e-07 2.545238586262421076e-07 2.223051591975781365e-07 1.916800628141478656e-07 1.570127938176251227e-07 1.337979849145045342e-07 1.249468514496232228e-07 1.072855313979617193e-07 8.720423572889936315e-08 6.808044153184109174e-08 5.804896884366532517e-08 8.774121105050815352e-08 3.737852151676608221e-08 2.965473921396075677e-08 9.684081206588713910e-08 2.997482718424158721e-08 2.447868333288793054e-08 3.410842891288586871e-08 5.664839468968459174e-08 1.275237407429168559e-07 1.726375376801825991e-07 1.554380975159171800e-07
3.712472843838795009e-07 2.928525951918002564e-07 2.666441937203463327e-07 2.521881902569702441e-07 2.340776521123940673e-07 2.257531526227537557e-07 1.939044562904426744e-07 2.067857538969194161e-07 1.465474233810792175e-07 1.192072647851667673e-07 9.554430376948899908e-08 8.193574314229313835e-08 1.114348348902252069e-07 8.370722640591699077e-08 5.034204315207861696e-08 3.596449954003503446e-08 2.579729658030254120e-08 1.463274011787813675e-08 1.028469899155770611e-08 9.534208086305221307e-08 4.657905280237281889e-09 2.579560759885850117e-09 7.673833342537080967e-09 7.373577302512932655e-08 1.319291298039359451e-07
5.050014156861131846e-07 3.906326080972232180e-07 3.101438953289844111e-07 2.610457023148906901e-07 2.130977040433755299e-07 1.845336003271803276e-07 1.663073974000463477e-07 1.799625890145535608e-07 1.395922007114659935e-07 1.304705189069678366e-07 7.461878826257713514e-07 7.160905125941656667e-07 6.132934528809761083e-08 3.895516129744640797e-08 3.021852568900002333e-08 2.453998616781330613e-08 1.943328784630713419e-08 7.928236169623124532e-08 3.043369089316830819e-07 1.165446241334293298e-07 4.310484098203517247e-08 4.367488499765593167e-07 1.615481639263281756e-08 5.631607087545799188e-08 6.410915963021222241e-08
1.950149077987340795e-06 1.537531365313017696e-06 1.717023811191003719e-06 1.320498451526851626e-06 9.291472751797580668e-07 5.357551884258798965e-07 1.454303854908986205e-06 4.900480331920388159e-07 2.742581515472853894e-07 2.163771556102050356e-07 3.973977207108721754e-07 1.185205013513222767e-07 8.126126966569393857e-08 3.177276055876084817e-07 8.072747633614937778e-08 8.700524556141577263e-08 7.284064452292873627e-08 1.513288601421778614e-08 9.190836085126779480e-08 5.853736887004837414e-09 4.777060104960816864e-09 1.902004305254308961e-08 4.805251448109636798e-08 2.510414361121998614e-07 1.341729159379410784e-07
4.504456957843757639e-07 3.931030207901198930e-07 3.772073523286439169e-07 3.266533388438188960e-07 2.705107119122646386e-07 2.504577812031228201e-07 2.150639197880215084e-07 1.782880324912756932e-07 1.413863644711158241e-07 1.067402576680152809e-07 8.743469598485228229e-08 7.263863628194254897e-08 6.449029805312303395e-08 5.805951480955203284e-08 4.890429898491837163e-08 3.242404175266278598e-08 7.980738570698284043e-08 1.440130904461125196e-08 1.025459017298056044e-08 6.872507944833660066e-08 2.806683671748111793e-07 1.411915949952916859e-07 6.203919845331805148e-09 2.027786961322365284e-08 1.682510185200591992e-07
2.038806522420635728e-06 2.091972306269339283e-06 7.965717948081967924e-07 3.398565393748738256e-07 3.112906104757463444e-07 2.607571759930802041e-07 2.355275814807856734e-07 1.968724672898576831e-07 1.736654638832268229e-07 1.905830946172919398e-07 1.121226149505430272e-07 8.236713657841018848e-08 6.038850627887111262e-08 4.426519407901036837e-08 3.426126346146967014e-08 2.402614688900299942e-08 4.856180834067203243e-08 5.876874575227479884e-08 9.280455745097609785e-09 6.421341933095792296e-09 4.066721830549468245e-09 6.720152040352518683e-08 7.177663128549358772e-09 2.101748072226190015e-07 2.521889437813903763e-08
3.958298797730029055e-07 3.670110875391923499e-07 3.495127560623788441e-07 3.078507517337600435e-07 2.442709556605698402e-07 2.175166661648121579e-07 2.763321536157692505e-07 1.063042858674054909e-06 2.338644217236612493e-07 1.474715280298369676e-07 1.282395536467691679e-07 1.160298517198795537e-07 3.115112288434387441e-07 7.106419434113849204e-08 4.153984610018467864e-08 3.041361126746375760e-08 1.843876723048806332e-08 1.241575931415387208e-08 7.228055026758978918e-09 5.003204203150914531e-09 1.047369831265617154e-07 4.215735188786142684e-09 5.508825032639847538e-09 8.103577740033720217e-08 1.254794804597644039e-07
3.179359765781958215e-07 2.984079128189944952e-07 2.435336018869782772e-07 2.207632710549129672e-07 2.264682921070286882e-07 2.088506763269501230e-07 1.694646637683382239e-07 1.548210197606096428e-07 1.301453040544087339e-07 1.068906380204362294e-07 8.515952632787135686e-08 6.853440564952200001e-08 5.633591065690239322e-08 4.197038340349887249e-08 3.356895901522967012e-08 2.494408197179744036e-08 1.894065135861733720e-08 1.471281190268700396e-08 1.006189072821674959e-08 7.304948607126301656e-09 2.074788006907214180e-08 2.592308822136707850e-09 1.542120229524655943e-09 9.701406736663489511e-09 2.078263435198471727e-08
1.916293066899357369e-06 2.696224792049605907e-06 2.356849057917331181e-06 1.876434470707937687e-06 1.295899238959580907e-06 4.652606805648151782e-07 2.755022723073033762e-07 2.219285503918669126e-07 1.879385152812380604e-07 1.504842541889104041e-07 1.310433629066897760e-07 1.042523525109925497e-07 8.569669940080797991e-08 1.705628540212052480e-07 2.118038154404064686e-07 3.053722039871997591e-08 1.637099688990067942e-08 1.916480829834959269e-08 1.389352838594698135e-07 1.148244185925434540e-08 5.020560444709253643e-08 1.047864382551871083e-07 1.787916075652337489e-07 7.459882387403644859e-08 7.005665029136331056e-08
5.478576861858839285e-07 4.651493143539862447e-07 3.346897152595644188e-07 2.798645481927494939e-07 2.125862617177145634e-07 1.874621911074518396e-07 1.483980552236157889e-07 1.194403165113850752e-07 9.899204920135927587e-08 9.309844281599748092e-08 8.533637642712475924e-08 7.357598103131398131e-08 5.643038088247658277e-08 5.124376797551501477e-08 6.704378305535546425e-08 2.507551720618366209e-08 1.113781377337907969e-07 1.600817812237871536e-08 9.611971384766682662e-09 1.103679255191305440e-08 1.871019713611989933e-07 2.021597525039163037e-08 5.047080309874488002e-08 1.145257594625289734e-07 1.448837418888944825e-07
5.838571341605273230e-07 7.890362982010397176e-07 1.157946058092116061e-06 6.802619158576671180e-07 4.917247091110495605e-07 3.782984376503095857e-07 2.495801080004478788e-07 1.710994961824530293e-07 1.356991113312322426e-07 1.230679534800571823e-07 9.855402632188564759e-08 7.964677675264569011e-08 6.509477607684998537e-08 5.084737198816463173e-08 4.039879682317732090e-08 3.224920329669285919e-08 2.378958827664092183e-08 4.800215106697002515e-08 3.754774153191094235e-08 8.991256936308990494e-09 1.252791141126491414e-08 5.467078318409253335e-08 3.208336944536630127e-07 2.044207882627325537e-08 1.005524660633221274e-07
4.183505678799989693e-07 3.719515568375337624e-07 3.354755274459083295e-07 2.934498165029450740e-07 2.183029119985273185e-07 1.989362757109569657e-07 1.815299915208293679e-07 1.588761528264535885e-07 1.499692504956523584e-07 1.365601103118944737e-07 1.229915806660004391e-07 1.622346294468899779e-07 8.234641699208523702e-08 6.673222976009638578e-08 8.053300301652400628e-08 3.734881242944395602e-08 2.479345306126753540e-08 1.799082088842636970e-08 3.391618715793839149e-07 2.811841683054206378e-08 3.462598519073326558e-09 1.691806854946162870e-09 1.274247164262611399e-09 2.982766769590700554e-07 1.316709703416451131e-07
9.722425653754538288e-07 8.804943328985661765e-07 6.758469517271848901e-07 5.137737794903153160e-07 3.572809870254708770e-07 2.949881221245849808e-07 2.695708073594415152e-07 2.724965374149941272e-07 8.861968882707983607e-07 2.046071274823167178e-07 1.320138330812712593e-07 1.081717438954978877e-07 8.426213163709121475e-08 6.087255434180711146e-08 5.861297212831325039e-08 3.951707180274068311e-08 2.534078554753090429e-08 1.596409046410622508e-08 1.563085263128777792e-08 1.690124403028207766e-07 3.330714221709101795e-08 2.865953306682587267e-09 1.855712868004830536e-07 4.892330300729041394e-08 2.262167820016368481e-08
1.211411621615537225e-06 4.096453058922258208e-06 1.316313558608382316e-06 6.137462399251689463e-07 2.237235348294116204e-07 1.691235581955089529e-07 1.482947656863711127e-07 1.462536459855162331e-07 6.803880833384319620e-07 1.817995001908460913e-07 9.164816955532974781e-08 6.912484668458940782e-08 6.295028525604095327e-08 5.756276798923971978e-08 7.407770884325910732e-08 2.325207639531730067e-08 1.571546827371417295e-08 1.451688150117349517e-08 6.217399124584366832e-08 4.967471814889042334e-09 3.444430380254427421e-09 3.890440088067491277e-09 6.307405195563576817e-07 2.018043892602812338e-08 1.919366137853016153e-07
4.771514510944627326e-07 4.847366245052429445e-07 5.132788621549496451e-07 3.073033512294527931e-07 2.531008524483606681e-07 2.392386525706186183e-07 2.043828672639124427e-07 1.838086762668838203e-07 1.918100925756963299e-07 1.505669670007611520e-07 1.538401945879202967e-07 2.659426890905865453e-07 2.812807080605376189e-07 4.695679860224696022e-08 3.497475723391936410e-08 2.592418100262466975e-08 2.081928720915951807e-08 1.343525972815370022e-08 1.077150794609884906e-08 1.044937888786517585e-08 2.701205514159197459e-08 1.088559991673613078e-08 3.479827121591011556e-09 3.745085201124593050e-09 3.214331759712521719e-08
2.418070562728991203e-06 2.361235353632177287e-06 2.375909758123179786e-06 2.167086461691941941e-06 1.736261379428245654e-06 1.213862698924047868e-06 8.398410179936838029e-07 4.991051987272645251e-07 3.219835445755452492e-07 2.581389599350606773e-07 8.378518207142527898e-07 1.418180405185597834e-07 1.266825753708112683e-07 6.465841635982643441e-08 6.596514847260893121e-08 1.640697289339046252e-07 1.532170911414570969e-08 1.201488851044720966e-08 8.550995873050383138e-09 8.400310038211714605e-09 1.004286329131198283e-07 1.108299074749788642e-08 7.744004718510184098e-09 9.027215866961551354e-10 1.074679121014544449e-08
1.775797807226363142e-07 1.746646272543126753e-07 1.747093806089039890e-07 1.809650130020454261e-07 4.028596258802829197e-07 3.095743230045214800e-06 3.576606722071433058e-06 4.667466189676936189e-07 1.670470298320485104e-07 1.203153658699257096e-07 9.198622449794848062e-08 6.721220955671815883e-08 5.169219026266719824e-08 4.670403667891034469e-08 3.853753830171459663e-07 1.798629640279957383e-07 1.388025779818639030e-08 8.739748166831501675e-09 1.902872075627132012e-08 7.674716220287684586e-09 6.702277088650853741e-09 4.658593615307329664e-08 8.670786606267140022e-08 7.227071010542556465e-08 3.451084176785741211e-08
1.881368693290123543e-06 1.458756047862993193e-06 2.396162776469915346e-06 9.829260655964337441e-07 3.823808066232770965e-07 4.847180400883625822e-07 4.013426692663298296e-07 3.155811089773145754e-07 2.225392308819996508e-07 1.563406579670427027e-07 1.236405811049148283e-07 1.819151288005234393e-07 8.017284044139465372e-08 5.082313652690356309e-08 3.008839221973686073e-08 2.473860601105176579e-08 1.856063220435949838e-08 4.132560100941568190e-08 1.303532186921203383e-08 4.222161317217123207e-09 2.790253572991865888e-09 3.142206285312567920e-09 4.483057249053364971e-08 3.449846589295517757e-08 1.248741461690287439e-07
3.128648332667954921e-07 2.775214529032326693e-07 3.309626832125022347e-07 3.635839249320063635e-07 4.333658666571155687e-07 5.732531846841286961e-07 5.168503196114935904e-07 2.721933673493749274e-07 2.004422091570171506e-07 1.983049285002190440e-07 1.770162446459468094e-07 1.638321886609731090e-07 7.305857431759615084e-08 5.380194553338557378e-08 4.093497460821113486e-08 2.697065646753113118e-08 2.070234383050535502e-08 1.413147881872775259e-08 1.052174570774397707e-08 8.735850040586978066e-09 5.162138108451542894e-09 1.698484201026253355e-07 2.895504810421450175e-07 1.836184921209798380e-08 7.473347956173958688e-08
4.813473273550239044e-07 4.193497157574308687e-07 4.568479437334316088e-07 4.346683351015308839e-07 2.809350580364266446e-07 2.659191522324745807e-07 2.789394424556492202e-07 2.052550682654550459e-07 2.238469831354363038e-07 1.343622888547274821e-07 1.055713796675731863e-07 8.303937685253987312e-08 6.389381860459987992e-08 4.498936721075216143e-08 8.311671236821393395e-08 1.763246917120738078e-08 1.245227892370485313e-08 1.348512285826725657e-08 3.928339872714378769e-08 3.082107317726638083e-07 2.438257490029587176e-08 5.883517815272355682e-09 6.823087368040674166e-09 2.139092153163404276e-08 1.332094082986070755e-07
5.368317160169419836e-07 7.472014568906943274e-07 1.802908921822169982e-06 6.426761181737244487e-06 2.627732689923231766e-06 7.264145126625168385e-07 3.232611821745337829e-07 1.779416213113357158e-07 1.528765819022962505e-07 1.190885068582034026e-07 1.123933984674656719e-07 1.007472344906423761e-07 5.249821290031407190e-07 1.465351953890378131e-07 5.772594297079728373e-08 6.395036670144357872e-08 3.809221143548614005e-08 1.750590269801011626e-08 4.601417386349028442e-08 7.617565067217958284e-09 3.566545562480746839e-09 1.910262091462040060e-09 2.244702291020094826e-09 1.201186413818636283e-08 1.536767073625802115e-08
1.330244752695342381e-06 1.017535713594793581e-06 1.170837475748848243e-06 1.039192022315065134e-06 1.063268323575146193e-06 9.420589373493039616e-07 7.545394821342625629e-07 1.534579878046691793e-07 1.428540279115894130e-07 1.141270104006972572e-07 9.679460691577766579e-08 6.758415846022576548e-08 7.401466487839245297e-08 6.715891544302424401e-07 4.323186383369143613e-08 1.325437846455312830e-07 1.673113062261859344e-08 1.016965051481841840e-08 5.135633604105864296e-09 2.826367027972018907e-09 3.645576350722398143e-09 4.256652777960957269e-08 2.186512910697329870e-08 4.770418345864716211e-08 7.524957574563556853e-08
1.473515022472561822e-06 1.415646943274429122e-06 1.216078059944077745e-06 1.043953835599427868e-06 7.923577950595266477e-07 6.181636001402169413e-07 4.695020435071215519e-07 2.037037809690679799e-07 1.788532830730398242e-07 1.597103362998188988e-07 1.216771852185144307e-07 8.893559243533094086e-08 7.040038617575489530e-08 5.581873908235988999e-08 5.839851271910867372e-08 2.966006868445977698e-08 1.819082500367110469e-08 1.208771815879275531e-08 7.887995534004003115e-09 4.079852444093773350e-09 2.701000452620938954e-09 3.103607485457445005e-08 4.839708207074909481e-08 1.779368864931516582e-07 2.224067117583764884e-08
2.262020043347721609e-07 2.427282734624563640e-07 1.535483127177576536e-07 9.921899799561573360e-08 1.513572742025663789e-07 1.132009818820267829e-07 9.658053005446599079e-08 1.119442855267318864e-07 1.886251500545874335e-07 1.047147508063598426e-07 9.125747149746310746e-08 9.161837431395367544e-08 9.604544611258498626e-08 7.667396293172145531e-08 5.321036176899123970e-08 2.922361277278323973e-08 2.134899841582387341e-08 1.434935996260156863e-08 9.804029807531572994e-09 6.308407162973337003e-09 2.806179851890868081e-08 5.423087945664404684e-09 6.241702304901700229e-08 1.491035641374187902e-08 1.488269656828371641e-07
1.099431799896334348e-06 3.291041745595472676e-06 6.701914509007713249e-07 3.935210733298460850e-07 2.799948770537691923e-07 2.250740210970555143e-07 1.856282434317354272e-07 1.427789941923532304e-07 1.118233312376122544e-07 1.024051566145830649e-07 9.305179527262945475e-08 8.372764643592516885e-08 7.782262679252121682e-08 6.322862009929689277e-08 4.284059187171606133e-08 2.505431961345158450e-08 1.676408781628783341e-08 1.213123808075149990e-08 9.155498804644442229e-09 8.786072382425833179e-08 1.192058476112502551e-08 1.725500176127108466e-08 1.626416362494305412e-07 1.523312023144943469e-09 2.361832905987013741e-07
1.120967369158597228e-06 8.002424627330517023e-07 6.950182587350629933e-07 5.461365335194693341e-07 4.567250618577034098e-07 2.303212765657165073e-07 1.884322307540075439e-07 1.673774857142159209e-07 1.670445584182472762e-07 1.870562116229651002e-07 6.232424628201177325e-07 2.097306280244566083e-07 8.712400006021654481e-08 4.814773855404763689e-08 1.542029757447020331e-07 5.883547672255325328e-08 1.985859837091568815e-08 1.281062322509760809e-08 6.584361742275482973e-09 1.520777528496457534e-08 7.296117271629095269e-09 5.412586702172815371e-08 4.130226580444788023e-10 4.167724135890121769e-08 6.087094693186621620e-10
9.118015613504293325e-07 1.514717295863251969e-06 1.587901454473544838e-06 8.133674787264063436e-07 5.502064605908107462e-07 3.325560553741080272e-07 2.096270922390484385e-07 1.885062066682079207e-07 1.475980773231243393e-07 1.887720736572558156e-07 2.974835185612761348e-06 4.701791247437426701e-07 6.480077236436663345e-08 4.848848083227708204e-08 4.344158043664816234e-08 1.164713532743194496e-07 3.458107826044214580e-08 1.813743768018590531e-08 1.268437532849329845e-08 8.361080833909101736e-09 1.058559730843684220e-08 1.444220012701418072e-07 8.624011859196860373e-08 1.092982306493296382e-07 1.220366541365150677e-07
2.203834055337776358e-06 2.036522690260898262e-06 1.991577730895491723e-06 9.527887253966099206e-07 4.889738026196670081e-07 3.236502379566086522e-07 1.793693546634224193e-07 1.361291681044878551e-07 9.949313538238615806e-08 8.753212900099167440e-08 7.223845412347919964e-08 6.328794937909178355e-08 5.448987130441590095e-08 4.254613467193256161e-08 2.996155337145892752e-08 2.305073109318083988e-08 1.865891413970626017e-08 1.586231135119375647e-08 1.285312665000023908e-08 1.112321542910086304e-08 8.182338910210036459e-09 1.879091854396045424e-07 1.280542995450469766e-07 7.751560135162947489e-08 2.218273570266986866e-08
6.739634403715496979e-07 8.759353328793868545e-07 6.293252482663308277e-07 8.780826508136053905e-07 7.453936287180347640e-07 7.307876844262984052e-07 2.231489106866437008e-06 6.384545450468489414e-07 3.624118553791765022e-07 1.837383674002890916e-07 1.104658363174555131e-07 8.146928981228434963e-08 6.457407592616547882e-08 5.730991167400084809e-08 4.365150433707485564e-08 3.838758517935786613e-08 1.341184872411311987e-07 1.785966230169189769e-08 1.352882615794516565e-08 9.002865958362077075e-09 4.994213293420906254e-08 1.070731944360171291e-08 1.386731592245812649e-07 8.871529496179828009e-08 9.617894081931522134e-08
5.069265009308497787e-07 3.932775224921716135e-07 3.238547383347820032e-07 5.668297296988688559e-07 9.605344201769857130e-07 3.545847822984963413e-07 2.274645804009637623e-07 2.042217680848853996e-07 1.991961124724581317e-07 2.732761058752646365e-07 8.886887732715094182e-07 5.551551726488403788e-08 4.475783014536040428e-08 3.855480630160496160e-08 2.694177121578644801e-08 2.049007878435261360e-08 1.504250904515654081e-08 1.108115815029489159e-08 8.982109170809132709e-09 2.942081973956592108e-08 2.807016483876416221e-09 1.502197480484953264e-07 8.099598612553829814e-08 3.665645259565469070e-08 2.248441851737957662e-09
4.986869420355208018e-07 5.151045707093748544e-07 3.314510916447115645e-07 2.165368831269874188e-07 2.127781906981693972e-07 1.837710318198139057e-07 1.627150811884514776e-07 1.523558065799270388e-07 1.708980252411434086e-07 1.939772728947338967e-07 6.794260985914203440e-07 8.450364100476910806e-08 1.759646361779947665e-07 4.610709999352982235e-08 2.894913663059075426e-08 2.127768617436727382e-08 1.718097510309991274e-08 1.158465795876870526e-08 7.943734451149510151e-09 7.059527060064514768e-09 6.920692400027195169e-09 1.460657171985424598e-08 1.340143211628892413e-08 6.375057030214372118e-08 4.522489903876736843e-08
3.336281661266761278e-07 3.399102359330839076e-07 2.585088646431078182e-07 2.315868428397263918e-07 2.019178042372537952e-07 1.966213557465239266e-07 1.962856563758583611e-07 1.800060026273729630e-07 1.781868888972210755e-07 1.846977322857895628e-07 3.586970699290013426e-07 1.023653025418735925e-07 7.067974091688589569e-07 4.511621622903888138e-08 2.778489233287706841e-08 2.065103423873583419e-08 1.492772794630077041e-08 1.058025960497634783e-08 7.679702518565677833e-09 2.313594162754300418e-08 6.907669079694707268e-08 1.373703747964976897e-07 1.649216675664206817e-07 1.353765965099460997e-07 1.380265139271350293e-07
7.714063338120947797e-07 4.462911625418188005e-07 4.083640009138693423e-07 8.532718758602819080e-07 4.888131801977201899e-07 3.767709694433005951e-07 2.656341801430673581e-07 2.456854954351734353e-07 1.905572742831843877e-07 1.826507698204873000e-07 1.617443859542714900e-07 1.112036738994887574e-07 6.920776411366158858e-08 5.947291802709068742e-08 3.331108921823520482e-08 2.523897562218142124e-08 1.769087437400157344e-08 1.205767390983699872e-08 9.314277088174461067e-09 1.372136117091280942e-08 2.704304752198311187e-09 1.093581210601532602e-08 1.095214081464643012e-08 3.787760647845064800e-10 3.624140421364586741e-07
2.705082774438575585e-06 1.813375042240286694e-06 1.045947556100445978e-06 8.150863304005939652e-07 7.287290378004220893e-07 7.901740251687329635e-07 3.052450618583181137e-06 2.635796409447228977e-06 3.615588963210220279e-07 2.192433692657664224e-07 1.523438952922681299e-07 9.508795744241220411e-08 4.411195647640555900e-08 2.696395877584290411e-08 1.853760771357602502e-08 1.243556639662425482e-08 7.813797024769828647e-09 4.800412467980653200e-09 2.891879751414208017e-09 2.164388517335258593e-07 7.468766346678559774e-10 1.419693338176505853e-09 2.364483639941779481e-10 1.332888463094690812e-09 4.038967593106384869e-08
2.996912667943689835e-07 2.768450309093672315e-07 2.661199198389302572e-07 2.650042175651007322e-07 2.008437785605993962e-07 1.749841834700966443e-07 1.480289363826177138e-07 1.258872288306967530e-07 1.056611563605610864e-07 8.495981857495552490e-08 7.112062123013994399e-08 6.005054800900719057e-08 4.447706882946255604e-08 3.550703406781207388e-08 2.356285550362157462e-08 1.441167646327892281e-08 1.000584361369981841e-08 6.013045924478503959e-09 3.163083889696020182e-09 2.056159658304370937e-09 1.021786791793494111e-07 2.835499599079997581e-09 1.922733473282216195e-07 2.780013424258064459e-08 1.080274261976327368e-08
2.194671540534050063e-06 2.347544266123177469e-06 4.122783126458672291e-06 3.569583224816837296e-06 4.575202289479644038e-07 2.622106808981264992e-07 2.139048992619079999e-07 1.826329721837006105e-07 2.280571279006525674e-07 2.164716966251404596e-06 6.733861246919789525e-07 1.067482581229410687e-07 6.171569387521240293e-07 3.051796085288913340e-07 3.289648512957301021e-08 1.718464556786322675e-08 1.058812758900840869e-08 1.077992017898675134e-07 5.196337003859024766e-09 3.654781627089558904e-09 2.480764548733775726e-09 1.930963005877989526e-09 4.780772070525964015e-08 5.014457552251528465e-10 1.476370167962233771e-07
