4.596178881830095654e-07 4.568564540465404145e-07 5.022768523082275975e-07 4.643041081629885888e-07 4.255961957801749037e-07 3.855296808065936248e-07 3.648088233076140580e-07 3.084047071509759040e-07 2.533552462361057226e-07 2.164118060638734611e-07 1.914240785556811940e-07 1.543845365728589702e-07 1.148248734668323092e-07 8.549290521280982438e-08 6.496264171348869267e-08 4.718594015518152197e-08 3.408507624983080100e-08 2.567784897809350606e-08 1.891361969186643497e-08 1.271726986023521839e-08 9.418494313997160659e-09 8.922050953463386314e-09 6.619064521742334329e-09 2.906387617348713749e-09 1.431070467157686571e-09
1.007304440047504029e-06 9.351631205941634430e-07 9.021081068931481550e-07 7.567958146246034282e-07 6.543066904794091579e-07 4.966712939530427123e-07 4.001827545319635430e-07 3.283821384270924412e-07 2.900666528423007670e-07 2.483832695856813064e-07 2.189705381769197460e-07 1.822189200810139100e-07 1.445935956639351199e-07 1.174077067533980413e-07 8.875906026003274899e-08 6.409358274850362356e-08 4.332417821855201861e-08 2.863888772456096256e-08 1.753711445342739083e-08 1.124852819163749401e-08 8.129481329490164193e-09 7.457568736704274724e-09 8.252055569209921801e-09 7.414270119749720785e-09 4.826630731477884779e-09
5.814916571279492796e-07 4.761402951312750045e-07 4.420221119191766142e-07 4.057864165130368497e-07 3.615517161064793828e-07 3.058570559732970498e-07 2.522771327632623471e-07 2.247602728982123617e-07 2.020358029091084382e-07 1.810367292037506567e-07 1.517551160302119664e-07 1.249820416400366406e-07 1.029718002773400602e-07 8.253702499691521639e-08 6.669472230884328716e-08 5.289579182639349613e-08 4.066534823969401101e-08 3.060235227450527093e-08 2.210485588606505778e-08 1.675289635834286796e-08 1.102198465691536419e-08 6.424282181704587901e-09 3.240871126865047585e-09 1.914830256124589362e-09 1.685365566380217580e-09
4.650760942434373205e-07 4.187300062614494379e-07 3.725830690737030175e-07 3.580316669588999456e-07 3.538334523755173014e-07 3.073803021031498994e-07 2.866029637719152997e-07 2.540005873309542847e-07 2.114629758634762731e-07 1.759668966823355929e-07 1.552969386061108674e-07 1.371326038669254932e-07 1.088246925597716009e-07 8.626951084166179244e-08 6.655157916816990226e-08 4.954417488191207593e-08 3.452410518349482097e-08 2.293145181382993748e-08 1.651216698506882698e-08 1.225691475543863010e-08 9.522788622022145999e-09 7.565754038571546828e-09 5.799677343843699562e-09 4.269602245322160578e-09 2.736115256997219229e-09
8.321166759920649707e-07 6.038824093255362372e-07 4.916636543602302648e-07 4.022094178537750143e-07 3.314844844455132453e-07 2.504318658669968144e-07 2.162691491166726214e-07 1.962650484057278086e-07 1.800490046903687916e-07 1.496700503649307902e-07 1.175972538563529388e-07 1.082569523163015834e-07 9.771149716208734817e-08 8.061366971903241212e-08 6.595500163169856477e-08 5.522496617982910713e-08 4.274567855836446394e-08 3.314940701882215928e-08 2.483826663994442547e-08 1.637930674933577890e-08 9.607294282715459685e-09 5.682265775206331064e-09 3.613852490365677124e-09 2.620186399557461181e-09 2.823052529081759610e-09
4.869342310288748523e-07 5.094726929772370452e-07 5.172260396825029494e-07 4.447495336108073255e-07 4.386885126776178560e-07 4.328387256306306246e-07 3.896891792180312871e-07 3.425091065100582011e-07 2.783984801930102180e-07 2.310783441286710844e-07 1.770281872289232590e-07 1.382887150892931812e-07 9.701516326977507812e-08 6.467446691774215617e-08 4.359334233604941808e-08 3.119274150018372884e-08 1.988418227394363678e-08 1.239575925910253118e-08 7.273103668894839191e-09 5.039704800429053784e-09 3.974354340009868606e-09 2.803961083323750416e-09 1.455436007031034233e-09 6.483403666806598085e-10 5.554938646725507973e-10
5.453976585897888042e-07 4.935827092280774746e-07 4.655855777513216901e-07 4.192951426396116870e-07 3.870423896676992780e-07 3.528189796024656909e-07 3.046258527737667513e-07 2.914690451260991501e-07 2.603138915284226283e-07 2.219912897970882403e-07 1.873453826088676348e-07 1.499638274654121921e-07 1.216071528094665931e-07 9.745903353384804717e-08 7.241780876498054672e-08 4.705477368194219970e-08 3.137038368304592804e-08 2.136589386075386838e-08 1.487181722789835896e-08 1.002611649390522471e-08 6.127979718003474027e-09 3.878277578587104733e-09 3.264506949545181968e-09 5.999721771335837405e-09 8.651227086888451536e-09
8.498652043481266164e-07 7.450576197582325223e-07 6.288830057398994778e-07 5.381922675771488695e-07 4.584486377992838584e-07 4.078532886994919891e-07 3.564580409797582332e-07 3.117899451893070201e-07 2.803110271369849408e-07 2.413070165379792220e-07 2.007204746678191578e-07 1.599387944735811046e-07 1.241027103975227958e-07 1.071646614769483789e-07 8.355667743831381295e-08 5.754885509164549549e-08 3.955682559522109845e-08 2.429149531348443331e-08 1.203886091902932784e-08 5.744347797164804579e-09 3.047642452009109200e-09 1.357473094478433157e-09 5.564716137775463759e-10 2.868070296983799835e-10 1.001348738206538307e-10
3.800316343873666364e-07 4.386973348083969635e-07 3.643748389747934678e-07 3.823191224489899734e-07 4.195031069700090635e-07 4.199139894993084230e-07 3.567581658744320680e-07 2.890524153211873065e-07 2.398821337061609486e-07 2.076271721091605229e-07 1.600936239600213320e-07 1.325979270028435496e-07 1.113176727741445107e-07 9.358053068935045687e-08 7.773577082027411918e-08 6.131764715143904552e-08 4.745040390148978480e-08 3.097770692616450568e-08 2.036399097635431098e-08 1.294529255548772883e-08 7.319984369149372968e-09 3.876880130449550242e-09 1.820481147868438133e-09 1.484662116204147220e-09 1.619669021103135333e-09
4.808563384800022784e-07 4.129679567460250839e-07 3.586205709648373044e-07 3.368812740884913308e-07 3.087483860455940136e-07 2.847375237509719550e-07 2.511229767347507201e-07 2.179679910840857056e-07 1.924610752294640042e-07 1.733990003187746324e-07 1.553228555951955175e-07 1.260243521124259391e-07 1.006712950568403709e-07 7.888544438485782759e-08 5.889130625959495124e-08 4.148634235026887091e-08 2.879522665760033503e-08 1.990513521184913594e-08 1.291284145589812315e-08 7.565343079591836748e-09 5.035784198035036023e-09 3.414467831909323259e-09 1.843425851580442332e-09 1.135033000610123543e-09 7.723206618285648625e-10
8.489800731281716189e-07 6.685572871086480736e-07 5.560953854335728173e-07 4.998777995640988594e-07 4.311142431955145136e-07 3.870262854800567326e-07 3.566169653919516602e-07 3.108240817046523805e-07 2.710504652064436091e-07 2.305451141126037335e-07 1.965770354791875769e-07 1.579147612628337691e-07 1.272156406184776866e-07 8.961606788218705598e-08 6.179345730813005188e-08 4.145833686368648284e-08 2.637985020602835387e-08 1.692928598242917908e-08 1.243103726241550130e-08 9.366741399635930403e-09 6.801136832071864189e-09 4.298518232068425438e-09 3.407502733837199904e-09 4.338148867522099916e-09 6.885379588562080190e-09
5.451085214411145067e-07 5.061954755547167056e-07 4.955911324228639237e-07 4.414066857123188938e-07 3.877397561201939932e-07 3.589149279513606798e-07 3.284211998945678874e-07 2.799754338485246249e-07 2.335275788804939808e-07 1.985993988676683953e-07 1.749814888346076559e-07 1.501452132258011734e-07 1.172733297477878269e-07 8.730524232968623111e-08 6.388916258153486647e-08 4.386106167096149997e-08 3.213043473048447269e-08 2.207853257073726353e-08 1.228415036093770349e-08 6.482533472577823075e-09 3.561679953863081974e-09 2.039897659097147536e-09 1.324425349598584668e-09 7.404453837173558330e-10 5.016095485506084945e-10
7.204293627308514877e-07 6.166266089129671705e-07 5.347763922052138117e-07 4.714539803183333395e-07 4.114654019248667627e-07 3.735183682623388967e-07 3.438844243271685275e-07 3.061521520923221406e-07 2.498425640520899877e-07 2.100524043428142617e-07 1.736726201293763888e-07 1.331425059663870306e-07 1.093818773733916944e-07 8.643783682452326853e-08 6.622862764444447790e-08 4.543705028920054795e-08 3.050017839586727904e-08 1.973466891002616326e-08 1.285210975250237781e-08 8.708311687971967761e-09 7.626684177258258555e-09 8.383206914484851823e-09 1.001050240150507131e-08 7.945269861379591681e-09 3.460391648182063384e-09
8.432014512997043997e-07 7.311558464448105740e-07 5.817664274320740046e-07 4.871965836745119908e-07 4.163489056929275755e-07 3.619824900387781170e-07 2.887746291478165874e-07 2.402418264752179277e-07 1.995113509844834632e-07 1.683087484977424349e-07 1.522311373324943420e-07 1.350265468330843821e-07 1.117202851096807069e-07 8.120357380793102447e-08 5.806024176913742754e-08 3.829562029433781371e-08 2.583171559962349514e-08 1.584936268537875879e-08 9.475313190193707058e-09 5.841467601804387957e-09 3.543445145417143444e-09 1.781459069489819981e-09 1.026223794357956521e-09 6.338271831290427147e-10 6.904725191153300783e-10
9.789971933046243353e-07 6.504405194252386733e-07 4.918808381046919525e-07 4.384724325104303812e-07 4.024438495617171866e-07 3.630939508724916203e-07 3.234737584399404930e-07 2.875060755573893571e-07 2.644219914087258531e-07 2.233512527330804007e-07 1.916505989027649070e-07 1.540648777026243654e-07 1.240736555534499470e-07 9.826918058122328401e-08 7.383364762952093597e-08 5.152402918880953147e-08 2.955746929775593538e-08 1.615089109467544190e-08 8.191585849902985941e-09 4.636001984754632762e-09 2.316970529548242542e-09 1.510674175428143932e-09 7.926412559649161848e-10 4.675345311836514652e-10 3.125573946068498240e-10
4.390179500121810201e-07 4.045585436917117478e-07 4.023758608060495205e-07 4.001046115496290784e-07 4.043979071370037404e-07 3.442610325011211277e-07 3.081025635242273601e-07 2.540758748398407618e-07 2.365159140847185190e-07 2.129984956691718124e-07 1.854492277102786687e-07 1.611775909564609326e-07 1.239571332856804785e-07 8.874672125160739243e-08 6.181902207483939052e-08 4.333323721587298498e-08 2.633948358007188607e-08 1.457012167278893904e-08 8.884357081433332296e-09 6.062905760796605367e-09 3.778474880909624367e-09 3.312053346955236039e-09 3.587568371456135070e-09 2.413268611832724209e-09 1.058427566833309388e-09
5.273070073806675356e-07 4.907199841764658524e-07 4.454892809014634263e-07 3.833404747532071762e-07 3.409430169213298230e-07 3.135806364008960456e-07 2.647139979636191837e-07 2.206894244006524351e-07 1.865110060068565632e-07 1.768796503770430653e-07 1.625879218645765392e-07 1.419728545886988799e-07 1.081137559165936445e-07 8.063096731156833958e-08 5.677036528062902199e-08 4.054123762063637800e-08 3.043418158454799292e-08 1.988395872471545159e-08 1.225116741841472664e-08 7.663445905504257055e-09 4.987029097232819065e-09 2.725223219611239275e-09 1.371822764093735479e-09 9.519765451945455073e-10 6.411227792850198531e-10
8.219603848661422219e-07 6.468996380185897919e-07 5.743386398959887313e-07 4.866770745762834066e-07 4.357460236445218159e-07 3.728720293623365855e-07 3.221039388804599878e-07 2.814698701792215276e-07 2.480819342281638982e-07 2.176802618088192890e-07 1.840084806593410968e-07 1.582137101372632210e-07 1.235732404209981003e-07 8.799745439039288914e-08 5.714430307293558445e-08 3.791952806491967541e-08 2.571040890776879718e-08 1.708191284807242751e-08 1.061919217261051704e-08 6.458879516637377908e-09 4.051381671777461332e-09 2.736478722509569747e-09 1.506159825215768661e-09 7.788740567596048516e-10 5.191745071318450153e-10
5.283498040767071118e-07 4.388514666154319707e-07 3.907702450383107045e-07 3.679931496471786894e-07 3.325167220441109708e-07 2.902824570931421732e-07 2.614654460472917774e-07 2.230894947947521004e-07 1.958272684064191300e-07 1.724565636522025282e-07 1.551316195771414993e-07 1.309485570455533239e-07 1.052661686925975179e-07 9.321955849198347851e-08 7.240150172292413646e-08 5.323316137221494974e-08 3.527223463600061265e-08 2.311686497728207123e-08 1.421562352419145334e-08 7.985440047391325980e-09 4.590025169835322723e-09 3.901210714980782521e-09 2.762453618978853914e-09 2.340672788146110573e-09 2.209816612420546491e-09
5.322072887322104661e-07 4.306559711899610772e-07 4.331097553481870309e-07 3.834958685154759349e-07 3.177426303889699136e-07 2.708640589103432417e-07 2.387130200700881064e-07 2.132452218336999429e-07 1.760129345492630688e-07 1.506179099940824395e-07 1.408526797840349224e-07 1.228963014724049099e-07 1.000311868028617182e-07 7.947304344861343465e-08 6.232171539321959299e-08 4.932480988545647465e-08 3.395884875390051440e-08 2.203901643227138449e-08 1.428073772093170752e-08 8.811388308427393820e-09 5.935881370952601958e-09 4.050821312727066539e-09 3.345270283604574737e-09 3.106679072745314496e-09 2.798411968799188878e-09
5.706190708942180011e-07 4.944527902662215485e-07 4.402417971144511288e-07 3.875667414506322274e-07 3.336796514784976589e-07 2.978031154757460639e-07 2.614629147086470295e-07 2.316654185239265760e-07 2.064880990592635644e-07 1.943311056472242594e-07 1.617290270342473921e-07 1.290226466481164873e-07 1.115268119668468886e-07 8.709892034454193295e-08 6.227733734836685090e-08 4.387192496906262117e-08 3.050900968701365171e-08 2.026297479461677419e-08 1.158018046381526511e-08 5.830133597208593325e-09 3.125542622228837779e-09 1.531468264134246003e-09 8.799851982741533075e-10 7.707469685078179738e-10 1.035881928980480311e-09
3.669380226917337977e-07 3.452397920838472352e-07 3.265624209516299997e-07 3.267467706973089355e-07 3.491557263556942728e-07 2.900339869608861038e-07 2.156306881472614558e-07 1.798228344503304281e-07 1.755018069900106693e-07 1.540027893184591177e-07 1.318127282315321513e-07 1.134114949109070542e-07 9.021833668657275503e-08 7.528773135778185560e-08 6.343734266022296479e-08 5.442990336223106293e-08 4.054711676061526079e-08 2.894256976010555387e-08 1.937971417910051127e-08 1.346272942731323180e-08 8.399986843076702475e-09 5.541462405914069186e-09 4.513024084393623768e-09 3.740447081796834465e-09 1.905283214352663561e-09
5.161311641487144122e-07 4.341994915640973839e-07 3.446609935804453871e-07 3.211903958852082818e-07 2.720382411276467712e-07 2.226766661710752531e-07 1.991251112995917785e-07 1.793970173296635923e-07 1.607992971784676729e-07 1.399230882666360753e-07 1.225235870087230926e-07 1.083444756690698392e-07 9.527263474661041972e-08 8.070026186265711366e-08 6.572847035854229904e-08 5.314737360695259137e-08 3.832694097551279439e-08 2.901988927203792428e-08 1.885221978255078669e-08 1.249876035670106673e-08 7.634032292507101325e-09 4.631733364933336364e-09 3.417803242741645353e-09 2.641389064104038479e-09 3.018009652978889863e-09
7.922601004001763952e-07 6.486250796500864000e-07 5.458846661034689922e-07 4.928969880951495991e-07 4.618507552287537499e-07 3.876568610522623700e-07 3.392864178572241189e-07 3.000539518062703095e-07 2.379908770258637876e-07 1.981291740064309482e-07 1.679056323733796769e-07 1.382817120608087414e-07 1.138642586373825942e-07 8.571813703941561378e-08 6.034858847370219071e-08 3.938929721232927755e-08 2.571650485434344574e-08 1.556443392782048013e-08 8.155487715773721362e-09 4.745158494092562805e-09 2.920735415350415559e-09 2.166896797218434632e-09 2.169929864306217451e-09 1.359149386750159758e-09 6.554710857372890202e-10
4.951896629569010819e-07 4.594926558716715373e-07 4.195758851476958687e-07 4.024976927656839590e-07 3.788117072871604085e-07 3.405519609272876563e-07 2.889999511893063990e-07 2.493396681321495224e-07 2.200697324197157493e-07 1.809589500133248373e-07 1.530405395243219927e-07 1.275714129833980886e-07 1.038271104408947269e-07 8.611669851107986028e-08 6.810216706134558721e-08 4.639000901164027753e-08 2.968531567893117098e-08 1.482553946409438453e-08 7.352788837334440671e-09 3.924959622334936919e-09 2.152622985682641468e-09 1.215895572125484656e-09 6.627406977369398725e-10 3.051895837890258017e-10 2.868177455521023025e-10
7.888423015877362540e-07 6.488682746567539293e-07 5.657422606657302314e-07 5.819191551677812565e-07 5.482820692509227882e-07 4.844461499532892933e-07 4.045090656274363306e-07 3.488890408541274382e-07 2.848752491637272516e-07 2.222052453669663692e-07 1.760495197606680059e-07 1.459039987424771591e-07 1.087338139133125832e-07 8.145527727212096390e-08 5.268146285132800193e-08 3.325005410112956045e-08 2.093079489335657146e-08 1.181839369250540627e-08 6.928282766876978480e-09 4.688578827400839608e-09 3.095649165709821529e-09 2.331843427811468553e-09 1.882641156185831134e-09 1.461864223401545491e-09 7.174171076996616284e-10
4.068588512238724947e-07 4.255669498258574564e-07 3.789270428576604404e-07 3.211854712798631418e-07 2.647424647010252375e-07 2.382856596850367323e-07 2.261259114749531755e-07 2.169782404111877729e-07 1.873905732604673957e-07 1.611354553643581601e-07 1.436313808504666595e-07 1.160894255872511928e-07 9.434871853283118688e-08 7.751540367787712822e-08 5.973474288034442606e-08 4.585821741793187864e-08 3.842225665934666592e-08 2.843987140089557911e-08 1.765146676227478069e-08 1.114577070329272383e-08 7.549988013750508788e-09 6.524244279152381246e-09 7.782269416135027696e-09 6.167437670885969286e-09 3.082674107004155280e-09
6.750669096316949704e-07 6.271173852105366666e-07 5.596591708129334425e-07 5.359507774431051604e-07 4.689779999980605120e-07 3.856324703684092043e-07 3.335433123995397282e-07 2.505321627130865600e-07 2.258536674635102344e-07 1.954721773621220153e-07 1.701421135400462658e-07 1.389599202771569319e-07 1.133708448536127453e-07 8.445281419635231772e-08 6.025250984432897582e-08 4.395015359326112082e-08 2.875830442860670104e-08 1.814734883818100833e-08 1.287765360171054002e-08 8.338520806252192252e-09 5.000102329485804647e-09 3.341076459211649473e-09 2.442137205979315530e-09 2.010416619257664140e-09 1.129564042501684286e-09
5.549065547269565282e-07 4.327621196398264827e-07 3.529361159773606906e-07 3.068686841101663608e-07 2.843298232096407062e-07 2.463770199149898705e-07 2.306999479055637850e-07 2.044069784580256396e-07 1.842861780921042952e-07 1.579523970943545152e-07 1.324704709854578296e-07 1.141051940071385329e-07 9.251202055185720635e-08 7.406380708167936926e-08 5.697415970861599676e-08 4.345142305935762276e-08 3.115894202212861927e-08 2.422081437137858072e-08 1.692811518948803469e-08 1.183065262612126720e-08 8.154741118874482568e-09 5.074488256085379769e-09 3.817484990113783277e-09 3.976078342969756070e-09 2.425677938812854547e-09
8.329746173281634796e-07 5.878874124227835661e-07 4.404544894916920727e-07 3.625584326011012341e-07 3.170217522743767011e-07 2.817252123914237365e-07 2.555031686340814352e-07 2.389479599245826386e-07 1.946122287113754351e-07 1.658838800394910779e-07 1.365635605855013569e-07 1.243853666276920873e-07 1.051794624630704903e-07 7.633982629148358322e-08 5.694134730411881682e-08 3.954467751924598733e-08 2.685771139374425670e-08 1.669146926229177675e-08 9.251969472541245840e-09 5.492624105842006985e-09 2.702038176341901757e-09 1.396214879860585226e-09 8.535678752367794424e-10 4.458005638002153484e-10 2.027507384918147578e-10
8.250675141590298509e-07 6.678558104957715543e-07 4.994769294290799981e-07 4.183134652693357392e-07 3.926835433322120204e-07 3.384317946225578241e-07 2.790408941009093144e-07 2.356413926544719228e-07 1.998571732062602317e-07 1.782195310528369191e-07 1.450005060276163948e-07 1.150030577773443265e-07 9.362311994338416149e-08 7.077636853140665616e-08 5.165967877075121536e-08 3.590008576206832416e-08 2.558030988483782498e-08 1.781377157571088345e-08 1.185335456360708470e-08 6.942892424066286535e-09 4.180713738808407702e-09 2.605363431026401236e-09 1.685713410567749739e-09 1.430956777597833914e-09 1.769725544685653330e-09
3.073015941615969630e-07 2.855917260626432407e-07 2.563248923326917968e-07 2.464752400307505374e-07 2.448606144313587157e-07 2.393210390040731286e-07 2.195710843888016901e-07 2.094981756210672817e-07 1.772972524234749858e-07 1.589229021338936362e-07 1.304561225567607445e-07 1.038647369600721866e-07 8.681358755454292463e-08 6.942089675529662215e-08 5.461656612223574740e-08 3.893281179924309484e-08 2.676066477260963412e-08 1.668823627806292977e-08 1.043790412722389015e-08 5.475081598574234864e-09 3.365549740364205871e-09 1.854092104600378007e-09 7.982479612526337436e-10 2.364553536426811074e-10 5.096551108844922693e-11
2.283428536976522993e-07 2.155145976363229419e-07 1.647108558247244570e-07 1.649524113755506809e-07 1.545838239827245247e-07 1.451034207086611294e-07 1.272944798063747491e-07 1.144363460363997761e-07 1.078788523385016579e-07 1.124592652126004091e-07 1.009352129139760373e-07 9.252799407638721575e-08 7.803768488081645161e-08 6.539070262224343677e-08 5.238879715790851253e-08 3.586902068659552503e-08 2.698566906914881308e-08 2.274719187880468308e-08 1.427157588419214917e-08 7.355927704679244861e-09 5.160469123748141342e-09 4.573003335553930902e-09 2.901817089013205249e-09 2.376783368507287294e-09 2.502183251507349247e-09
6.550987651223845643e-07 5.483234569502419719e-07 4.881456334916722133e-07 4.258175112276444007e-07 3.675721098979813198e-07 3.135891193224860610e-07 2.867706619114374500e-07 2.637800539090941817e-07 2.260668840765793336e-07 2.005112443869136650e-07 1.771672383348711444e-07 1.421250668972053408e-07 1.164208266915871398e-07 7.976358820746408396e-08 5.394111091856336597e-08 3.766802550356844068e-08 2.639650590324895142e-08 1.709841969273906327e-08 1.120118412174319312e-08 5.879130476215830483e-09 3.715471893721400516e-09 2.450120969751918393e-09 1.750567788957435166e-09 1.342887594974116733e-09 6.455713265107913982e-10
6.905685215224574962e-07 6.527207309987091638e-07 5.848425542974580540e-07 4.966912081932394734e-07 4.474028950743926959e-07 4.009136131450500362e-07 3.555635215800192073e-07 2.895328722653678668e-07 2.317828409985175970e-07 1.976028742068232298e-07 1.581356976373114740e-07 1.276255596979879405e-07 9.959395881802401913e-08 7.101299272140197288e-08 4.957246134701834753e-08 3.361554543363034341e-08 2.309679703773630026e-08 1.665861304901694585e-08 1.106323899980604397e-08 6.553467841842692475e-09 4.490741907646696565e-09 3.074269394362843316e-09 2.141153453740726270e-09 2.084422241076182838e-09 1.816681146192170346e-09
3.221278018501842841e-07 2.992223278684291311e-07 2.866874414129863352e-07 2.790011531796974017e-07 2.496192650468953589e-07 2.145155350962136459e-07 1.979295346026745596e-07 1.722494157464791971e-07 1.589622680253634854e-07 1.313203720406290339e-07 1.053282205597056528e-07 8.713254304883160823e-08 7.314044140378847088e-08 5.556638212727327020e-08 4.157013404941021515e-08 3.110768747247103316e-08 2.256483507258819992e-08 1.545095028496858927e-08 9.898916841522023041e-09 6.295430892635493879e-09 4.096936482961449027e-09 2.967280417754020510e-09 2.585110774581676792e-09 2.676218782496570088e-09 2.324459872810347470e-09
5.178218017247419656e-07 5.118587681237814343e-07 4.472104778296907174e-07 3.816233158444200689e-07 3.649567456864156002e-07 3.179102984834093146e-07 2.890191712176359973e-07 2.608482305251597868e-07 2.298618949520788068e-07 1.962030635532202369e-07 1.598117116056923354e-07 1.236031709606259746e-07 9.262037057682112261e-08 7.374879783730389933e-08 6.139312733261767223e-08 4.731787266321026681e-08 3.413220925780298881e-08 2.536755871520530601e-08 1.901444773053186457e-08 1.338882135514538943e-08 8.908415928058009050e-09 5.803006876038593128e-09 3.146917620307029873e-09 1.758288662003227917e-09 1.301784756929681067e-09
4.592520984946999314e-07 4.167614289926631891e-07 3.759634435247947558e-07 3.290372826911107260e-07 3.002914756643255066e-07 2.793258078858083527e-07 2.559152682797955413e-07 2.380217066402969320e-07 2.064488005820128688e-07 1.844704704786725801e-07 1.532990261090837254e-07 1.188887556807407107e-07 8.945079841136464106e-08 6.875618078631107584e-08 5.127883590483838894e-08 3.457803808654916401e-08 2.551042519445145246e-08 1.775001384055609755e-08 1.239157167485163168e-08 8.047864689499049873e-09 5.569144276610374428e-09 4.305093946445808898e-09 2.207375160559979592e-09 1.855264523519929304e-09 1.580869861475897358e-09
6.482681862449378986e-07 6.079811912544540983e-07 4.889866188690641158e-07 4.097073836145031500e-07 3.675911733051379462e-07 2.832957483553560866e-07 2.628715942672712766e-07 2.337760313056590074e-07 2.100290052371733007e-07 2.088217890671789946e-07 1.682955038882327728e-07 1.304035865808422173e-07 1.048234392862956433e-07 7.332206426022382781e-08 5.029310995641989125e-08 3.450344022224664474e-08 2.359444808558139318e-08 1.613581214338280180e-08 1.114162043684455798e-08 7.067215436429516945e-09 4.243908049544782117e-09 2.285970778487848366e-09 8.902379835773863871e-10 3.936523875929297262e-10 5.129371431826209032e-10
5.221576938850889804e-07 4.935206501782000258e-07 4.601587063900818898e-07 3.927064710741897471e-07 3.601618348522909566e-07 3.555959355289971747e-07 3.335197704369775717e-07 2.972106523776388748e-07 2.534382377826277206e-07 2.114008129998251785e-07 1.804997468969356155e-07 1.464348098881786540e-07 1.212723025651697234e-07 8.931869648373253851e-08 6.553679395148428906e-08 4.417413337448044764e-08 2.531067712943325880e-08 1.480093327753702032e-08 9.233839354598440368e-09 5.778578628810656567e-09 3.505218778255994692e-09 2.568778070492024172e-09 2.956715344976833510e-09 4.466772912578505407e-09 6.175777777349536284e-09
4.541250181126447254e-07 3.776983985812586909e-07 3.311235586281223699e-07 2.843475238046944187e-07 2.697953159026457352e-07 2.562487563315561402e-07 2.374700798154931364e-07 2.026042172295132636e-07 1.658616407574081505e-07 1.476864056477271832e-07 1.314622236348556718e-07 1.079355611843247754e-07 8.598287270672737440e-08 6.491128630480418060e-08 4.787449508190715761e-08 3.429672993254228876e-08 2.410046123509960821e-08 1.657087887151214726e-08 9.693805832583092612e-09 6.007217823595497770e-09 3.025772392205811192e-09 1.865505443764594152e-09 1.483282301158796885e-09 1.192387440700749391e-09 1.294414899095450694e-09
4.067471699595070247e-07 3.771831325424973114e-07 3.068303545035790492e-07 2.843749457974630334e-07 2.842213609001990316e-07 2.890500516774746171e-07 3.325875828410265365e-07 2.598984851168717016e-07 1.859860368488924296e-07 1.436982733047716444e-07 1.151766983837634201e-07 9.554406726890982943e-08 7.373334308509430899e-08 5.530795309697079638e-08 4.362674496567574238e-08 3.299083659184803409e-08 2.398658205984731216e-08 1.733776244112793275e-08 1.170321787789506285e-08 7.384678683432498545e-09 4.294152533794572363e-09 2.683077464851346526e-09 1.574247661262046558e-09 6.902410721417206323e-10 3.816013773180225816e-10
2.749688033904966201e-07 2.204291512238254254e-07 2.286041912967543185e-07 2.251311619680654663e-07 2.259809355726349228e-07 2.344367489565365817e-07 2.213459622101641969e-07 2.129161764947508083e-07 1.947758251326752674e-07 1.757272154782106433e-07 1.285188971172406736e-07 9.437321143330254157e-08 7.816165264988383538e-08 6.453629731632759912e-08 5.173048920662849381e-08 3.985992994368143953e-08 2.776233913555312066e-08 1.547490448663246246e-08 8.390515976534788600e-09 4.630311468767541049e-09 3.026773376032481177e-09 2.099994204886623234e-09 1.347976739893524988e-09 7.124515301478564120e-10 3.501085764692884598e-10
6.785469556783787514e-07 6.286398292833343851e-07 5.122308603127942038e-07 4.000886839368118404e-07 3.568910864962733053e-07 3.202296688009068313e-07 3.037790753660574286e-07 2.687224539288786618e-07 2.352149084038950507e-07 1.958960609780067951e-07 1.530123965796436787e-07 1.222108634701069527e-07 9.380421183492484471e-08 7.415516811548681981e-08 5.726022247092891373e-08 4.427138204909023371e-08 3.252693914725644075e-08 1.863254959302621315e-08 1.066090885179437002e-08 5.966029313459154707e-09 3.110219356437262875e-09 1.913755254552667212e-09 9.730899073797178562e-10 5.535202714060177520e-10 3.261131515907834460e-10
4.428354892024492470e-07 3.731581279430014322e-07 3.679026224440870799e-07 3.141213619429019594e-07 2.888125241674540732e-07 2.503757755704110673e-07 2.249830032155762457e-07 1.910742380069780930e-07 1.706380778561157713e-07 1.480202838349192831e-07 1.210271026885320544e-07 1.097061836840220706e-07 9.655972028499964299e-08 7.968321165329168090e-08 6.156529503373930135e-08 4.435064283100934996e-08 3.185593937514984141e-08 2.075676676837884424e-08 1.207492002542186740e-08 7.008865790834089716e-09 3.594898953441193089e-09 1.566144095377060226e-09 7.396122729461280073e-10 3.172591258054037167e-10 1.297591339761526194e-10
4.570900506203668196e-07 4.121254286505038436e-07 3.711573631316974894e-07 2.869962032667729272e-07 2.389818710337923239e-07 2.096716334516091074e-07 1.896951421443390112e-07 1.739328209986165957e-07 1.511662477807971027e-07 1.431212294720753489e-07 1.311283547003953396e-07 1.152176531970951618e-07 1.021007223822937156e-07 8.024556861939363410e-08 6.349244252748082010e-08 4.708085812325649323e-08 3.578538132967909804e-08 2.287188425172318092e-08 1.252719777540295942e-08 6.544524348896181032e-09 3.293525483684923806e-09 1.828148963462599405e-09 6.988087669489979635e-10 2.847423664661484054e-10 1.078029747765179743e-10
9.645970603231496050e-07 6.967683636923097294e-07 5.323392311042936620e-07 4.064631276601088849e-07 3.306143892040652255e-07 2.810566759146351884e-07 2.542783964591275150e-07 2.183441284006538639e-07 1.910115330294151151e-07 1.674343134911833280e-07 1.565374856456586526e-07 1.182096508538694415e-07 8.421122497070259387e-08 6.441729918123748217e-08 4.706107687992237442e-08 3.871520161414769121e-08 3.279976649742940314e-08 2.514676874348998438e-08 1.856082388894173509e-08 1.329275150440925202e-08 9.230732795640175106e-09 5.635728756576022540e-09 2.867335556773780768e-09 1.259294698426912734e-09 5.548605249619077607e-10
6.931666881462123480e-07 5.998884023590985928e-07 5.339517402452115373e-07 4.505064816417205471e-07 3.912521561935724380e-07 3.538665805434784280e-07 3.071629096652842637e-07 2.734165266076037523e-07 2.224967856801317470e-07 1.794782555653597236e-07 1.549291364748218556e-07 1.295156020500559070e-07 1.071632615363372374e-07 8.535149911225137838e-08 5.779198924568736450e-08 3.841120447816987611e-08 2.439167910822842506e-08 1.648918862445216054e-08 1.061010768335816994e-08 6.011247797637045691e-09 3.737552488417107087e-09 3.294740204567797015e-09 2.113312932715659633e-09 1.335531247848974745e-09 1.447223407889849213e-09
4.870487787966618811e-07 4.318505689916296123e-07 3.504605780048587482e-07 2.799691009431621896e-07 2.379762987831273904e-07 2.319462260002958829e-07 2.207091661081586309e-07 1.848002702670486173e-07 1.691651731207838926e-07 1.635377277874025762e-07 1.293010127651529107e-07 1.066515428239939429e-07 8.592500580227252521e-08 6.935458567906094513e-08 5.304416641908409748e-08 3.922009562598380157e-08 2.841746068480312901e-08 2.041423915689512545e-08 1.310198274329374312e-08 8.151317430603373105e-09 4.714893714469367096e-09 2.682352832228543621e-09 1.466860066403455858e-09 9.082532071595503585e-10 8.276600387046816753e-10
7.856442564186758584e-07 6.927559152519435136e-07 5.116907534825620053e-07 4.366152037029380491e-07 4.047229575647809956e-07 3.467002614944310726e-07 2.902868908312963807e-07 2.355043085606150506e-07 2.025380955380199068e-07 1.863185412319879163e-07 1.436732407107724669e-07 1.144463915575771261e-07 9.061344995229572315e-08 7.236118753845725502e-08 5.971650470776541004e-08 4.896394508600186232e-08 3.207186141130728410e-08 2.127997784521957735e-08 1.425099775738846637e-08 8.346738678559987720e-09 4.806376890726825099e-09 2.334532623002026099e-09 1.113242696942808912e-09 8.077961871775553469e-10 6.332328704361096356e-10
4.370625064242571598e-07 3.927662030884054969e-07 3.599198582261923373e-07 3.429524263444622496e-07 3.217827164401728131e-07 3.097676949156991553e-07 2.506732710954774623e-07 2.029199951260106050e-07 1.766357540741794152e-07 1.634327006112894658e-07 1.382956578013422790e-07 1.145020230775013103e-07 9.136302748058011806e-08 7.669799231598909567e-08 6.186604743007504113e-08 4.889521357478704261e-08 3.565099355747699789e-08 2.433676139888491903e-08 1.609037750911964645e-08 1.030920825595555408e-08 6.444353183547262399e-09 4.712143435202525168e-09 4.113083634228761393e-09 4.255756932735944511e-09 3.914613797037414545e-09
6.891877882079370219e-07 5.211996161037968651e-07 4.066334801097701824e-07 3.624979933791207726e-07 3.587138295523401597e-07 3.585815424740461255e-07 3.282686466454472842e-07 2.741241273148291342e-07 2.327814563254835387e-07 2.040087829903311363e-07 1.691451732532987334e-07 1.294866711571426883e-07 9.995952006478156513e-08 7.857367880179906774e-08 6.142044140712026003e-08 4.484504529682623878e-08 3.142791579490629280e-08 1.975383884414937980e-08 1.198374812095968709e-08 7.269723133729252473e-09 3.749321423525453440e-09 2.146726847481690727e-09 1.322747343017616652e-09 8.728712134510443742e-10 5.721919360041994376e-10
5.018054855572361868e-07 4.986488043023399246e-07 4.451599666855860649e-07 4.012471398954468302e-07 3.456372707712148826e-07 2.937085673735688373e-07 2.476354639674582342e-07 2.053123789110280604e-07 1.920880289733277450e-07 1.646988410132972694e-07 1.402526057887388710e-07 1.212540076216765566e-07 9.790591568441032348e-08 7.300568274756791629e-08 5.267574421450396603e-08 3.922035826767766928e-08 2.768310486416184987e-08 1.881946077512735656e-08 1.248221682710667078e-08 6.759889554856419740e-09 3.983945669395033213e-09 2.409985636500800896e-09 1.193990047132167654e-09 5.968817367278840214e-10 2.460145063686686755e-10
5.487728283675452227e-07 5.483039457135202490e-07 5.284978653749858122e-07 4.676999358693483627e-07 3.971547181706911095e-07 3.528652541027333953e-07 3.081318966602451781e-07 2.739967206896616952e-07 2.234486035599104507e-07 1.808188889710068236e-07 1.484609706451803029e-07 1.170019152661085166e-07 9.002853868747890938e-08 6.965079596840702825e-08 5.414110756994959650e-08 3.854617363118823183e-08 2.850551256365258946e-08 1.696848186171090453e-08 9.742382150257288615e-09 6.064701248636681385e-09 3.649223794374249435e-09 2.209598470062894997e-09 8.356138851155033752e-10 4.316192728230006084e-10 1.773920847486757524e-10
4.881226038785095108e-07 4.273650122776444890e-07 3.828044924363117558e-07 3.293999453544545792e-07 3.068085737215599889e-07 2.833353540430892304e-07 2.600468959257657338e-07 2.420396546925537561e-07 2.172025913476917665e-07 1.926584187210880001e-07 1.633161789801270906e-07 1.205836445724290963e-07 9.543313890649196284e-08 7.485023109790731025e-08 5.590736410448667814e-08 3.981806329030537201e-08 2.499379216525610671e-08 1.392828196229475313e-08 7.469679712512731869e-09 4.543126922006424324e-09 3.375748087191345476e-09 2.676027883396456926e-09 2.025534394957546991e-09 1.098438975042318837e-09 7.208268176747406848e-10
4.580519764417463928e-07 3.930360960869537063e-07 3.355932798157377656e-07 2.745781094008337092e-07 2.560202634099753682e-07 2.530582316162687265e-07 2.329507954592444591e-07 2.111599348987903579e-07 2.050695421466445664e-07 1.845548899512301179e-07 1.634336585822112294e-07 1.373009309385171946e-07 9.850648258479687736e-08 7.188677671849346925e-08 5.372603329829392989e-08 3.823760141559472691e-08 2.264738607050570387e-08 1.305558044238641690e-08 6.667610019837502003e-09 3.540189893431991469e-09 2.233426779167803299e-09 1.623164604995879138e-09 1.201045271699963615e-09 5.333095366441339521e-10 6.726142608842079639e-10
5.532654805060267923e-07 4.672765783123739591e-07 4.299321746714605243e-07 3.786544447912099221e-07 3.270622273355881509e-07 2.775833243177400734e-07 2.322631883044795326e-07 2.002259983530508780e-07 1.816877829111223804e-07 1.717919761508811050e-07 1.509443215283252117e-07 1.162024752303395586e-07 9.344760600485010160e-08 7.262402790132848148e-08 5.090980933868867756e-08 3.742199797141725887e-08 2.673584670819493897e-08 1.696092792867980832e-08 1.114114479163501377e-08 7.114533756892938845e-09 5.244278560032442650e-09 3.323612023644871038e-09 2.152527488716544076e-09 2.052931439197483914e-09 1.392451591017318555e-09
3.867059370342696611e-07 3.872171698210361793e-07 3.440045445538589384e-07 3.056577389107865221e-07 2.715341035949831575e-07 2.467891758621905225e-07 2.268230267014714542e-07 1.986685869954554046e-07 1.796790861539615241e-07 1.657894710322356828e-07 1.410989667149489265e-07 1.213225172476059173e-07 1.003479010869531643e-07 8.087982725553271563e-08 6.074410666273908396e-08 4.475111543413769944e-08 3.327269138197026889e-08 2.545014607058081016e-08 1.707669732792959699e-08 1.022538973679264364e-08 5.318797947640193138e-09 2.619842491123155400e-09 1.433280234178358344e-09 7.784850072307921132e-10 4.394822518517806064e-10
3.566766614660594968e-07 3.443367075756297646e-07 3.097485483105059248e-07 3.183745067628611112e-07 2.973724887737817440e-07 2.621474705032468734e-07 2.248476549997735729e-07 2.015203331860411627e-07 1.770638557586026612e-07 1.568861784136976445e-07 1.298741059640741327e-07 1.127441600888594918e-07 8.912935951800184302e-08 7.440494875640323449e-08 5.841692682802522598e-08 4.441625310936020882e-08 3.575439513344807605e-08 2.457502739237932943e-08 1.547054869368699075e-08 7.958943689607361267e-09 3.635762002603508049e-09 2.080248268241323104e-09 1.337086376800193233e-09 8.473648535296369077e-10 7.840345364611508268e-10
4.455020381904367698e-07 3.386964785239960922e-07 2.950106648822959538e-07 2.698042070170551225e-07 2.691218352020375309e-07 2.551670160491817005e-07 2.389819510827676885e-07 2.269122512518762826e-07 2.236375664031472316e-07 1.810027946133419471e-07 1.457221086149191662e-07 1.194136611077325862e-07 9.959945734912182873e-08 8.330993642770107016e-08 6.765182183127372895e-08 4.873097112826018602e-08 2.948711272485927132e-08 1.875537646426431599e-08 1.118703405649913453e-08 6.309603238823459828e-09 3.866823798416806151e-09 2.737348340450530446e-09 1.909075403595474091e-09 8.387803973057721349e-10 4.979816511792333130e-10
7.408006808876776060e-07 5.776017239638863177e-07 4.677450933903455289e-07 4.062245153172991910e-07 3.768481726958859290e-07 2.869425764872719829e-07 2.358066269617408572e-07 2.073608435435655923e-07 1.759034988050144388e-07 1.650206008636966635e-07 1.476250313270392158e-07 1.259146042153841391e-07 9.423312467596496287e-08 6.555623020223218207e-08 4.541827962144696016e-08 3.064833853841972166e-08 1.940798842465996840e-08 1.118212197705429567e-08 6.255050363371125551e-09 3.366316679364262595e-09 2.128120477601981853e-09 1.068975307342234114e-09 3.236703329460481110e-10 2.733602725841153751e-10 2.094858239834318680e-10
6.350251013028680183e-07 4.582325200985340494e-07 4.000127659633647346e-07 3.540243066350864499e-07 3.071927185107017860e-07 2.771929663736132844e-07 2.392871127633115489e-07 2.146176113828585099e-07 1.876321069830124233e-07 1.665128539706571673e-07 1.429878386860523811e-07 1.238796011222655300e-07 9.428149997220238662e-08 7.581716856883312561e-08 5.937539325556005438e-08 4.042743411152099444e-08 2.191385060365771879e-08 1.377254682806821823e-08 9.596276614170622180e-09 5.619655365271761857e-09 2.947982004687617027e-09 1.500112041052006123e-09 9.493034291737265947e-10 9.151028168363418921e-10 5.557006560685640914e-10
4.150050550373040891e-07 4.005307611022161856e-07 3.281408145156196205e-07 3.038613831460626889e-07 2.621441828760624271e-07 2.266744904337742405e-07 2.006516821288318057e-07 1.888494863616606108e-07 1.631892243838154421e-07 1.233286564244943748e-07 1.048417513549531304e-07 9.144157299584481904e-08 7.208721014461259473e-08 5.849227502068025340e-08 4.387841319860836152e-08 3.187946676884048388e-08 2.281948455067075960e-08 1.522382374112661232e-08 9.927775895474823418e-09 6.391799930119961549e-09 4.496558856992487428e-09 3.009606722664647138e-09 1.737283599089003380e-09 7.745750861399993841e-10 3.213016479456601140e-10
3.946381021226641243e-07 3.668644430159705557e-07 3.391117256781084596e-07 2.973287244398839094e-07 2.577383496564733745e-07 2.489011586886119819e-07 2.100811420169888861e-07 1.729353524395813926e-07 1.587432259835459681e-07 1.414331806887646138e-07 1.209282417579034918e-07 9.466768144273218892e-08 7.493771024500742919e-08 6.274154973385507706e-08 5.202651848058194205e-08 4.162803546429179450e-08 2.904106694076301880e-08 1.875379398297449968e-08 1.231859973076260456e-08 8.113614212687901897e-09 4.245871365687696167e-09 2.270388925104236465e-09 1.700164854686361098e-09 1.785707411878261512e-09 1.307212655829595583e-09
1.365785665954319729e-06 1.110180301157594277e-06 8.810039256534130323e-07 6.989071042668675036e-07 5.796641556725652580e-07 4.302020846505084558e-07 2.819696690714761275e-07 2.097639187799142602e-07 1.604595794570984749e-07 1.272222007819045411e-07 9.754913623180005464e-08 7.989257084675678940e-08 6.571697196392618674e-08 5.117235589056633849e-08 4.162511381699682489e-08 3.438183555829746803e-08 2.721621760105890719e-08 1.996141362522051390e-08 1.405206896594240614e-08 1.013375391640208422e-08 7.586960420348480272e-09 5.410724680143749792e-09 3.669239441809393096e-09 2.516869541704378183e-09 2.118040301080950475e-09
7.279020190227056362e-07 6.102013727424179183e-07 5.180909589803190707e-07 4.357700232452106065e-07 3.755839285668539700e-07 3.231168750082854553e-07 2.942261384138181330e-07 2.543817555720282350e-07 2.250550746434471785e-07 1.826343431667677571e-07 1.447553000039410370e-07 1.142915354444338291e-07 8.962271159715127131e-08 7.122981673369404027e-08 5.237410510251995785e-08 3.425745231967180805e-08 2.308948865505260802e-08 1.596387181964206411e-08 9.246325014547840414e-09 5.007224730570048811e-09 2.604818461111033297e-09 1.512458868403820900e-09 1.406756232910426266e-09 9.023841532348103673e-10 8.086821980009259592e-10
7.945602434680295080e-07 7.532811987226160206e-07 5.923676413250505567e-07 4.782793522158359565e-07 4.367804445155613670e-07 3.453832895900931848e-07 2.703875642793953849e-07 2.208032295660864178e-07 1.910457032668454052e-07 1.619144129564024126e-07 1.444759764058483144e-07 1.084189202446308581e-07 8.673520431633456656e-08 6.995755716927173045e-08 5.289395499179023167e-08 4.166638249026780502e-08 2.887675197113110028e-08 2.031674423302364449e-08 1.285735010257171414e-08 8.719855420521004241e-09 6.459814383220044883e-09 4.848243426382682910e-09 2.957501602232700955e-09 1.979069166194253770e-09 2.134436064346795809e-09
9.864103007734730917e-07 6.558925359942468132e-07 4.951066859188999174e-07 4.223124663511861858e-07 3.430290945498371085e-07 2.965188955328467478e-07 2.404584355484130282e-07 2.257973628861189217e-07 1.801323119519668343e-07 1.521194650010451657e-07 1.231791487874252022e-07 1.056747837160163976e-07 9.394144068202841637e-08 7.555129209227481616e-08 5.328276150331031376e-08 3.694123347938031271e-08 2.252158810114443829e-08 1.243136419595509597e-08 7.485919501358070900e-09 4.746559809213131597e-09 3.284634168416138370e-09 2.533070593359301405e-09 1.576146911486957104e-09 8.653492814291802385e-10 3.985485427411088844e-10
2.931422621967209564e-07 2.442200215142784056e-07 1.876357011432661476e-07 1.606574450755516399e-07 1.388336814088651778e-07 1.359026084294485400e-07 1.371644706110305438e-07 1.454400691850136442e-07 1.397902022358952360e-07 1.335850338578558069e-07 1.059066638681202478e-07 8.681635256712993808e-08 7.448729997430640721e-08 5.742469391939997252e-08 4.378137199922473280e-08 3.379975343117898075e-08 2.558494645699487164e-08 2.027972494740061912e-08 1.479518364147624222e-08 8.871412117336376693e-09 5.060532779848886587e-09 2.942062217072717865e-09 1.933659086492992844e-09 1.206743952732822484e-09 7.099371110894975553e-10
3.408364695999321841e-07 3.043256617704802363e-07 2.754246280267533439e-07 2.646977449681352628e-07 2.319414267874461735e-07 2.091395731068412336e-07 1.670487435231184922e-07 1.352611420503306398e-07 1.203224443077711217e-07 1.069615999046106502e-07 9.436339045187858562e-08 8.654518271680739889e-08 7.800865480822071588e-08 6.205287040161656724e-08 4.735447986449850743e-08 3.779212709065489494e-08 2.819562792524335397e-08 1.997853138195958717e-08 1.575853585240757615e-08 1.111530707600652872e-08 7.090461276146173231e-09 3.419917735961701952e-09 1.534205757483692539e-09 6.940043942286089118e-10 2.478740603246888475e-10
4.829442898234516585e-07 4.171773777878528679e-07 3.603095912680280388e-07 3.287866187680923174e-07 2.924260806486857829e-07 2.606275588938598478e-07 2.369077871477649385e-07 2.215042606311670370e-07 2.053871460397020075e-07 1.671971767845923400e-07 1.416485778260899261e-07 1.184050808333392761e-07 9.823894150796717533e-08 8.490847166148782214e-08 6.866833608605088884e-08 4.925838032122392975e-08 3.600235903717160976e-08 2.667691349295762760e-08 1.834322614821330576e-08 1.134628239106364211e-08 7.963650777034163000e-09 5.075249050301126760e-09 3.557807980070842062e-09 4.042522162005665577e-09 5.633741511671756350e-09
3.897890789934226230e-07 3.625234090364738982e-07 3.054971262748206136e-07 2.683690243814735369e-07 2.570198507874620132e-07 2.419034830040432563e-07 2.294206374493211803e-07 2.113395510550556305e-07 1.898711282562789050e-07 1.566258247227957257e-07 1.374431985035406514e-07 1.136166401358715445e-07 9.301156974369207980e-08 7.364714645826123361e-08 5.237639231677480884e-08 3.919231515417442473e-08 2.493051951392664513e-08 1.479519852823728247e-08 9.254838474695356197e-09 5.636021145639690383e-09 3.938189160182332119e-09 2.795444128246207539e-09 1.963105316655730387e-09 1.354693076687835312e-09 9.865607819779680467e-10
7.002423998265239992e-07 6.782469851578583510e-07 5.153297066383653633e-07 3.767911262544979139e-07 3.299641894988803565e-07 3.003812133125443578e-07 2.469139323074837610e-07 1.989865866403852183e-07 1.716089111961840601e-07 1.516853582913408994e-07 1.211551509100547563e-07 9.356740132984711557e-08 7.541283999085993579e-08 6.234654455730893673e-08 4.889548904050459520e-08 3.682815527198181985e-08 2.797442127177597531e-08 1.914603203788870534e-08 1.364275559510770147e-08 9.337246660246335421e-09 7.135856687575122666e-09 6.123272745617425618e-09 4.136937777152338533e-09 1.980193161168557201e-09 9.625019566904960500e-10
3.755886785208909700e-07 4.080515226695542594e-07 3.623902314495516148e-07 2.766350858130313300e-07 2.352980066280394764e-07 2.150891156631643239e-07 2.087360437708950558e-07 2.010177674977040220e-07 1.849274959941122721e-07 1.582794826579987901e-07 1.330831497614836907e-07 1.141330191660186129e-07 9.407691789424496822e-08 7.308025561305448371e-08 6.503032002592781425e-08 5.405569298219433101e-08 3.849661149898104992e-08 2.407845625439297389e-08 1.355341591047938001e-08 8.410776618583419723e-09 5.419404002170579989e-09 3.895286088736263086e-09 4.086300003000345219e-09 5.107102633810673642e-09 3.301843932314494963e-09
3.963321250672556684e-07 3.516858932404741086e-07 3.141796687132987649e-07 2.668123955121394107e-07 2.191831660705973156e-07 1.965050355301996575e-07 1.890783648409847260e-07 1.703098760409266149e-07 1.510127529990276403e-07 1.319086207585550270e-07 1.167026518366272806e-07 1.039913405482730551e-07 7.924200925987372700e-08 6.617127309232143137e-08 5.503743352930386844e-08 3.805406974272583926e-08 2.526827821596179758e-08 1.622009952390805677e-08 1.109057595477536613e-08 7.071913510415132953e-09 3.867161142074834733e-09 1.864976282095187982e-09 1.134701298288135889e-09 9.172246075002903023e-10 6.587866300243520296e-10
4.364130419231630987e-07 4.314958128159439472e-07 4.030301880715518080e-07 3.483938458124040000e-07 2.709209432339105566e-07 2.181919790984613887e-07 1.944001350213120177e-07 1.700334449033876049e-07 1.313116062291409990e-07 1.177382571974872514e-07 1.034032707207303851e-07 8.376262595876640991e-08 6.668178345977547400e-08 5.015543570482584089e-08 3.765183471846182805e-08 2.737511512030210977e-08 1.917946299453905409e-08 1.243971521798025732e-08 7.421480688602891398e-09 4.460747382847606729e-09 3.096672962318618040e-09 2.129286528250184454e-09 1.444071144872558549e-09 1.083155896599241450e-09 8.601268954379345720e-10
4.074649484540028035e-07 3.812063838608934953e-07 3.152941974481879931e-07 2.749735799049245713e-07 2.371666228878967555e-07 2.074087995520415076e-07 1.953044823505701165e-07 1.785443864566636633e-07 1.550548640251782305e-07 1.402381882564254690e-07 1.140806300940554604e-07 9.619462605876139070e-08 8.522407052984382979e-08 6.971654342578752589e-08 5.928114828230775073e-08 4.459395211547172028e-08 3.308098935807160788e-08 2.262371113629143783e-08 1.507547220015536699e-08 9.971852917755968839e-09 7.434264674273379911e-09 6.288201735402155190e-09 5.118334257629046005e-09 4.205905009158975597e-09 4.574718823179024473e-09
8.167830044257049192e-07 4.703446542744042208e-07 3.562315796970415355e-07 2.655225647315806043e-07 2.280375475483254464e-07 2.019011232237148732e-07 1.868975505019143154e-07 1.706650772883714020e-07 1.416870547325485572e-07 1.194689328211529019e-07 1.084280462730588364e-07 9.817710470620804167e-08 7.799926980355730592e-08 6.156850530283500910e-08 4.901567808370501038e-08 3.821850066176033790e-08 2.604994609418890336e-08 1.595418373906768321e-08 1.060217096831385517e-08 6.567630876846953547e-09 3.697351302939425037e-09 2.388708547465922338e-09 1.562711073007449296e-09 1.089060268786361767e-09 6.506565075209837195e-10
7.997959210195093675e-07 6.372215278899315312e-07 5.575768288661020696e-07 5.016820317264202584e-07 4.649314656404865988e-07 4.156819398383790961e-07 3.355709760738934867e-07 2.710743957498579521e-07 2.318629959316987060e-07 1.840754146089310115e-07 1.417604826421482454e-07 1.104759149630938071e-07 8.428691383038682518e-08 6.131309156374132260e-08 3.963537544052226905e-08 2.702342216879847144e-08 1.971440654077051073e-08 1.252312765823787107e-08 8.267972832934912015e-09 5.533620790455619527e-09 3.483275171615854915e-09 2.287944012336039669e-09 1.634672922703356401e-09 1.198748998784408576e-09 1.066576774954103116e-09
6.072780396160834346e-07 5.025562588554598662e-07 5.126649687419192901e-07 4.521124739766184142e-07 3.843894131953812827e-07 3.253000144327972340e-07 2.612664009161872848e-07 2.130999369582160025e-07 1.697929921154189208e-07 1.476849794097499302e-07 1.310185044951291298e-07 1.145341741960258647e-07 8.758374075638805569e-08 6.738527219517751218e-08 4.735095434627952636e-08 3.189103525081274100e-08 2.402202421525301469e-08 1.805193078470543004e-08 1.400051674830834095e-08 9.793225877084582029e-09 6.653819590532500122e-09 3.728836369473885295e-09 2.248064576543010721e-09 1.186775896427899982e-09 7.790125786323441213e-10
3.881728697719819031e-07 3.838501529754468560e-07 3.521099888849321698e-07 3.496359323581098729e-07 3.100586617432022441e-07 2.680330371602340735e-07 2.570576599259084751e-07 2.460944798081165979e-07 1.949867130715978310e-07 1.523269548176864353e-07 1.222350717768706689e-07 8.942868067809895274e-08 7.285251594569039331e-08 5.649039063376913272e-08 4.514632617129167857e-08 3.604983982635605262e-08 2.582756413327962977e-08 1.666147800508686921e-08 1.053964694303557388e-08 7.853615002805235887e-09 6.150040714332789472e-09 4.756355538955949886e-09 3.941695656936636119e-09 3.128500915967554138e-09 1.490869510024333514e-09
4.572087367669238235e-07 3.928557568560892076e-07 3.586797108534262327e-07 3.280593738475362861e-07 3.166044146224826471e-07 3.140447231625637329e-07 2.747478103903264854e-07 2.354785045491288536e-07 2.009124377979174140e-07 1.761341636013436192e-07 1.421879384728183597e-07 1.167128897446792746e-07 9.044082167861139908e-08 7.501725880228068827e-08 5.848701885955356196e-08 4.022731388736239346e-08 2.604898801651868765e-08 1.642792545472410143e-08 8.822269606741466833e-09 4.099124683336119053e-09 2.104879873197758977e-09 1.418765519261595876e-09 9.426271952647084419e-10 7.444807620916350275e-10 5.416214910617428297e-10
4.947300366613056296e-07 4.885971249143775896e-07 4.362357312806849801e-07 3.939898354872695002e-07 3.924298911228393674e-07 3.398576815392390471e-07 2.660372666352339476e-07 2.062362824495400904e-07 1.635044185257655666e-07 1.284714202301597109e-07 1.192741314581279457e-07 1.079359495028627165e-07 8.406180431449377010e-08 6.681628787795764673e-08 5.434416023878846585e-08 4.271704594633506235e-08 3.232471906608620508e-08 2.287530995734510913e-08 1.283393910631217861e-08 7.236273300823636651e-09 4.744015120417663858e-09 3.404619633434216070e-09 2.340879569020647347e-09 1.213089275020361642e-09 8.602898270825267432e-10
3.583116426559896532e-07 3.321242937179879483e-07 2.695936959697488346e-07 2.328848018512370133e-07 2.019597770355101109e-07 1.666758529577743215e-07 1.531482120375782634e-07 1.431930972352817033e-07 1.173819360535648462e-07 1.068547781118549243e-07 9.256807860476468014e-08 8.428812679637038523e-08 7.350378370977045208e-08 6.255044207377379324e-08 5.357956399407738086e-08 4.247791864488202805e-08 3.346117702676563679e-08 2.459327183449734365e-08 1.786062175263522004e-08 1.078016034263060515e-08 7.200923775268657872e-09 5.167658825811730075e-09 3.295381808509169741e-09 2.335671223939603298e-09 2.142360212574472206e-09
7.157954932599304298e-07 7.472505429428919621e-07 6.651768800000766459e-07 5.755049205008472912e-07 4.529948816074639248e-07 3.538044853928634319e-07 2.582160603907987078e-07 2.028725110744078400e-07 1.551261402480987698e-07 1.283662646105047714e-07 9.691654601721418550e-08 7.458603416100140995e-08 6.159474305249462615e-08 4.836077989806352358e-08 3.544090735662914017e-08 2.735266708781120738e-08 2.072231280788161410e-08 1.358954979041141004e-08 9.824922330664717234e-09 7.141185297660324991e-09 4.811815551361661984e-09 3.140085461619386892e-09 1.833019408361115533e-09 1.377433667173141772e-09 1.305504937308585456e-09
3.909785992852574805e-07 2.878750026641136768e-07 2.186345976010744773e-07 1.698687111901142499e-07 1.453515931247001337e-07 1.215347747801978226e-07 1.063913656431865045e-07 9.449531607938523304e-08 8.819311390595421404e-08 8.167379666936861554e-08 8.421578182746729766e-08 8.106935997554424486e-08 7.370396867813079155e-08 6.133472612216055905e-08 4.851039610027273582e-08 3.764287745405187123e-08 2.898146272226331820e-08 2.154954827017563675e-08 1.434052412248997016e-08 9.856241722637402191e-09 7.001743003712731092e-09 5.034722002228394769e-09 2.721031211071755870e-09 1.531857873423472197e-09 9.785754139705357727e-10
3.650767650094292785e-07 3.957558840693166134e-07 3.304408242775370264e-07 3.691190857339209900e-07 3.084385388213479618e-07 2.453504352628270176e-07 2.081241963295683579e-07 1.758087595946156025e-07 1.291663061650807971e-07 1.153149296877465928e-07 1.134781327410028133e-07 1.003348018840431495e-07 9.008275342240359548e-08 7.886515654154795574e-08 6.507071593861498260e-08 5.077803762517263985e-08 4.220318547805096959e-08 2.805155733263848050e-08 1.807594811773358521e-08 1.101786344334291671e-08 5.989524654656046687e-09 3.436673582492710127e-09 2.261075573732477283e-09 1.423766641630518013e-09 8.043399111761708509e-10
3.686909330259311702e-07 2.776770833716251596e-07 2.282285333254250540e-07 2.112556238401828642e-07 1.889012157671614106e-07 1.967776618107889680e-07 1.885826136641852297e-07 1.866202185691320876e-07 1.664216664087365021e-07 1.430613695818723551e-07 1.195027716770279799e-07 1.090392216653740217e-07 9.462686249861242280e-08 7.653705830513744286e-08 6.367315429863498492e-08 4.251654338116980859e-08 2.710235911275728274e-08 1.408011215014390084e-08 7.897380011179976165e-09 5.071517520717853385e-09 3.251400128872406953e-09 1.769428125021573058e-09 1.040372406279654051e-09 5.068967954653847052e-10 2.729021140739415988e-10
5.558084737976401979e-07 5.240735859172238031e-07 4.148472529443775436e-07 3.896909510030563061e-07 3.917005170048887727e-07 3.536119550238089835e-07 2.907842899116297523e-07 2.246539899798055546e-07 1.861455011760096293e-07 1.548897938866897290e-07 1.335191699915538116e-07 1.149859459498574204e-07 8.770894744483454697e-08 6.813282951969577483e-08 5.280983564520694408e-08 4.119141657462688174e-08 2.890278565213749704e-08 2.010015892633855966e-08 1.355489768545880020e-08 7.736902362986415865e-09 5.295753820767269261e-09 4.210538010169317509e-09 4.860599957856473292e-09 4.916022174602260975e-09 4.872694139076294327e-09
2.438869719224677091e-07 2.365796164875953117e-07 2.190811273889376627e-07 1.950227926234253799e-07 1.638990921516649222e-07 1.371267697786071013e-07 1.291645659389179854e-07 1.211659103263727851e-07 1.096353543020139010e-07 9.396347726887846169e-08 8.888735469951025551e-08 8.936735869987292088e-08 7.555704953615542973e-08 5.519715568478818778e-08 3.878046152410775581e-08 2.880222299772549522e-08 2.216501033010786412e-08 1.655673986411296311e-08 1.298898765074784563e-08 1.126400330996189183e-08 7.047820844855832871e-09 3.020749403513343516e-09 1.310194008864139858e-09 8.069978773668122483e-10 5.199241860724697837e-10
3.076796035851805488e-07 2.445478214572649526e-07 1.911926427680302457e-07 1.708603218469302271e-07 1.638614767698027266e-07 1.614184056689532268e-07 1.388473878570520501e-07 1.294014928671662254e-07 1.232395492648904585e-07 1.111204162481785810e-07 9.641435291005287219e-08 7.783269839525978130e-08 6.384941270814183526e-08 5.562977859449606072e-08 4.645418461131471529e-08 3.507511843937072610e-08 2.431022681014546961e-08 1.580924867861937402e-08 1.004894130959890228e-08 6.667094780758565334e-09 4.464825646207170548e-09 2.735379902642517479e-09 1.814840409266765678e-09 1.058712316637819920e-09 4.797427067704116600e-10
8.403247810499566552e-07 6.708251452753754369e-07 5.717316235506452229e-07 4.469508446704879410e-07 3.883678409973567604e-07 2.894965621757055111e-07 2.133684928629298961e-07 1.719312389192800361e-07 1.297953412376565320e-07 1.080494970346392468e-07 9.874650054185628396e-08 8.481467768289148985e-08 6.537385236420888706e-08 5.060588245138782683e-08 3.886263341128332681e-08 2.939113174383105880e-08 2.249284308247288283e-08 1.543370928937235974e-08 9.018228640563474948e-09 5.106174024087682649e-09 2.929147068071465562e-09 1.819576916870445871e-09 1.219926683407433678e-09 7.337504129981990973e-10 2.932449481112138131e-10
3.760351158400338996e-07 3.114585290148432684e-07 2.619789958421118724e-07 2.169345518391044434e-07 2.044986638268321698e-07 2.059033265539686322e-07 1.860052743745817308e-07 1.456859783737754941e-07 1.265987524988849967e-07 1.068299446656476904e-07 8.842565580586901846e-08 7.192485656823148118e-08 6.177771076080100215e-08 5.406914801687846174e-08 4.638119908279108223e-08 3.495487143899228793e-08 2.426130019589886274e-08 1.517163098717051138e-08 9.861508135566947796e-09 7.001093367705011983e-09 4.793588050075997205e-09 3.380377576049656542e-09 2.572432204977745716e-09 1.953974209837936255e-09 1.256915067027905316e-09
4.787612323339148429e-07 4.245485857296028691e-07 4.406642305299683666e-07 3.482954823502307441e-07 2.984969268372493451e-07 2.634830668050263919e-07 2.403383714919617256e-07 2.057801711195471781e-07 1.711069973014553604e-07 1.468295141421314494e-07 1.226843042267216624e-07 1.029569482729236473e-07 7.685910612419127020e-08 5.778046378211025141e-08 4.207442665129884026e-08 2.984130925628859674e-08 2.068181653055778452e-08 1.483559557667041118e-08 1.018256713209462455e-08 6.249111747038774762e-09 3.582367263513202430e-09 2.217072975337406759e-09 1.521457520679483329e-09 1.040552961462130905e-09 6.172695079561941482e-10
5.237558020150913128e-07 5.617302221544150586e-07 5.017579014984531314e-07 4.398844926209889520e-07 3.544465893475303809e-07 3.116310848071259495e-07 2.588000458097750574e-07 2.191255360488057048e-07 1.858480820935591737e-07 1.545989901766803098e-07 1.236640953894054132e-07 9.983182403185454044e-08 8.304175670798596254e-08 6.762043077245938979e-08 5.208887210493383923e-08 3.938599273742685430e-08 3.071407202458946181e-08 2.121976504090673352e-08 1.395060226262290693e-08 9.184109677956564718e-09 6.509197813642775810e-09 4.990772431370135755e-09 4.759117549350575586e-09 3.134151039277961548e-09 1.424129973949055363e-09
5.891998000957669456e-07 4.265457405605957031e-07 3.444347508753035122e-07 2.832162818746918287e-07 2.586718585286666039e-07 2.413193120258153262e-07 2.214983407710549440e-07 2.018474767946120108e-07 1.776494336116757510e-07 1.458641960417784026e-07 1.172395361138455367e-07 9.523126482392110305e-08 7.482203415385076071e-08 6.209959969681340910e-08 4.779413749520177029e-08 3.466362505304776913e-08 2.448195942967439053e-08 1.499862531712040745e-08 9.256473846949842601e-09 5.776817894230798280e-09 3.693230046919649802e-09 2.610196248889226291e-09 1.631071268291547062e-09 9.061568805169836019e-10 7.648129420470428199e-10
3.923601316929031260e-07 3.708478598155650690e-07 3.259255438098886860e-07 3.188158497757325418e-07 2.687669824781708524e-07 2.290718518449167581e-07 1.834945605964792863e-07 1.504702237694381764e-07 1.432294156985822059e-07 1.323528719709489202e-07 1.106266792513016942e-07 9.223132687194959121e-08 7.551489066863500669e-08 6.310461324077747374e-08 4.932865857577423391e-08 4.055346352846247730e-08 3.375314214084728891e-08 2.705791331124878976e-08 2.092439184988933577e-08 1.316388681637057096e-08 8.570432752305395167e-09 4.735400028472916574e-09 3.109169889592445272e-09 2.821659158548703690e-09 3.722395874148407030e-09
2.872428944719066049e-07 2.256018869693172881e-07 2.066695698827320594e-07 2.109959837209759523e-07 1.967942745414776930e-07 1.902045003940008042e-07 1.841481049573544580e-07 1.731582692054901045e-07 1.492217976391252056e-07 1.316875042798295450e-07 1.051594148371831205e-07 9.074281620340253629e-08 7.435028616455259359e-08 5.707015886243761608e-08 3.998328015142470004e-08 2.892957649742008056e-08 2.229190600443670747e-08 1.545536362693648005e-08 9.590028456810780318e-09 5.116310272987060292e-09 2.904576637996808684e-09 1.575771118995613161e-09 8.607954435577844847e-10 4.001928333139043572e-10 1.418666233447767562e-10
2.406215635874831514e-07 2.310775394806387294e-07 2.126343849224929288e-07 2.008470371333246274e-07 1.941283757778474153e-07 1.720410547907291411e-07 1.580055010508448288e-07 1.404045528227776642e-07 1.172457584670806210e-07 1.009387994993618024e-07 8.263130703876431309e-08 7.152131514529352036e-08 6.345560695487987809e-08 4.773814703267378400e-08 3.162262764159554977e-08 2.315332972153583897e-08 1.604009741606688290e-08 1.180414197598887907e-08 7.629032500855890853e-09 4.270331679749727112e-09 2.754441176814457292e-09 2.263855550852976142e-09 1.875969699016411934e-09 1.504507970682496655e-09 8.841182573108096140e-10
4.467679706688293559e-07 3.848255892771050542e-07 3.391797411824465663e-07 2.900140288351513393e-07 2.526906510584805317e-07 2.522257871020568224e-07 2.399872062459912815e-07 2.067022585739036296e-07 1.964663782187489075e-07 1.763011539172571773e-07 1.587189761924641223e-07 1.304524894619097866e-07 9.902938845638787428e-08 7.494754142434722082e-08 5.117380818969898806e-08 3.276918184174075350e-08 2.436874029659079459e-08 1.674645223830027066e-08 1.269468007367012588e-08 9.670519030645476577e-09 7.253416095330381766e-09 6.048896875358387482e-09 4.522359506058662404e-09 2.265633046342010362e-09 1.068282585656864945e-09
7.657215590943632763e-07 5.816197856644874512e-07 4.472463671371147699e-07 3.721004454571739925e-07 3.069067544001247763e-07 2.568425588563345110e-07 2.214073922907088919e-07 1.902059568151960776e-07 1.687110768098566105e-07 1.434761072729194665e-07 1.204390609987808750e-07 1.043115897545194323e-07 9.263176649035942032e-08 7.465297409826446278e-08 5.182255342256610268e-08 3.532690843894268373e-08 2.328944162939478565e-08 1.648792886395149932e-08 1.021887006368262561e-08 5.920547450155777347e-09 3.261803183513112727e-09 1.897535444207165085e-09 1.075787966576961518e-09 5.741628209773190221e-10 3.050565586964975736e-10
6.597224663975429289e-07 5.138764651513757275e-07 4.282078635154647303e-07 4.133312454203383258e-07 4.126112539291830523e-07 3.448427042555783460e-07 2.561992945862080087e-07 2.015908464312089809e-07 1.657300129252206590e-07 1.336112112007161190e-07 1.108317931783836031e-07 8.888346740559201489e-08 7.263630161402308663e-08 5.995707068764570006e-08 4.592004182302197865e-08 3.703168932721422120e-08 2.664484839244323462e-08 1.851143577228789049e-08 1.113183999083526429e-08 6.578842473254968575e-09 3.121550715453052012e-09 1.709408143694401388e-09 1.073440028623743407e-09 8.388342225126989070e-10 8.484378786769102223e-10
4.240349644689628353e-07 3.486036450200356895e-07 3.161609708159092691e-07 2.502000318396906642e-07 2.223110234309201921e-07 1.923337251294402550e-07 1.861648458808061294e-07 1.546970110470887443e-07 1.270650066808457201e-07 1.089999721722507153e-07 9.152964476055497825e-08 7.889069002426535180e-08 6.795258232695002472e-08 5.760823349217219340e-08 5.065493556655782761e-08 4.150378277077358727e-08 3.259126000139851820e-08 2.321896058892507235e-08 1.595140117751232796e-08 8.824907999270337430e-09 4.745944114408311173e-09 2.380163283878241999e-09 1.348033125067858289e-09 3.650767690844549178e-10 1.624348094807206453e-10
4.516919959169090633e-07 4.125821227800921194e-07 3.150541869694258694e-07 2.755452348243124781e-07 2.261620326529859253e-07 1.993940039233663153e-07 1.768348609489192350e-07 1.500374424046509032e-07 1.433789046894901118e-07 1.143383883710217448e-07 9.154965818874400692e-08 7.912687054727670504e-08 6.707861907912389761e-08 5.234061675192438414e-08 4.198255238231237948e-08 3.562878639704797009e-08 2.965309490407872144e-08 2.314573326124254533e-08 1.874489296734339819e-08 1.265666778002124440e-08 7.411440103432979692e-09 4.033654961298153051e-09 2.463440418740226400e-09 1.685938689998991695e-09 7.777335289645600935e-10
4.626201856787958245e-07 3.416561810676372422e-07 3.069064420726997765e-07 2.406361348685443230e-07 2.071230344366106886e-07 1.796173330223697463e-07 1.566808319610420675e-07 1.396030008396003749e-07 1.248503536793686447e-07 1.264288623076514480e-07 1.225744619628608392e-07 9.401155763125014201e-08 7.286155668400283338e-08 5.902540524670783616e-08 4.794509836396976129e-08 3.682436289050073487e-08 2.548921586960493586e-08 1.846061122962307893e-08 1.203394176592438903e-08 7.726276015267637649e-09 5.154169239273863349e-09 3.456033506139598362e-09 2.503108943417573925e-09 1.748848521217542486e-09 1.159284368391831621e-09
6.252082347794463596e-07 5.021497827703008512e-07 3.840082846578544162e-07 3.076159030933835415e-07 2.591968177297240054e-07 2.030243342984803809e-07 1.792721586607440213e-07 1.550852590627095567e-07 1.357664752313388348e-07 1.204911739705719704e-07 1.015392278375423101e-07 8.168780612538442868e-08 6.884246436652145730e-08 5.931339065727134384e-08 4.787190441372764734e-08 3.907678159531580488e-08 3.082496154221997911e-08 2.432998115555791580e-08 1.842092436295120806e-08 1.666141985324021049e-08 1.654520478317788202e-08 1.563716904992849333e-08 1.206200480992607367e-08 6.752166080204184749e-09 4.289436673569333436e-09
2.769551345383446445e-07 2.609310683251866993e-07 2.151457501742461711e-07 2.119881483327942815e-07 2.201908928366472329e-07 2.075304516324863054e-07 2.236164238884117057e-07 2.105904708525717414e-07 1.914914131409718190e-07 1.630866385248512804e-07 1.231738612807329374e-07 8.405380169222279902e-08 5.886158396511733134e-08 4.280287231365185519e-08 3.238309145172117399e-08 2.511719369170424176e-08 1.936406001155035285e-08 1.368465029987672774e-08 9.523094616617511595e-09 6.919575219394024038e-09 4.782096286858677063e-09 3.123601275932509078e-09 1.735036093321273874e-09 1.042161142989070247e-09 7.919793128619745225e-10
3.675152642612436723e-07 3.725570478715247235e-07 3.414392482247855943e-07 2.825874233450255968e-07 2.361541366731009538e-07 1.998030060192645743e-07 1.870977525300677119e-07 1.544966366353631593e-07 1.382267725533997160e-07 1.127836012288084355e-07 9.295192245027373397e-08 7.696181799246766631e-08 5.838183479016929579e-08 4.763787275028130207e-08 3.809856544558718053e-08 2.663654469590486802e-08 1.612451678405025905e-08 1.113385728101394325e-08 8.798119163076851517e-09 5.835248323820350253e-09 4.357637008747920671e-09 3.217703834515650168e-09 1.999535967320323943e-09 1.502536669604383829e-09 1.105048696314963955e-09
4.624320476221161658e-07 3.895222138748752285e-07 3.356677164895261356e-07 3.116213025129683329e-07 3.084953098162916002e-07 2.784732822783774563e-07 2.374188479721321606e-07 2.101142616764830140e-07 1.836158172436515609e-07 1.471576174784662408e-07 1.115221437576301816e-07 8.499059162658064036e-08 7.209464325891148902e-08 6.123916952564855741e-08 5.066876533114454939e-08 4.234558614350723478e-08 3.573920794738384201e-08 2.403250380552740103e-08 1.638731279259548303e-08 1.142248458891802833e-08 7.418847086991761186e-09 4.298108269323097534e-09 3.649847250227811866e-09 3.996584179034385206e-09 4.126546665746394344e-09
5.164724349837223664e-07 4.846567900569146345e-07 4.694784592588183957e-07 4.553178963268888818e-07 3.935633532301524822e-07 3.149808889796604900e-07 2.576960199027451063e-07 2.190186081174622855e-07 1.911342772512867714e-07 1.735949125694572184e-07 1.627204904089963913e-07 1.260066980985817320e-07 9.080221449153766965e-08 6.861780072534380190e-08 4.834551364813560396e-08 3.328243850247032096e-08 2.418403376736048292e-08 1.684463369909106449e-08 1.226993055738035876e-08 9.571985164535390453e-09 6.971981877769293909e-09 4.748990079765496469e-09 4.767947479636833181e-09 4.816688390864432179e-09 2.770713029037250579e-09
5.839032867152421275e-07 5.016655965859657766e-07 4.369338734294802765e-07 3.749894992260247405e-07 3.258286579057821983e-07 3.087669216929468339e-07 2.844660025975926581e-07 2.225622853571881620e-07 1.712256609756886608e-07 1.394914461613277659e-07 1.183689232383507746e-07 9.443792684656862553e-08 7.567943685243652008e-08 6.278310766530985500e-08 4.851109546558934517e-08 3.087049140022868463e-08 1.895985689316759874e-08 1.202174973766325184e-08 7.702934988193618376e-09 4.897155902331496247e-09 3.281323163694380533e-09 2.290806155689036287e-09 1.434204653392672497e-09 9.364705459677920331e-10 8.249690185751399052e-10
3.029985081379711198e-07 2.607401578230530520e-07 2.627372641160630057e-07 2.423253955139182333e-07 2.120849426617385717e-07 1.991043968403514599e-07 1.713534750144501588e-07 1.450467951609635628e-07 1.194431215681399727e-07 9.971646510911854001e-08 8.430550181780003078e-08 7.034850712222448706e-08 5.665344637993829711e-08 4.264142492619983674e-08 2.978144978998613983e-08 2.103753748579880706e-08 1.476801062798311185e-08 1.016142447657087392e-08 6.513012178276111994e-09 4.393209544498607688e-09 3.232955068169256293e-09 2.745261692184887543e-09 2.492316654727456831e-09 2.079884932378166903e-09 1.421619392739094727e-09
7.050574604649911104e-07 5.221033672717435033e-07 4.091107447995464679e-07 3.659206132112397837e-07 3.345835741916292036e-07 3.211961380279081051e-07 2.876766034758235159e-07 2.464777542433463449e-07 2.098245095355678220e-07 1.683444020829756032e-07 1.374664219141771829e-07 1.106918883429127524e-07 8.602262731841863621e-08 7.046690068687409098e-08 4.990216691413523391e-08 3.248773817063673474e-08 2.163692114892570841e-08 1.347591993742022847e-08 8.830366208300201176e-09 5.507338310669324202e-09 2.683016821090898618e-09 1.175706683865779337e-09 5.895396297922417181e-10 3.610509044448121494e-10 2.426644497895470433e-10
6.759723722693925943e-07 4.882398628526127888e-07 4.230127104068583111e-07 3.477366247453793567e-07 3.006502853141485956e-07 2.321115018167257616e-07 1.772056062810549871e-07 1.444582325266102334e-07 1.139430880473580801e-07 9.116959689859264218e-08 7.397591070036762203e-08 5.813326928002202315e-08 5.009332960115413183e-08 3.958811227495186388e-08 3.158580014388599448e-08 2.384672888054032760e-08 2.002206688924166451e-08 1.604693672820427084e-08 1.178250913865264229e-08 8.351641968911428460e-09 5.544889115758980559e-09 3.576106322221390345e-09 2.460008070169287426e-09 1.669202196435650268e-09 1.000164407782322974e-09
2.799031026054435215e-07 2.826485525419665087e-07 2.489296999901688756e-07 2.396406072401334423e-07 2.517950300954979244e-07 2.543327579485878801e-07 2.403265738982659384e-07 1.872839733090380710e-07 1.596109925476269271e-07 1.317371856795655535e-07 1.119495926175432624e-07 9.005053499432049602e-08 7.009559129956492109e-08 5.757554557789584105e-08 4.174722170651276625e-08 3.028305820544345321e-08 1.954393328769812667e-08 1.197560965384621910e-08 7.884525274576481469e-09 5.297246778108542973e-09 3.339559788074841028e-09 2.103661129253549755e-09 1.188345569995843470e-09 6.392706971102539618e-10 3.153261482627733193e-10
2.040378661627531000e-07 1.892394552733729230e-07 1.863416137397963404e-07 1.598382270732759546e-07 1.743250620848938317e-07 1.541480214869978956e-07 1.426741952550864770e-07 1.290939336762483142e-07 9.458380869533576545e-08 8.577793672786738418e-08 7.314848617725280488e-08 6.437595778953685015e-08 5.171463872583488787e-08 4.043544763314553231e-08 3.416466166467180580e-08 2.772137172741237333e-08 2.457955293726153570e-08 1.822396000145671676e-08 1.286858079288481207e-08 7.955391605598943886e-09 4.757930430550005605e-09 3.027073796436610087e-09 1.751148844095312378e-09 9.903076667322606550e-10 7.373136517991260378e-10
2.620321737716978028e-07 2.651053315093585249e-07 2.359970413885608884e-07 2.131486412134121677e-07 1.817989534847772717e-07 1.616501181576248106e-07 1.472039402879234327e-07 1.326086666707847131e-07 1.133136888799271256e-07 9.777050671988086487e-08 8.639688104584440868e-08 7.364610241724002162e-08 5.949952445510234271e-08 4.906080159918699528e-08 4.031670422542081993e-08 3.061905134374943294e-08 2.328005027741163820e-08 1.826005396052522732e-08 1.337459050960417984e-08 8.694213534623562135e-09 4.921786617615646567e-09 2.395177698695791861e-09 1.096322920360491489e-09 4.871344073539262017e-10 2.185359238850301165e-10
3.055805674111985030e-07 2.820966442853996721e-07 2.548666045264883314e-07 2.228927237958935817e-07 1.814194522731488720e-07 1.597003037944211580e-07 1.393866296310215796e-07 1.185293424905488068e-07 1.013648597490122162e-07 9.429971952648807579e-08 8.211736629162110643e-08 6.713072014874266233e-08 5.681404217794134823e-08 4.318058448117629705e-08 3.433055625436093242e-08 2.693258578027835389e-08 2.010425201083452431e-08 1.424997302777962991e-08 1.016959149985554272e-08 6.853884616695593590e-09 4.442834027931093089e-09 2.952989622960735133e-09 2.232185188087265394e-09 1.309787849088798124e-09 1.164488318404178905e-09
2.244438633322815231e-07 2.230460868080832408e-07 1.895947808905552412e-07 1.773402704925418488e-07 1.595948550019669404e-07 1.500321092830391841e-07 1.405131019954003812e-07 1.309254953393476948e-07 1.192665465849510531e-07 9.828645598893278387e-08 8.506735614177961493e-08 6.514181152702021177e-08 5.141701809104744135e-08 4.381171546596449147e-08 3.851674584431135248e-08 3.047327942368924575e-08 2.211083722916610019e-08 1.591298355856140752e-08 1.115752006356268304e-08 7.409432059435278624e-09 4.935885485120441272e-09 2.997285768670206324e-09 1.929410165954213707e-09 1.296735434488187418e-09 8.975190645247087308e-10
7.507062079531503289e-07 5.473435522413957578e-07 4.070256976487902004e-07 3.050153399931399838e-07 2.492933131372745317e-07 1.853841025838020406e-07 1.503690378722328027e-07 1.318688702702837196e-07 1.212551975712610254e-07 9.147408878891248852e-08 7.547125820135133606e-08 6.612112012623408658e-08 5.846565498218891024e-08 5.504537926453703109e-08 4.698307872479926669e-08 3.818438019820964872e-08 2.836409318605058332e-08 1.987596675657037229e-08 1.293448459095440033e-08 7.702658566494499959e-09 5.044914725249102506e-09 3.388410021077578082e-09 2.170374736250720994e-09 1.277478790507111144e-09 6.977590298095800230e-10
2.622047323034080140e-07 2.425538139133807461e-07 2.181915935924795936e-07 2.053905731060023903e-07 1.782703322621018327e-07 1.576864577941591026e-07 1.497739402145042604e-07 1.316596144170581966e-07 1.125571105891847182e-07 9.681457420794485501e-08 7.874003286472815301e-08 6.431848955920763890e-08 5.315237288048443353e-08 4.285883530636959076e-08 3.446174207368111799e-08 3.031340037979041272e-08 2.328541897351465380e-08 1.816363277957459636e-08 1.319313920419235561e-08 9.498628975743863662e-09 6.838864545755948760e-09 4.099555445398971680e-09 2.078615968539887295e-09 9.879610049301392188e-10 6.692979819055514222e-10
3.403925282226384854e-07 3.608928074935281034e-07 3.112549646954926570e-07 2.954696469804173144e-07 2.650395329401415014e-07 2.661361332826362872e-07 2.326609150494497610e-07 2.086003194301878053e-07 1.735509199257857436e-07 1.397688147079404752e-07 1.114298774676030990e-07 8.716078099262395281e-08 7.123189381944097588e-08 5.444710726327964660e-08 4.064910377915513350e-08 2.994631475544647399e-08 2.029212130272448274e-08 1.416209807530166195e-08 1.010801463012907272e-08 7.097541332631932173e-09 5.334891114139902638e-09 4.096388011472121117e-09 2.933762693471800073e-09 1.859500830017015742e-09 1.407449419127599321e-09
3.630464804514731680e-07 3.190807309666450871e-07 2.470439849254221606e-07 2.271383154384594946e-07 2.086228766293859537e-07 1.840517538712762908e-07 1.869196053842779688e-07 1.600669862592036512e-07 1.426824989413521968e-07 1.280241293145602965e-07 1.156729512698995847e-07 9.796085317609074710e-08 7.625652004163497646e-08 5.307081748833421122e-08 3.239677864583937940e-08 2.251509456654859483e-08 1.544744574469405155e-08 1.033904724730017858e-08 6.542420856751288615e-09 4.451098550088641933e-09 2.973850297942449557e-09 1.978585709199563384e-09 1.463263116578028679e-09 1.127854020525775547e-09 8.802620592561961877e-10
3.960794726164801884e-07 3.584310831631991335e-07 3.045596968789187923e-07 3.192762018665033438e-07 2.792058949798889052e-07 2.648035409030834126e-07 2.457501316442517102e-07 1.953545017568660859e-07 1.492972313016619773e-07 1.299529760363015207e-07 1.041932062040984432e-07 9.127727679253352326e-08 7.819901443054360004e-08 5.844627714432610105e-08 4.586317956990983894e-08 3.650890446936643528e-08 2.902788878195090370e-08 2.294903351856467090e-08 1.816163860245542084e-08 1.364240916513473629e-08 1.003548347481645363e-08 7.520170635711643883e-09 6.080158621625860176e-09 5.303782537376171727e-09 4.020864650034163327e-09
4.452003093059932450e-07 3.361923897080504366e-07 2.561439478082742947e-07 2.481027061248406661e-07 2.122994102783167283e-07 1.788597162599157692e-07 1.683461720506556997e-07 1.511256352740124310e-07 1.372243208513649463e-07 1.165797425854881316e-07 9.331119667969115001e-08 7.201008349705938558e-08 5.887270957955799197e-08 4.585598770746139563e-08 3.465101174523514188e-08 2.710335224092103618e-08 1.923653698994058389e-08 1.316458424455021955e-08 8.564757332710173732e-09 6.074089058070034200e-09 4.309667968847208758e-09 3.150273247760905960e-09 2.162236393562847242e-09 1.346972140100391367e-09 6.727369326209066425e-10
