2.709412325491504397e-06 2.047523727328123279e-06 1.520430468553953903e-06 1.076347211600301164e-06 8.217832019116025421e-07 5.577233648201327898e-07 4.473063068863030824e-07 2.808181410221255881e-07 1.915577656706336194e-07 1.651247784519455264e-07 2.712385699661893428e-07
1.760500141253145011e-06 1.599519492162082801e-06 1.452030847908362171e-06 1.309588146623184705e-06 1.130827490151092489e-06 6.832185336822616115e-07 5.111898154623961105e-07 3.779452460241254367e-07 2.500584142425336118e-07 1.392620048351946373e-07 4.138719319028966128e-08
1.395456231502084248e-06 1.235228297639535809e-06 1.106663155120676143e-06 9.838411751513967380e-07 9.106213875349672552e-07 6.481239557523315498e-07 4.537181263558492818e-07 3.109321681354761653e-07 2.317362157596116730e-07 1.013351088786084514e-07 9.009860322740872644e-08
2.134356772982043381e-06 1.801685707977082124e-06 1.448729537235906820e-06 1.107336561522676854e-06 8.021966245559887796e-07 6.510446760358585642e-07 4.791008350398059495e-07 2.731825531583589620e-07 1.584877732129477423e-07 9.343071378787403786e-08 1.543906491333604074e-07
1.715590567914608723e-06 1.483883335129107618e-06 1.177118544044571146e-06 9.275984776728628584e-07 7.358905315782080637e-07 5.556648382180372533e-07 3.841734834015891334e-07 2.764673344277569891e-07 2.189594017985910479e-07 2.603705916469624627e-07 1.013592623114849301e-07
1.716973069217332419e-06 1.609713606419790201e-06 1.399000975067076020e-06 1.140189555044286292e-06 8.781467176002430830e-07 6.549663232592508418e-07 4.641021751471247874e-07 3.409151840374795253e-07 2.597616037931992747e-07 1.923160629530925362e-07 1.416480396108142863e-07
1.937737145235313858e-06 1.636128374007197350e-06 1.275436153357864074e-06 1.040441618288306097e-06 8.471637601593051436e-07 6.138102790677585808e-07 4.705009321594429711e-07 2.846747074349030803e-07 2.543177483507672494e-07 1.563018230670070415e-07 2.174957752274388898e-07
1.459788619091241427e-06 1.326387932475403565e-06 1.203433278138914042e-06 9.665788506665329006e-07 7.557676670221323932e-07 5.538426412750053264e-07 4.042807146314318414e-07 2.940981581918037899e-07 1.975833615344332038e-07 1.173617755358221568e-07 6.773512047982779562e-08
1.641849044103629956e-06 1.350714672892139050e-06 1.128934171514902303e-06 9.799521164683735218e-07 7.001181769095435017e-07 4.611558440354706629e-07 3.321642536972881633e-07 2.445177817773676828e-07 1.957781357868942776e-07 9.189960927230523066e-08 1.109606720555057231e-07
1.489280702043074760e-06 1.201587123816574960e-06 9.953701947501562151e-07 8.045865615538880254e-07 6.442621709751927480e-07 4.840999670388246417e-07 4.716530894385707374e-07 3.333729922609511849e-07 2.061384378269305125e-07 8.200962084920405395e-08 5.484112739679771131e-08
1.332158963572861123e-06 1.130254778060098967e-06 1.025434841661560289e-06 8.627899690061695286e-07 7.304253455301898558e-07 5.131047812113211553e-07 3.439901236390836800e-07 2.408860887996373564e-07 3.295773271357472029e-07 1.119360207904333292e-07 5.697022171180388004e-08
