9.952740913435986585e-07 9.225712716232811872e-07 7.020997532267908194e-07 5.539925566107106561e-07 4.152494640764905995e-07 2.869454885366957484e-07 5.780644132913946829e-07 1.481439145958722055e-07 1.332958086491306040e-07 1.650873019564071167e-07
1.783143294199467209e-06 8.794926045858066816e-07 4.933784788107536520e-07 4.520570320766435310e-07 3.803165772579952021e-07 3.446990764251292172e-07 2.446170279974086036e-07 1.931110191100177518e-07 2.462704960177299814e-07 2.284553021603113881e-07
7.565561640745671702e-07 5.828735103073001698e-07 4.973631112250063719e-07 3.956539612167033156e-07 3.287315251937198555e-07 2.610111645951031337e-07 2.082720524816112379e-07 2.021454985208304953e-07 1.452686201640636644e-07 1.093326706395449189e-07
7.797922522503408917e-07 5.911243920494806065e-07 5.224510748000720126e-07 4.507185099310542148e-07 3.850010787320244144e-07 3.022457754941301394e-07 3.356145333448306114e-07 2.469576562947959502e-07 9.900654876923184204e-08 5.924313143004459815e-08
1.169555766293528725e-06 9.555639669087072708e-07 8.009167772349953246e-07 6.588327213882134651e-07 4.942403060471131989e-07 3.214435453949683334e-07 2.151799513002580187e-07 1.375725064654751425e-07 7.843783493414190557e-08 1.739563296034383436e-07
8.993801424515082487e-07 7.428014211156677228e-07 6.072212188778052091e-07 5.004038554803501763e-07 4.271717997607848172e-07 3.101962092253716156e-07 1.954307662901581469e-07 1.889141936286941962e-07 1.983595502448960380e-07 5.638200429248325884e-08
9.208560411519408102e-07 6.042348542667636931e-07 5.328307147870655921e-07 5.019974823809506261e-07 7.165218349148224188e-07 5.796464495988873020e-07 3.201566837902507843e-07 1.795693025750806797e-07 6.543751473919584997e-08 2.870591485922045250e-08
1.060942946266241953e-06 8.765198593993904685e-07 7.251938581049651860e-07 5.766066791525258546e-07 4.331270681609204506e-07 3.378916517469638101e-07 2.634928519796474475e-07 1.365259421675338417e-07 5.967189404507090688e-08 1.241599090397055517e-07
1.505625888644135657e-06 8.905827293401976785e-07 1.348563588589690090e-06 7.326366318596140162e-07 4.541824089217184970e-07 2.877717711128937232e-07 2.034914200065606875e-07 3.209813896567858688e-07 1.242893998787214029e-07 7.666742072849829214e-08
7.645799723603926525e-07 6.160897901158099832e-07 5.407688394820727230e-07 4.367638034196184075e-07 3.840851264779298122e-07 2.880190442523788472e-07 1.889074633023344055e-07 1.522870182918014787e-07 3.795973424905374568e-07 4.106438627793282505e-08
8.029226073653690645e-07 6.750512322885244311e-07 5.615017670724893934e-07 4.852477270342765059e-07 4.013774808316026827e-07 3.856246409456626066e-07 2.943927552836001493e-07 2.159908019383484039e-07 5.687326524046484272e-08 4.302970387520165339e-08
1.181263751194898607e-06 8.579969341774836595e-07 7.222531997995222434e-07 5.901780002878566354e-07 4.612481763143540754e-07 5.224893848683841110e-07 1.836817555786029930e-07 1.048816418042961849e-07 4.377706419848408843e-08 4.908576480268955269e-08
9.035378745336390883e-07 7.477645160268041365e-07 6.638468960186351171e-07 4.803385046004788068e-07 4.004313630992842397e-07 2.932632011001536900e-07 1.975664653265612209e-07 1.455109229908318184e-07 1.193180415243881450e-07 6.491165464089323357e-08
7.726198031834974781e-07 7.490311226605818030e-07 6.118045143207951755e-07 5.265555666951991490e-07 3.641626480152281405e-07 2.823068357209134985e-07 1.986080188214786116e-07 1.018540600063456657e-07 8.434634270437607139e-08 4.786526271376435305e-08
2.086573881743124106e-06 1.331313741164208394e-06 7.603871455543386093e-07 5.123201813570421675e-07 3.831819974014261310e-07 3.581532616735452321e-07 1.994700756781282839e-07 1.264978043007865108e-07 9.072856139302958769e-08 4.087702158879031597e-08
6.309332384219949300e-07 4.897873536206453136e-07 4.415052252381231737e-07 4.034523929529907581e-07 9.659775162315772333e-07 2.549439921392323713e-07 1.657937672853371937e-07 1.159679818992570883e-07 3.428295610751966228e-07 1.444653037303340724e-07
9.021198147823141188e-07 6.758007644922406723e-07 6.093504558579409281e-07 5.455421243875971172e-07 5.129029360074157236e-07 3.048716336235618303e-07 2.005990646587903856e-07 1.222991298617416151e-07 8.009515212210337180e-08 3.144372311377783422e-08
7.478115408396724413e-07 6.423445078842584147e-07 5.528652887757466613e-07 4.622422779542919252e-07 3.821307911206603250e-07 3.015100502167922866e-07 3.674727210575465894e-07 2.086841048828998141e-07 8.821824808415289788e-08 1.149595714229181613e-07
8.454825220394549149e-07 5.915500053905399901e-07 5.340298373709969526e-07 4.421573317116968714e-07 3.496885754551186597e-07 2.484027090077334182e-07 1.642710112647694390e-07 1.108336659517910580e-07 1.337287438777134468e-07 1.118476571519405020e-07
8.421727152785126703e-07 8.269366530001414019e-07 1.664708189217827311e-06 4.770813371146036774e-07 3.700982501227770188e-07 3.491648454911043927e-07 2.139458810933930527e-07 1.924604586709446819e-07 1.437835610059250828e-07 2.839208159506014216e-07
7.105775422547091383e-07 5.580290054423736159e-07 4.540355975643748472e-07 3.781092968901741645e-07 3.026381372856307666e-07 2.692336464441950628e-07 1.930421510039500398e-07 2.049029196797298210e-07 9.796316496120827805e-08 6.316304960421709626e-08
5.363887081365353311e-07 6.449041010376221443e-07 4.985230820998578288e-07 4.484875832635357016e-07 4.931360786849683280e-07 3.203155765874254932e-07 2.605719351662539739e-07 2.382184031595422047e-07 1.245862826541852953e-07 7.987662764589191578e-08
8.119090707105736998e-07 7.035801935759212752e-07 5.911892947470042541e-07 5.456264466983577223e-07 5.817194338780186350e-07 3.711609627048042489e-07 4.959356271731892780e-07 3.058386477763201551e-07 1.668935542192556254e-07 9.108684541361601557e-08
6.472349553442465584e-07 5.743488935221401848e-07 5.449514219227747780e-07 4.663380217820110983e-07 3.453027876535328762e-07 2.616871748130796069e-07 1.974429065928798178e-07 1.349264411879299145e-07 9.320253078980851961e-08 6.486707952708700685e-08
1.025142632089514864e-06 8.173398226660077407e-07 5.225523425762786566e-07 4.384105747901351342e-07 4.240869066825246773e-07 3.812850741532296561e-07 2.017509000335831349e-07 1.425790024557701943e-07 1.012919124308893956e-07 8.496956902340277664e-08
7.614461949655660929e-07 6.706748842763862597e-07 5.611887302451086868e-07 8.413248019362746089e-07 4.444540312223909858e-07 3.216977857951929831e-07 5.023759513485449049e-07 1.193559179414314772e-07 3.934869384733370144e-07 4.560655284428898616e-08
1.178804054561419508e-06 7.988496146297044754e-07 6.395557922359258068e-07 5.791078403000472886e-07 3.810080458956496182e-07 2.780978598367494358e-07 2.088376386429010153e-07 1.155223036442489131e-07 1.342246874940705349e-07 2.722522272027063046e-08
7.256699191367430233e-07 6.631846986336899469e-07 5.416408697910015596e-07 5.732925951332051528e-07 3.870816825157646707e-07 2.917970601048347614e-07 1.798857053954478553e-07 1.149153061665149830e-07 1.074362872060541768e-07 4.563840767101723316e-08
6.646668751851356490e-07 5.156176851619480150e-07 4.867638165460113853e-07 5.070055017427307100e-07 5.058890714269310262e-07 2.945885571723460050e-07 8.736925954204090542e-07 1.565423594868095069e-07 3.521908248780624678e-07 1.196768355381208558e-07
7.701379089322218245e-07 8.917902726269339250e-07 8.188453945984422481e-07 5.311166630614318840e-07 4.732071144885152939e-07 4.414237807112118415e-07 2.237181888447740814e-07 1.029151597726282759e-07 7.310800157496913988e-08 3.712597531447475226e-08
8.178510294877007741e-07 5.585199288654374955e-07 6.607144396551339808e-07 5.287529668246822681e-07 3.775951835186722503e-07 2.681216021138107176e-07 1.805592823915746093e-07 1.625998590881968076e-07 1.408024942670312769e-07 6.779816200210583115e-08
6.356612200415297549e-07 5.399136692572824893e-07 4.726804980554032882e-07 3.860920182180301449e-07 3.038839620636766723e-07 2.400572263337303354e-07 1.865999220122592120e-07 2.409089152758769761e-07 6.445608312688717820e-08 1.178265371356844094e-07
7.760849533214280583e-07 7.296576899919520440e-07 6.173114389150471405e-07 4.929475978347554647e-07 3.848437655189624716e-07 2.689342942857456373e-07 2.040605816333423954e-07 1.264174410542833750e-07 7.251677964331256919e-08 3.875849744009994107e-08
8.070812169265460627e-07 6.892592989949071788e-07 5.644548485108120718e-07 4.613017363634247591e-07 3.538456275016780016e-07 2.707768897828836326e-07 2.027084690425936060e-07 1.164073009831167521e-07 5.370202018830832800e-08 2.856033975960646262e-08
1.191587271199955936e-06 8.380396856937429869e-07 5.880296999566997575e-07 4.775997710731279591e-07 3.756990133309349542e-07 2.758126514228039741e-07 1.770792971852933929e-07 1.328972153929702565e-07 8.728066471919334620e-08 4.292794625948671861e-08
5.320489996820975518e-07 5.074057356340377800e-07 4.435514539259142152e-07 4.116383182090374465e-07 3.961339658859794932e-07 1.211769685194321666e-06 4.615354385685129604e-07 1.922527846680292413e-07 6.961820500053586507e-08 8.701519105109237223e-08
6.843941295799614988e-07 6.080378491231390192e-07 8.650746099588149258e-07 5.546191405839801188e-07 4.869554570101939872e-07 7.092984851184244593e-07 2.942040220285061583e-07 1.538376401713189204e-07 4.322262497428231838e-08 2.302815949703192279e-08
6.684748039676000492e-07 8.836497363484713629e-07 5.094539206393647989e-07 5.176336193216513475e-07 4.143147244217910072e-07 3.011361743243659731e-07 2.444445590199691768e-07 1.213926177822592203e-07 7.199106459838234242e-08 2.190961941598361438e-08
1.123318921927600636e-06 8.481628711960770940e-07 5.473066695934540293e-07 4.114685243897752443e-07 3.914256736429417670e-07 4.458106338429139977e-07 1.940375026298918957e-07 1.479962378274243297e-07 1.668583581195549146e-07 7.666698180558466528e-08
7.153859789709140807e-07 5.643103379483632409e-07 4.284550541617787581e-07 3.808172253998402983e-07 3.152319615838788332e-07 2.432860717832115475e-07 1.843172790111265999e-07 2.052667442286224564e-07 7.775503089594160908e-08 8.833110053884239573e-08
5.052060180523252122e-07 4.575249817096956071e-07 4.111413983966076695e-07 3.527039987623072846e-07 4.746851612904854959e-07 5.668961879178179682e-07 2.136398468611449626e-07 1.820022894647838728e-07 5.107470172873007870e-07 1.070648545740106166e-07
4.253741397821276115e-06 2.860713103920476823e-06 9.148963629052241687e-07 6.452469655548979404e-07 3.702364618315727286e-07 3.335792379113825547e-07 2.131681142996935545e-07 3.809802290518365612e-07 2.742780641529372083e-07 3.952533216413866078e-07
8.638757518294543890e-07 8.284831504633607540e-07 7.964977784339698181e-07 7.697004572813248214e-07 1.357712917746858906e-06 3.859213620368277433e-07 2.185580378354944983e-07 1.128261394907064310e-07 9.644452634301883197e-08 1.795200910620262918e-08
2.246256949538274610e-06 8.365713095328209567e-07 4.479112257008998474e-07 3.830235267377128934e-07 5.199897076819904126e-07 3.007982498384369339e-07 1.839878799601823122e-07 1.188495701572240826e-07 2.722081744201919427e-07 4.364178951066048407e-08
6.256103036665782844e-07 5.138333937370220706e-07 4.401946560667995344e-07 1.554043220556038317e-06 6.002300758514206072e-07 2.675401744712417192e-07 1.819476978248489907e-07 1.047470629012717009e-07 1.624869214892249973e-07 4.137658228213547764e-08
