1.534682382389290347e-06 1.248801761444801506e-06 1.042328382677344717e-06 8.573872833357186175e-07 6.364910150147592114e-07 4.885148654252033304e-07 3.055574300514234620e-07 5.098740316779699456e-07 1.996829765286753438e-07 1.631773877717519215e-07 2.692130298786607763e-07
1.009934143935437497e-06 1.053066385904870112e-06 1.873842696823199176e-06 1.159834909808700680e-06 5.412118640499585845e-07 4.642223721101274507e-07 6.391379761085807906e-07 3.580412212064914164e-07 2.977377147828096755e-07 4.093487510255884071e-07 2.202929929145866803e-07
9.946640600267182230e-07 1.016179413151767630e-06 7.074190196151877006e-07 5.582054121471440757e-07 4.778749682793848699e-07 3.802374187419666360e-07 2.849677091668766519e-07 2.149476693106626647e-07 2.332522884906641260e-07 4.425507590578380063e-07 1.773202497027465018e-07
8.130812578852002312e-07 6.795348112662099408e-07 6.471377020067428970e-07 5.855188864915966941e-07 4.727203699175201991e-07 3.859912998571671981e-07 3.417189232268262411e-07 3.879413763268970997e-07 2.652323597711427996e-07 1.043651048595626443e-07 5.344988214140776412e-08
1.079117210589529778e-06 1.019164197721750799e-06 1.163759744113349801e-06 6.018338584977944889e-07 4.756856299237443996e-07 3.964241982621465662e-07 3.297288641107012608e-07 3.448172208852469583e-07 1.922247734441131777e-07 1.160206694658010010e-07 6.356532699526140200e-08
1.266846722172662543e-06 1.104478829750645615e-06 9.908867355668276347e-07 8.269443906911706876e-07 9.133443202143851493e-07 5.449555070773318164e-07 3.859038044527196976e-07 2.388550115532166109e-07 1.603683721947310977e-07 1.055329422637561840e-07 1.749789059400020602e-07
1.387091264441155611e-06 9.428895963228818240e-07 8.941588381581462669e-07 2.453256167942173598e-06 1.195983770961145289e-06 4.875532305687219145e-07 3.988293757482037779e-07 2.674123514975448126e-07 1.559052492755636095e-07 6.123233840255154513e-08 5.902571433854971536e-08
1.025382482123520424e-06 1.012154573728930600e-06 8.776233758213375215e-07 7.452158528531405709e-07 5.870633594666602284e-07 4.376673938814323784e-07 3.232392174853122320e-07 2.011608515755345348e-07 1.868195193425456066e-07 1.737611833257117948e-07 8.740449075668064128e-08
1.284341896352696969e-06 1.069023931376417146e-06 9.299098022120002400e-07 7.879661081870098377e-07 6.279626298387051580e-07 4.896306064204359196e-07 3.753494143318291552e-07 3.347994073884887759e-07 1.556059866128367012e-07 8.004856416898671023e-08 1.227003425217332559e-07
2.181447913938847549e-06 9.928195439589280135e-07 5.565054576294241308e-07 4.576995428901804964e-07 4.036083869509343701e-07 3.253906527489420454e-07 5.180108262113019471e-07 2.079340316246014014e-07 1.341999704024618494e-07 2.403330227332752437e-07 1.479718009265739854e-07
2.849837413258986564e-06 6.891095197678626935e-06 5.323662275659499860e-06 1.072722036771863234e-06 1.111161762502407261e-06 6.456418278640546167e-07 3.380807336585069507e-07 2.233734083760936355e-07 3.812600211031131695e-07 1.467679984171924731e-07 1.055398110567220841e-07
1.356806885790498965e-06 9.095301471683918666e-07 7.388405999526520459e-07 6.013525803049531527e-07 5.366397087676324156e-07 4.088220381497865653e-07 3.058404514728846632e-07 2.346043206689899275e-07 1.961633405395358438e-07 2.999352266667258028e-07 5.530601658661891865e-08
9.916291547549317143e-07 8.384692420427326201e-07 7.457807159737013757e-07 6.081062935755209929e-07 5.048880439781616528e-07 4.400839868998983521e-07 7.307579669680306975e-07 2.739597884348986092e-07 2.636652748531136249e-07 7.339376442581073466e-08 9.306261237068373288e-08
1.237687539513601426e-06 1.039497245058920481e-06 8.753651392945524037e-07 7.064338403493091479e-07 5.721773445049961523e-07 6.062843631385926404e-07 5.837733033563328474e-07 2.520005536000623076e-07 1.382442227279794108e-07 6.281522595698528092e-08 4.664601262230784382e-08
1.402290490862895462e-06 1.361729412943972469e-06 1.061148986331311561e-06 7.454266918173126118e-07 5.522273935679042858e-07 4.503495889706794754e-07 3.083697397023083758e-07 2.170769322505653925e-07 1.743111023199139724e-07 2.061752356975563652e-07 9.163608752788268405e-08
1.288323179710465494e-05 2.784584511944572837e-06 1.286480530540337755e-06 1.141981665455842762e-06 6.576848251633517629e-07 5.227572904276184096e-07 3.416456939854488632e-07 2.492806537543370025e-07 1.892129537805847774e-07 1.239326288438497471e-07 6.407560999824898331e-08
1.402674955784164283e-06 9.542466407764955367e-07 7.882989449459950016e-07 6.855525379499236664e-07 5.340711792532026648e-07 4.013262632727465721e-07 3.120105198439945633e-07 2.318554136477896188e-07 1.263013731636943220e-07 1.095266861648276198e-07 8.651302535666132764e-08
5.304568634909312249e-06 9.582013821760758369e-07 7.579483468945219716e-07 5.671278130296524309e-07 5.748708920053638015e-07 3.711040431278705118e-07 2.682670039305562063e-07 1.940163516642037024e-07 1.405793853617190125e-07 1.793847572441843851e-07 2.146167068061052823e-07
1.083639708903132291e-06 1.038357862741642053e-06 8.833783813469449233e-07 7.818837686297647288e-07 6.102971880656589989e-07 5.495938442772097508e-07 3.330748621787715036e-07 2.367721759375985806e-07 1.774748349091174176e-07 7.749572721091967111e-08 5.416355336595508007e-08
1.053566703405820031e-06 8.682801594316927085e-07 7.174704586870903616e-07 6.188281820840130284e-07 5.051417417452890947e-07 4.292371298972979062e-07 3.546929172334204709e-07 3.454370089779867827e-07 2.619838188072425159e-07 8.841840353467731638e-08 1.076823941851321772e-07
2.404943141631628392e-06 2.018452218473746293e-06 1.268753185409762076e-06 2.352555429441499968e-06 4.637075154749173443e-07 3.646240103079446312e-07 4.209286651274196154e-07 2.987294539732057606e-07 2.232493401758063257e-07 1.164696401675660938e-07 2.491295469552208680e-07
1.022862359385296570e-06 7.802629607453587823e-07 6.721895734880311339e-07 5.773982634997365424e-07 4.791813954810064639e-07 4.303357266236893990e-07 3.166063889695374704e-07 2.499159853558270511e-07 1.743587891742904577e-07 1.306224786761247306e-07 8.423720331332113707e-08
1.674462230244889947e-06 1.913189546493738617e-06 1.022033200894320959e-06 7.496778638526076456e-07 5.514199257472416561e-07 6.097227266861560045e-07 4.089432706426938302e-07 3.303559980601010007e-07 3.162257072466715169e-07 1.732660152080809617e-07 6.220954537010595393e-08
9.369416893126952455e-07 9.953382264707152551e-07 8.464784870399239030e-07 5.164049861007073732e-07 4.680199467216443248e-07 4.421644333258223640e-07 5.006859822642080009e-07 3.584721680897019366e-07 2.515046305902670943e-07 1.774853847490695312e-07 2.171638243707922147e-07
2.223065803092327442e-05 2.153270351432913365e-06 8.481839195640372187e-07 7.005783555392820074e-07 5.624946550217583718e-07 4.719270893507950355e-07 4.352818703925009573e-07 2.352272101964632438e-07 1.629278288426054792e-07 2.267648602642963564e-07 1.312025974611157972e-07
1.422877574151027808e-06 1.180931626350311171e-06 8.602643912987205108e-07 6.779017658698106679e-07 5.793059705207464954e-07 4.117161759629129093e-07 2.886526813324902549e-07 2.740430613478707376e-07 1.450676520836101398e-07 1.800612743769232308e-07 3.656881892623422331e-08
1.148786075066857695e-06 9.054209856316464880e-07 7.718130543886301392e-07 1.665949886992178312e-06 6.988388561929776194e-07 4.461602726921729842e-07 4.427148932352052600e-07 6.165042498142475868e-07 1.449584526981539815e-07 3.161466688529742666e-07 7.365364870111622183e-08
1.811467894381963517e-06 1.648279963731746904e-06 9.312840461870507336e-07 6.716711067049718309e-07 5.044121454428559304e-07 4.497623202489502065e-07 3.169628020110685506e-07 2.286698192706333007e-07 1.197126805677659846e-07 1.062645129717677161e-07 2.965788069071666577e-07
8.801676051985868417e-07 8.842492182648621890e-07 6.900023095950696259e-07 6.311551396625331743e-07 4.646901664337376010e-07 4.025905144079010694e-07 3.148717902104597300e-07 2.602632378477353149e-07 2.931972286973367696e-07 5.662112782335717865e-07 1.463048219039493242e-07
8.293604177003083520e-07 5.836850921294125968e-07 5.229365363943346835e-07 1.583560400772221828e-06 7.717269189674701064e-07 3.629643443986014733e-07 4.353505433035151472e-07 3.797735669152553470e-07 1.917298743977080446e-07 9.104342257108376004e-08 3.823123727750532672e-07
1.021835356746860540e-06 8.878257379622701626e-07 8.200954733335384742e-07 7.145889206248996635e-07 5.574257067854851215e-07 4.284016798727561207e-07 3.236170436205947319e-07 2.300180657969155294e-07 1.379059728272477616e-07 7.816853192798721733e-08 2.724025110962941138e-08
1.677652651404239829e-06 1.156924429520502261e-06 1.008786512521011841e-06 9.780123275829288466e-07 7.539781086339289850e-07 7.556865646653812151e-07 4.629391491719244196e-07 2.294478086333572356e-07 1.241073756054165323e-07 1.072902759006963307e-07 6.901266851844052849e-08
7.437755008913639404e-07 7.297913873889739151e-07 1.847437874945861200e-06 1.997498153714881312e-06 5.644792088626414568e-07 4.270688011670779539e-07 2.941081143027913216e-07 2.040727286438731765e-07 1.584350862054437351e-07 3.072186572695218268e-07 6.764399639828218965e-08
1.623587056027997254e-06 1.244736089921052048e-06 1.064880179324163907e-06 6.210356017092735585e-07 4.934250785631869437e-07 4.037142120432638349e-07 3.549340234465685790e-07 2.039933847693118069e-07 2.559157793402826942e-07 6.972483333223549197e-08 1.196829981182736123e-07
1.118813673196362705e-06 9.252492921266102790e-07 8.347246360871728539e-07 6.888005709308284643e-07 5.441855666969859978e-07 3.938399351349357505e-07 2.934831332573856130e-07 2.389231419638059516e-07 1.714462659321674286e-07 6.705140611855106189e-08 3.021391867469315096e-08
1.235109353059206527e-06 9.881114305020159644e-07 8.971988430247467017e-07 7.018175712547799903e-07 5.427123738965799270e-07 4.036063463934985579e-07 3.319099891337618270e-07 2.446960433836757562e-07 1.861526860262791031e-07 1.166980121325932746e-07 3.304787084693273675e-08
6.049602317251100483e-07 6.764109120919277243e-07 5.912745051011588254e-07 5.360761700732280067e-07 6.386392363678576619e-07 6.653346778449677896e-07 7.415612538697823167e-07 6.661794805350734326e-07 1.592371475128096172e-07 1.075169741942435881e-07 9.204452205887936567e-08
2.372751542368579343e-06 1.882061082299435478e-06 2.163656589395561952e-06 7.073626683148595033e-07 5.770688555353361988e-07 5.007621625762005148e-07 3.920483443437124124e-07 3.703378747211322299e-07 1.369141415300618492e-07 6.067508008330562887e-08 3.323975041475130215e-08
9.859955180713059950e-07 8.849345549584962093e-07 6.899029398414698706e-07 5.756236331382250952e-07 5.019287452726268671e-07 3.825695655674774795e-07 2.926319605821004271e-07 2.003556864411139240e-07 1.830451830452428465e-07 1.476774542833957161e-07 1.567868575611170524e-07
3.405069765281669509e-06 2.566886490419168075e-06 1.107066525269955720e-06 1.422649716507736615e-06 8.563478584069035377e-07 1.143530016174730802e-06 4.228751978128463068e-07 5.303757204065038706e-07 1.370866428286371257e-07 9.024354059122241571e-08 3.049033103973477218e-08
2.488728535058111812e-06 9.203655643226683380e-07 7.661789964019606564e-07 6.027959195597231739e-07 4.337930913091955713e-07 3.421950219049213739e-07 4.050625624926089824e-07 2.537559213940650758e-07 1.881641918774583919e-07 1.394594440498907444e-07 7.346772159722550099e-08
6.576224640946297000e-06 3.239580040293065235e-06 1.438363546494017113e-06 1.390776416118850249e-06 6.674676894677814246e-07 5.731447059894742726e-07 3.611794206730161917e-07 5.642655209451325024e-07 3.637176361592062263e-07 2.407594880926104421e-07 2.573021366464693895e-07
1.696645273101056954e-06 2.371420104477396606e-06 1.578285847191394297e-06 1.333958505721755284e-06 2.204713668581381251e-06 1.334141297661008048e-06 7.093154930442106836e-07 2.237139860567971221e-07 1.103580726932730658e-07 1.096424849889111566e-07 2.994564140225023942e-08
1.564477581436299623e-05 1.427015764600665648e-06 8.572418473118901259e-07 7.115502737578096994e-07 4.162184952247651134e-07 3.130931032155939060e-07 2.310314620944084205e-07 1.837761598937815543e-07 1.186211047228832163e-07 1.572961808120056457e-07 7.916906057401678972e-08
1.163323331422614361e-06 8.911021871231033458e-07 6.698776800604099286e-07 5.780393787127950865e-07 4.882015442815759134e-07 9.377051532380561653e-07 3.733453545041827822e-07 2.227208902853644447e-07 4.063157422634124904e-07 1.062578080747220993e-07 6.133049675568086068e-08
7.332290609786285656e-06 8.093949847089370870e-07 5.889700404785106687e-07 5.097031279465350513e-07 9.912183831817023466e-07 3.966434982344673689e-07 2.981382006756834530e-07 1.957635872545429720e-07 1.275809958503479078e-07 2.549753365464702870e-07 7.538854354663752756e-08
