1.009985249595428617e-06 9.899881422580244695e-07 9.675987335215575911e-07 8.100479017597707529e-07 6.925960385826014064e-07 5.907044246226345134e-07 5.131550603872078215e-07 4.336022924076656492e-07 3.574402107694233125e-07 2.846719704783153430e-07 2.263839712935046965e-07 1.788135942798649386e-07 1.336578698090130986e-07 1.022469619926005420e-07 7.492481029020294064e-08 5.857196022311074525e-08 4.355418127797110230e-08 3.146862632552269129e-08 2.238879911829761233e-08 1.350046327399551833e-08 7.850011812673725118e-09 5.259796573797001992e-09 3.135343972554055959e-09 1.880649434672112409e-09 1.416751792356703745e-09
8.235841099888360000e-07 6.906706224136656489e-07 6.087483622214929571e-07 5.243331291327785610e-07 4.697642936890143992e-07 4.039778045995891294e-07 3.742688689754591286e-07 3.224261480947006250e-07 2.824580287603062458e-07 2.375288744169204975e-07 2.013389481275353922e-07 1.648113971900205822e-07 1.377862504985825392e-07 1.170240312639372625e-07 9.219815310613267434e-08 6.925243884263270803e-08 4.762314080696885196e-08 2.862073641237809348e-08 1.575851888319587833e-08 7.932329066786440378e-09 3.922165302854089988e-09 2.044761213918764525e-09 9.870981217179897504e-10 5.974904163629631344e-10 6.345842184578122990e-10
8.527077861043794261e-07 7.109574048624854897e-07 5.956255530683132162e-07 5.469496902599183575e-07 4.970152455913126377e-07 4.254449042114066964e-07 3.567007725441216890e-07 3.317274808735604680e-07 2.890664477883355850e-07 2.464044079404007882e-07 2.179013433657223704e-07 1.845071504516287698e-07 1.657155091875292750e-07 1.321028812871230134e-07 1.070975882890773877e-07 8.733734415775386483e-08 6.756698360010830130e-08 5.207257739896247077e-08 4.039316601316235906e-08 2.760328184170083778e-08 1.549833155945409853e-08 7.873695770557418186e-09 3.874032478929997619e-09 2.808895168291050107e-09 3.756741488687884562e-09
6.006792502166210880e-07 5.793017200088512808e-07 5.698297699857195810e-07 5.288189452232527165e-07 5.228515158790599941e-07 4.717929055865486845e-07 4.327032768546145031e-07 3.959542448043633298e-07 3.530285109599078963e-07 2.999059730691287348e-07 2.412790600190619260e-07 1.939355599722918738e-07 1.547227951807314458e-07 1.120047484542802488e-07 6.623632791829633712e-08 3.452038590542610266e-08 1.947683803991056221e-08 9.556817889711685368e-09 4.876065289242307113e-09 3.525919636915778307e-09 3.080391782813127958e-09 2.733632511222669739e-09 2.032962141244108177e-09 1.290863479070716782e-09 9.774563345217603213e-10
1.196716510009015691e-06 1.075458705529794052e-06 9.575075807819358301e-07 8.584131718077640069e-07 7.513900652217903672e-07 6.841797094141791324e-07 6.062832384317173340e-07 5.193501971900420343e-07 4.157729838355898941e-07 3.181856891192432317e-07 2.524929686206867115e-07 1.927448880786296322e-07 1.374242153857545927e-07 9.394095251529850723e-08 6.163023458628827232e-08 4.293030707959725095e-08 2.821431176949257698e-08 1.654063217115860183e-08 7.844385188541213549e-09 3.396668694580768420e-09 1.974631854869919155e-09 2.597306444027192361e-09 2.730063898349867304e-09 1.471963047284633531e-09 8.801962927295351726e-10
9.398050168616569402e-07 8.375879104194201298e-07 7.678549104631794336e-07 6.560355192876063723e-07 6.044442333235259621e-07 5.336977081371411111e-07 4.816884533797244671e-07 4.326838649680376602e-07 3.958601514040955079e-07 3.057775431388647090e-07 2.399641632620927458e-07 1.783599642930595482e-07 1.305111519907553156e-07 9.264171245932734995e-08 6.548902271909931309e-08 4.385334981199429557e-08 2.694113652262137971e-08 1.879102612861793062e-08 1.444662700073366832e-08 1.101974516837345594e-08 5.752914963380229225e-09 2.596751877327440086e-09 1.505841833365164423e-09 1.034399178557771862e-09 8.397738753634169228e-10
6.497184836462398961e-07 5.992156285911945444e-07 5.393427870244487151e-07 5.117080590940153839e-07 4.807109675382021755e-07 4.790981751802815852e-07 4.501437097896433819e-07 4.292480737182965986e-07 3.807706382279569735e-07 3.335295370854950695e-07 2.840124759648831739e-07 2.204368450649285933e-07 1.521152160361315389e-07 1.046223822796476808e-07 5.768275259131677903e-08 2.877655570452872040e-08 1.717623343386907830e-08 1.009478709250768458e-08 5.377807315311037896e-09 2.898756449886393911e-09 2.031506092698548435e-09 1.566909342086405389e-09 1.285444738097969816e-09 6.018587447713674038e-10 3.384086703387779128e-10
1.073620985354422912e-06 1.022480761488552446e-06 8.794188464342611581e-07 8.026164822270240139e-07 7.129387391328151981e-07 6.285844439250277456e-07 5.338282225489001854e-07 4.627122803890572718e-07 3.906652626327984712e-07 3.396954023303003401e-07 2.675570997125249689e-07 2.071265549760580045e-07 1.535542585849890735e-07 1.016946395839624727e-07 6.396068629099493835e-08 3.880136616758899773e-08 2.230172457966155277e-08 1.142990162003883135e-08 6.238167015640682214e-09 3.942244860253554809e-09 2.403773852951353801e-09 1.543026928616684323e-09 9.411713312252547660e-10 4.309871878926038144e-10 1.562814705245103256e-10
8.984142696687147608e-07 8.178983200919679577e-07 7.158935084538607474e-07 6.832736679940846076e-07 6.145165050226907956e-07 5.317855445993110762e-07 4.705017429806529808e-07 4.079766997163688716e-07 3.460922933876101155e-07 2.725515501099381001e-07 2.222965898524141608e-07 1.800896963919972153e-07 1.356008302472614539e-07 1.053879587977990880e-07 7.823330037145365919e-08 5.534154701169050856e-08 3.736838196598426544e-08 2.278861000116600822e-08 1.121503516608298378e-08 5.347854029447129288e-09 2.607126531411649396e-09 1.119510691229631864e-09 8.121562714852786274e-10 8.426803023491840703e-10 9.450736817192508343e-10
8.254290588230745387e-07 6.953164399470167775e-07 6.296611060567494374e-07 5.661874012212444880e-07 5.270082125143404595e-07 4.626530523533148962e-07 4.250398689322892988e-07 3.945747815239819373e-07 3.419604015160198284e-07 2.750287123829705233e-07 2.156936922935266617e-07 1.661751464565608081e-07 1.297903727667616720e-07 1.022885468488390245e-07 7.083903887504245618e-08 4.383853785304017869e-08 2.767453286045449635e-08 1.653024667607397020e-08 9.744033355320970956e-09 5.792936696530111166e-09 3.201832403626826992e-09 1.323920070291770400e-09 7.750326164094036051e-10 5.599805723836975583e-10 1.265905603418086758e-09
8.184927641125432427e-07 7.633221422520403939e-07 6.954549249373085723e-07 6.085502620050955159e-07 5.469154901224763863e-07 5.296193929140178134e-07 4.575695002082336002e-07 4.046979062882781262e-07 3.625733527471555138e-07 2.949974501396739287e-07 2.384344496459134876e-07 1.763596279490124542e-07 1.274393452859876396e-07 8.347972602224294201e-08 5.421595317257481242e-08 3.460022362543330635e-08 1.982178824919529214e-08 1.041581387996362985e-08 5.372384626509646636e-09 2.643648208017588202e-09 1.303804694100602501e-09 6.331239926769800818e-10 3.890152981854579043e-10 4.384194599932906815e-10 1.764690534897742370e-10
1.061875589285018980e-06 9.501177881055500032e-07 8.390142771392172205e-07 7.534005737738284661e-07 7.033019069880896979e-07 6.203749726048365541e-07 5.329682462887512328e-07 4.559121263547500445e-07 3.960697387611257290e-07 3.101599955618710480e-07 2.268925925587721980e-07 1.543348568480093304e-07 1.030407191373026403e-07 6.574005542658030367e-08 4.143388511457775507e-08 2.578244268776428087e-08 1.518300831999209716e-08 7.387743280867530586e-09 3.522224363562323460e-09 1.987696332023580385e-09 1.434426271811937590e-09 8.685197115688736245e-10 5.590162831474779333e-10 5.641991542833566031e-10 4.375016761553816900e-10
9.273262628608463332e-07 8.442410093031786107e-07 7.683666427314314118e-07 6.499711124196361626e-07 5.732192720855734093e-07 4.933503044697758527e-07 4.475250417789818392e-07 3.936715941502186620e-07 3.425421637801747376e-07 2.914766673517915697e-07 2.444094833825782398e-07 1.849718228538791834e-07 1.412321716650041262e-07 9.592833132055274343e-08 5.945774082940930706e-08 3.497246526729117573e-08 2.078636864144524603e-08 1.101015187772900021e-08 5.817841799445713299e-09 3.318807966332625161e-09 1.839469930840810022e-09 9.382132378673902091e-10 6.373463314711292061e-10 2.252895068913569978e-10 1.365990941461750467e-10
7.783994445553716872e-07 7.463836588605279541e-07 7.349001928486138329e-07 6.541307786586113795e-07 5.705541050035566370e-07 5.021554863025994781e-07 4.489351812945119638e-07 3.856989516862913188e-07 3.258668961146926638e-07 2.722928846010645762e-07 2.239160899743642173e-07 1.771880079018039079e-07 1.242475971736494660e-07 8.832208249178083881e-08 6.276269472955168040e-08 4.323237870401475705e-08 2.538597341922705028e-08 1.255780245215660519e-08 6.486293284274548951e-09 3.163447699398666537e-09 1.754152243186612846e-09 1.022061073150807151e-09 6.482949947696046207e-10 4.942490131121009559e-10 3.258548004642339187e-10
1.009222173507408392e-06 9.644675214354336585e-07 8.448519965878282517e-07 7.021394791980235732e-07 6.301894246425867045e-07 5.474872798140985763e-07 4.588543526391158662e-07 3.828964308861203821e-07 3.354174784415299315e-07 2.685088078383919146e-07 2.183162774627762455e-07 1.713575891784602694e-07 1.333119563336861369e-07 9.982306947203570411e-08 7.328956871036593923e-08 5.185562854315740760e-08 3.242921993637179430e-08 1.915216937930565444e-08 1.078474520018856919e-08 4.973918884211134828e-09 2.601166834173872479e-09 2.134048927792631393e-09 1.512991538810561014e-09 1.116287524861827663e-09 7.764810464710661624e-10
6.578538999419826275e-07 5.872884791649028109e-07 5.012584621955214186e-07 4.475324421856824884e-07 4.360561151725361023e-07 4.256971172073855660e-07 3.801967332291150907e-07 3.312702583541178042e-07 2.935560249778793869e-07 2.458290466926171521e-07 1.897808671731216142e-07 1.567944782589089689e-07 1.240620194892497828e-07 9.793363105383366220e-08 7.344903831230868782e-08 4.977953737591008636e-08 3.435304230525896474e-08 2.523899085917001486e-08 1.909249708713030164e-08 1.554977949743042411e-08 1.212343607901268629e-08 7.081950814339010668e-09 3.495105203484035999e-09 1.847106357479302495e-09 1.089790246603218895e-09
9.077593189151267047e-07 8.304938335267646033e-07 6.666078534498793207e-07 6.394387520449256081e-07 6.047697831441916779e-07 5.527248953628784544e-07 5.062894489451232523e-07 4.388632500978215958e-07 3.759845831301219533e-07 3.119904954627767936e-07 2.354532300314285202e-07 1.815016543101750696e-07 1.384019318952804058e-07 1.033038728412488458e-07 6.783035933134826218e-08 3.938669057576176630e-08 2.463547569890728746e-08 1.586727154497245458e-08 9.624839409454697813e-09 5.029740599115350424e-09 2.151041260974928591e-09 7.529987168178302594e-10 4.891744699188738844e-10 2.619823055302025477e-10 3.308872893158371125e-10
7.771799992228477225e-07 7.059572141759500333e-07 6.403104608581616585e-07 5.940042170277212669e-07 5.421423647859582803e-07 4.841333190488032894e-07 4.336009314798247429e-07 3.685201600411908600e-07 3.284600126798959378e-07 2.667428308952379236e-07 2.170653068376644089e-07 1.731359049754447486e-07 1.307051500714068292e-07 9.270978678810203843e-08 5.876975831315188409e-08 3.535790709225921723e-08 2.055741796862139079e-08 1.264906867041862174e-08 6.363143486263650864e-09 2.923550683191351343e-09 1.228764686303938865e-09 7.828786971880489199e-10 7.288886789740868317e-10 4.412632803580605504e-10 6.295733974199617101e-10
7.068509604197609891e-07 6.407765784673526775e-07 5.848797864026590796e-07 5.454344044501840043e-07 5.042547472424096526e-07 4.573613949286656829e-07 4.086621248523878730e-07 3.624328788674154264e-07 3.021697657693924843e-07 2.505248882842897664e-07 2.002978305902667182e-07 1.565368312631620093e-07 1.221605659962488800e-07 9.721656691695296625e-08 7.418695491148613903e-08 5.217077134930517177e-08 3.526348719145348981e-08 2.300831623236433300e-08 1.325244765776811078e-08 7.422774108734339535e-09 4.497546586618184927e-09 3.180902331340828221e-09 2.225402552144428281e-09 1.467578946739241916e-09 9.773329848280437661e-10
8.577453164348076514e-07 7.343189576199096937e-07 6.703170127908352197e-07 5.894253475775495875e-07 5.528562062982846545e-07 5.133176707678544896e-07 4.414581995369464296e-07 3.661983376205864571e-07 3.188482879382829129e-07 2.592463852426727270e-07 2.143294150523896856e-07 1.672344779188699012e-07 1.200238107599717930e-07 8.563057648897375517e-08 5.754387987027513440e-08 3.763262936687397200e-08 2.364142248516657746e-08 1.331033910345128071e-08 6.977378260538803794e-09 3.733207723484677779e-09 2.167832573453690424e-09 1.815159412755778498e-09 1.191247462426373702e-09 1.247171932700902341e-09 1.205150750759457838e-09
7.496498883497436196e-07 6.569879610396295719e-07 5.818862848760204243e-07 4.926861227157516428e-07 4.536618316956354150e-07 4.150029732760416138e-07 3.556010611309991166e-07 3.120159501654654876e-07 2.741480970306342522e-07 2.399531660916813355e-07 2.009333457081126857e-07 1.565168357065893871e-07 1.277344863380641506e-07 9.510452775189032388e-08 7.018794337106054172e-08 4.754992783139293934e-08 3.134325259262576683e-08 2.167349480166585621e-08 1.542131900004129156e-08 1.359764889319491346e-08 1.471347790040952151e-08 1.676299748834248422e-08 1.469755309381376284e-08 8.899114501973933438e-09 3.282393860617889964e-09
4.704973068423599253e-07 4.553462278897633600e-07 4.381636378205193456e-07 4.125919361984556893e-07 3.969492353453444335e-07 3.735462695416107848e-07 3.491155799342330791e-07 3.098212281041681766e-07 2.766064242062953887e-07 2.284048459612967452e-07 1.962499588670135349e-07 1.704475608192014670e-07 1.404537059173146691e-07 1.055843628169029834e-07 7.483528290708007770e-08 4.664079907925877142e-08 2.774359757269896435e-08 1.533122311273587829e-08 8.549859445091610659e-09 5.372698861430468409e-09 3.863181763548440503e-09 2.244561379275595645e-09 1.169563834222260659e-09 7.458254528991671262e-10 3.005061672675041569e-10
7.386800033361729825e-07 7.051151811313370570e-07 6.812840645261944907e-07 6.324797522456733401e-07 5.652940664255458395e-07 5.186467409158604443e-07 4.531144423909378183e-07 3.855044720225782195e-07 3.268135123761836181e-07 2.662960073822062169e-07 2.163482872410180188e-07 1.638681708762134208e-07 1.176495407776999623e-07 8.449095969487881305e-08 6.041266984031220744e-08 3.741570531291250379e-08 2.310811203106739519e-08 1.259597491694280899e-08 6.641086040030269854e-09 3.236062380390012706e-09 1.696227082386482928e-09 1.472910490590048760e-09 2.314958232123786027e-09 1.718974103389336758e-09 6.773221159150944082e-10
6.767661424085034753e-07 6.038747714160375060e-07 5.616773830834857582e-07 5.656302647132086449e-07 5.436401093426251328e-07 4.843960864002587087e-07 4.262970576831050369e-07 3.661317216145647611e-07 3.020261967542687348e-07 2.618784437299544946e-07 2.227884818679257501e-07 1.881209361544207770e-07 1.409265043958310191e-07 1.028034748404787615e-07 7.192253433909289026e-08 4.597798051444216842e-08 2.661006271769795258e-08 1.804602669130314398e-08 1.098319838126468854e-08 5.524944742038072704e-09 2.944944310160811289e-09 1.788484536762499838e-09 1.325202169246234234e-09 7.850398130847849007e-10 5.353474952241116879e-10
8.261809684513639734e-07 7.964842833764451268e-07 7.009961720348672918e-07 5.669751688864339094e-07 5.021203393747766208e-07 4.591695005705523283e-07 3.930269639940789398e-07 3.448571628609742171e-07 3.075361319356299537e-07 2.581722601921207117e-07 2.171742200013683953e-07 1.749561818637361887e-07 1.394740636381852602e-07 1.044600317678877805e-07 7.388785133223089424e-08 4.230649019834314652e-08 1.987129276641928327e-08 1.088651647292367685e-08 6.195241148822458928e-09 3.578342343766327401e-09 2.276136599950530166e-09 1.676163835258092710e-09 1.376541267150522804e-09 1.645758337983484379e-09 1.173663692027179753e-09
7.982023243815482148e-07 7.249189112356923464e-07 6.739633446675720123e-07 6.486203784773123189e-07 5.568804060789811485e-07 4.691045133477371982e-07 4.219147008267885952e-07 3.982314774824801286e-07 3.421401345982613044e-07 2.970701336180391834e-07 2.396520970887854529e-07 1.890232548411284720e-07 1.328903445285582185e-07 8.450128007550187657e-08 5.457081640478232863e-08 3.357606822608654444e-08 1.805534822303694402e-08 1.024041216413250408e-08 5.374210139690369751e-09 3.110205009789200525e-09 1.678910668373508591e-09 1.505687909816439310e-09 2.790818279586505104e-09 7.933304412015097890e-09 1.079815835382686358e-08
1.056260911506848137e-06 8.775206881145244063e-07 7.993227189145861008e-07 6.679220234543951071e-07 6.067741708934350654e-07 5.578747689366905805e-07 4.916776057463841121e-07 4.090406159195364491e-07 3.490912251631574529e-07 2.870741848343233496e-07 2.345000917669483657e-07 1.829506146578083388e-07 1.350645638828173382e-07 9.518246874979727254e-08 6.140113461372390733e-08 3.778785090923958865e-08 2.199640363885735208e-08 1.366568352806608907e-08 7.165377408005220209e-09 3.521586281778459006e-09 1.698548256593745093e-09 7.604970021029407390e-10 4.823545036595117376e-10 3.451923054947838786e-10 2.759122627409650837e-10
7.390316300211647107e-07 6.597642178743178081e-07 6.391789679283766926e-07 5.596680492290562890e-07 5.289558649731090616e-07 4.916969652801982783e-07 4.400476722220731381e-07 3.718199897326559344e-07 3.214069820891403990e-07 2.735594301455642195e-07 2.162346640517265310e-07 1.581175930756124800e-07 1.237874717982728437e-07 9.190140023484818817e-08 6.847707200575378376e-08 4.885622692551768684e-08 3.459034971770286420e-08 2.309978832644563129e-08 1.372826029623198469e-08 7.077633124975989278e-09 3.977912802934183786e-09 2.321373757362245535e-09 1.448923171143771847e-09 6.601046843228586904e-10 4.220366369651654740e-10
6.181371966918538589e-07 5.630592368967734702e-07 5.015336240212537330e-07 4.367945917104628209e-07 4.080018625074691171e-07 3.791312540159460605e-07 3.411268638238096735e-07 3.001278417818093769e-07 2.772227571837663247e-07 2.507309587721304095e-07 2.057056298151236610e-07 1.636625148981013165e-07 1.308942968519696628e-07 9.496523722295515522e-08 6.545720253968072265e-08 4.696915516054562065e-08 3.093158692812879055e-08 1.823209840602664836e-08 1.114299077657253573e-08 6.633253368373249175e-09 3.923107974978469198e-09 2.692774398500843660e-09 2.234591009877535482e-09 2.074362741597575343e-09 2.092716803629792605e-09
7.485859065053607479e-07 7.564626828208691848e-07 8.192273403054604064e-07 7.665331323636814324e-07 6.497493741980803062e-07 5.367663136900449999e-07 4.696468145260232994e-07 4.136464925050100776e-07 3.418117599189730864e-07 2.864107170442695834e-07 2.068626309526693365e-07 1.523470202096559547e-07 1.047788353083148429e-07 7.144138102171628691e-08 4.740571475797950566e-08 3.107831645523835074e-08 1.799767266813180810e-08 1.074256888656531849e-08 5.869404254988945609e-09 3.200939220916915803e-09 1.945156629984731500e-09 1.533088592473399332e-09 1.409026042479662258e-09 7.258637952608439241e-10 3.100024303008895160e-10
6.407872974875248985e-07 5.622267420526421576e-07 5.404929137760945434e-07 5.600240312402914606e-07 5.354442844653856411e-07 4.603705026554496127e-07 4.169241483428063726e-07 3.896734638741007156e-07 3.371434624326393611e-07 2.679053747670461661e-07 2.185476189248869714e-07 1.717819331032485693e-07 1.283665133079794666e-07 9.217005692229215760e-08 6.725225438268434433e-08 4.716444394729204534e-08 2.800414898796130436e-08 1.555741778383883548e-08 9.254951188931233331e-09 4.357574596348165612e-09 1.856272157560694984e-09 9.290065732780224719e-10 4.561577171645972566e-10 2.716157661060114027e-10 2.666989873664235733e-10
6.361743712005888752e-07 5.942681083893261006e-07 5.387338949553234074e-07 4.978306716207894979e-07 4.587078601016060246e-07 4.333451267024879402e-07 3.567616299684657672e-07 2.997462664233815587e-07 2.655676657072843316e-07 2.411666008983621212e-07 2.132146273794043384e-07 1.694760298010951751e-07 1.307271875670117627e-07 9.788029020613217130e-08 7.016617111175534928e-08 4.769658940243955251e-08 2.967127448252682000e-08 1.746157457266821334e-08 8.867603830772456995e-09 4.298059378058970309e-09 2.185844853431696359e-09 9.889120548352274871e-10 4.892474983208121588e-10 4.055948818150668743e-10 3.151254021737995358e-10
7.664065473220252105e-07 7.598783574058644870e-07 7.311505533266116428e-07 6.902503480392536990e-07 6.140091184976315459e-07 5.338891086800382495e-07 4.811400562199544159e-07 4.240153486244047570e-07 3.435014463387072764e-07 2.766933192176244633e-07 2.207747698826278913e-07 1.765975919261367482e-07 1.358716406647563854e-07 9.534551549493856951e-08 6.521778394645177421e-08 4.042322268236636280e-08 2.338901659212516168e-08 1.355684030153732736e-08 7.384480050438404212e-09 3.886194994362391211e-09 2.884896934250044484e-09 1.170074954845891827e-09 7.575718986420190221e-10 7.004729254268330164e-10 3.894948352514693653e-10
7.906300270508626063e-07 7.879981716427324629e-07 7.005129461803911874e-07 6.224813530219814420e-07 5.615356174402750934e-07 5.067380783891958760e-07 4.414334273230696886e-07 3.758487622221683541e-07 3.149622079047847865e-07 2.724416352786049369e-07 2.318771371228001100e-07 1.763059506368267606e-07 1.270668480255112957e-07 8.745260905368425345e-08 5.771716505978848523e-08 3.769419713840727453e-08 2.123346046460173395e-08 1.163017736949078402e-08 7.039690344596201343e-09 4.229798561196898717e-09 2.838270002655541722e-09 2.476937818542543058e-09 1.474400697777322486e-09 6.983732571393373859e-10 3.802409042090304296e-10
9.117181712764102996e-07 8.700896151729199341e-07 7.910359221325121620e-07 6.572629462801525374e-07 5.829724710789498783e-07 5.174588492329542137e-07 4.676389467269587334e-07 4.084118548323887445e-07 3.425476958299327383e-07 2.836077582174199140e-07 2.208308381783696227e-07 1.685394080982447002e-07 1.270835844839445995e-07 9.041295466444536932e-08 6.237708332154622695e-08 3.789082089655860020e-08 1.753555875231822640e-08 6.894630649173015846e-09 2.574885142193921470e-09 1.038811353215692000e-09 6.011513210482934600e-10 4.369760525884914382e-10 4.860125694518312670e-10 5.001118126472975008e-10 3.904826665300124163e-10
5.492396245009331932e-07 4.985127681206196265e-07 4.948857116203026213e-07 4.719757950627596503e-07 4.155785306847878965e-07 3.726846383053547046e-07 3.329229181192240594e-07 2.999885614674419573e-07 2.625676419237843169e-07 2.330589673255509015e-07 2.020350913040754129e-07 1.658850363026225094e-07 1.288276367400577917e-07 8.774168353049175258e-08 4.715327993385120222e-08 2.710762562425989715e-08 1.503251827737159752e-08 8.564237508418573835e-09 5.771001513384796113e-09 4.030303231048293172e-09 2.816427387937692858e-09 1.918026345486917796e-09 1.825871140219948084e-09 2.139497262449126801e-09 1.407373370741834795e-09
6.926410885289910442e-07 6.184507122456523903e-07 5.663374599191745531e-07 5.238766329970230154e-07 5.087066998362250686e-07 4.710203330832209163e-07 4.039168127951194189e-07 3.453442460586125004e-07 3.287048432763830561e-07 2.840331589853511549e-07 2.190235372533379768e-07 1.698680456467317845e-07 1.215457728315905460e-07 8.243864416738026849e-08 4.548881619621786111e-08 2.635459245324718025e-08 1.659544560558724155e-08 9.605998643563893461e-09 5.659814171685948653e-09 3.611479439725342546e-09 2.436720734441642648e-09 1.918520410645719598e-09 1.457228867057132994e-09 4.240158939897914229e-10 1.244164754117696908e-10
6.497469994226371717e-07 6.043707619302710991e-07 5.879844591374401783e-07 5.300451401143622171e-07 4.772442320781838968e-07 4.482850375424251778e-07 4.033786388789013299e-07 3.489613389244339236e-07 2.889622650572316592e-07 2.401480440949456055e-07 2.007882410806770147e-07 1.591189405811520888e-07 1.171988627267015725e-07 7.480492220910639712e-08 4.623688568393961740e-08 2.895340097704471895e-08 1.782410771162953828e-08 1.048725515283183394e-08 5.968052580411297153e-09 3.170558504321191723e-09 1.776726711690424181e-09 1.107748219142861342e-09 6.325348790500099612e-10 4.052039460963223878e-10 3.383759351696695922e-10
8.460140659000491815e-07 7.516701048968948257e-07 6.604409691577635105e-07 5.985738541499195345e-07 5.408116463957922104e-07 4.555798999535232112e-07 3.920002970195114916e-07 3.633504887333097259e-07 3.126146832790209498e-07 2.541842169194335757e-07 1.949788458326626184e-07 1.626626936410151621e-07 1.317379429642228005e-07 9.603037442167070982e-08 6.430450356729366208e-08 4.260942861374876307e-08 2.684788309480000259e-08 1.672994238945825783e-08 1.043587137174022006e-08 6.399960134845299209e-09 3.654949642887805110e-09 2.339825031287706555e-09 1.704438886515614556e-09 9.417559883846004153e-10 8.983807384553590531e-10
6.847690006951599222e-07 6.250024890314431079e-07 5.279281861866912767e-07 4.479404938795209104e-07 4.231480595900664186e-07 3.986588164581007138e-07 3.712136695754522359e-07 3.349427823946753064e-07 2.924952742665536064e-07 2.515919328474715635e-07 2.033923867917897725e-07 1.636307770817544054e-07 1.299225823012857387e-07 9.425075396629140640e-08 6.542344861043981043e-08 4.081108911045395580e-08 2.157533955095998728e-08 9.107055414584887815e-09 4.487715874760101302e-09 2.375843051224504079e-09 1.240199540527649555e-09 8.213994114084886483e-10 5.963819389865996493e-10 4.988143669423694493e-10 4.574776593466854882e-10
5.167166239080568168e-07 4.972086466910573376e-07 4.643692725956081324e-07 4.266408396553518135e-07 4.078346463300544199e-07 3.615692110404173659e-07 3.329269657872277685e-07 3.131916404352379081e-07 2.760391648765129367e-07 2.366160284130242782e-07 1.984044104556275847e-07 1.535739362459768347e-07 1.185098523800405484e-07 8.591381514079158128e-08 5.945318789362711112e-08 3.938831688912936956e-08 2.399144747729566725e-08 1.398179777685937831e-08 8.971069068017821218e-09 6.244876057047295127e-09 5.322963979782478318e-09 3.799738211222227225e-09 2.914311047024040278e-09 2.614744522436922767e-09 1.559542446761189541e-09
1.037171059229362909e-06 8.798896979034743910e-07 6.981907752470432332e-07 5.783629905752763416e-07 4.809798854456620601e-07 4.496460414835786187e-07 4.174143879138731202e-07 3.497548070270498240e-07 2.975192628220027560e-07 2.469507314487243619e-07 2.046143271666212308e-07 1.575697133984960388e-07 1.146083175856147319e-07 8.255559760469632684e-08 5.413034606185245025e-08 3.145988452837425680e-08 1.971089065514699504e-08 1.238533526507306865e-08 6.614020633707493806e-09 3.577574449030372532e-09 1.879134810717136253e-09 1.260981401291136658e-09 1.302585874180767430e-09 1.703164872197948260e-09 2.342952031441690407e-09
7.697354974875322920e-07 7.172116150392461963e-07 6.331023530113231201e-07 5.693743209311748937e-07 5.371169377378977691e-07 4.760696156351453067e-07 4.135584632147664629e-07 3.729329205522221201e-07 3.140064007676181106e-07 2.568540630797490472e-07 1.980173435487638663e-07 1.489002575213363870e-07 1.060402692193526664e-07 7.132453680741432722e-08 4.214929037782242985e-08 2.446842819906354748e-08 1.575551864109617679e-08 1.028839138169230092e-08 5.749598623662964339e-09 3.332866931134308704e-09 2.159223877821005087e-09 1.191512458474405518e-09 5.239260856672045048e-10 2.536005607082132176e-10 1.374797574403283849e-10
9.202736880935618355e-07 7.424295989065852752e-07 6.097880466868410328e-07 5.054565016648490122e-07 4.377249716803741966e-07 4.059293093064649020e-07 3.646906935748791878e-07 3.279635432874831090e-07 2.879861230437110739e-07 2.477603733721893669e-07 2.164774739902316313e-07 1.717936531012053179e-07 1.376204663014673975e-07 1.015055582532697802e-07 7.085681335705376252e-08 4.347922826845432260e-08 2.529569686220538459e-08 1.462963879161320583e-08 8.882187215556418356e-09 5.398964731773127730e-09 3.668673981700397399e-09 3.895857859324290847e-09 3.758528144287302998e-09 2.456619168084244703e-09 1.907072384150015142e-09
6.664087018738892875e-07 5.812202603875661217e-07 5.191224684724094503e-07 4.746556447249583118e-07 4.348429792359028065e-07 4.039863822709943324e-07 3.734785267989750836e-07 3.094700851314938927e-07 2.798780058368050821e-07 2.301077222458057409e-07 1.873979463724942638e-07 1.542435512300828157e-07 1.236344495264375624e-07 9.275860030296507221e-08 6.939564035188513320e-08 4.395005068341746502e-08 2.699974008145691199e-08 1.600512134268804253e-08 8.303116810312658371e-09 3.764845587113774815e-09 2.021729466189901588e-09 1.112007677069292238e-09 1.193286339475725021e-09 7.931448622739690845e-10 4.381511285314459261e-10
