3.632994260174773202e-07 3.043531418613373825e-07 2.780550384610689808e-07 2.481062997151796539e-07 2.079369796765501968e-07 1.597299969787734377e-07 1.095067558911834284e-07 7.304869048307515356e-08 3.812433920007058834e-08 9.109698720838796308e-08
6.826077995860762367e-07 5.177275632307197759e-07 4.713370097004330774e-07 3.815527502031100256e-07 2.519021989474822717e-07 1.810546220458870645e-07 1.482604859747360991e-07 8.888182395113493221e-08 5.260893311242085968e-08 3.551911075256169897e-08
1.083406874421910950e-06 7.313298336378527622e-07 3.262298802319026044e-07 2.399334357279800031e-07 3.441270284570944121e-07 1.225793487399606179e-07 2.771507473045224530e-07 7.564427908408141887e-08 6.263542816675832322e-08 6.700600966047394475e-08
3.769716266027633514e-07 3.947098211152789122e-07 2.793746297657335631e-07 1.903569107128461792e-07 1.514454014594545622e-07 1.154757202747981589e-07 8.796506542815356021e-08 7.887357320207467320e-08 6.739611399207390911e-08 5.035108056349998172e-08
1.208388398916408752e-06 9.383662425545910413e-07 4.327723452911931585e-07 5.107040941987373967e-07 4.202112618491494679e-07 2.172338844321037740e-07 1.473584882011241469e-07 1.018562981178193495e-07 1.300353959434661292e-07 4.549010634385956272e-08
1.393740785303762665e-06 8.586040759711467635e-07 4.994848460999235498e-07 3.785701464198997832e-07 3.820323137933302456e-06 1.188256140793688984e-06 4.230129324253312109e-07 1.542186034802787474e-07 3.323120718629050188e-08 5.058446101500844732e-08
1.122008891913738460e-06 1.024173416747687201e-06 5.117738880524549022e-07 3.063620657350563810e-07 2.891300695888802619e-07 1.871454867443403026e-07 2.462931501134601249e-07 1.952233499607224466e-07 8.168032184884921412e-07 2.056986832361219842e-07
5.992414434343131836e-07 6.135176545262314117e-07 4.611683478071424389e-07 3.348279355657341142e-07 2.357366581819544747e-07 1.701303075948688870e-07 1.276792574804781892e-07 7.724641046354498157e-08 6.502378320786962181e-08 3.395749311286772181e-08
4.102046027184127131e-07 3.807273390908148797e-07 3.262143701235321097e-07 2.788102431801557829e-07 2.355080377827075402e-07 1.779359796366992503e-07 2.023964515392441792e-07 1.802976197654001587e-07 9.733897433388802042e-08 3.672895678421265946e-08
1.207102422917172305e-06 9.563835568194143000e-07 5.663318038766247235e-07 2.648440726347779609e-07 1.385359395941303573e-07 1.838193649762766589e-07 9.567126396488165829e-08 2.940704490790863807e-07 1.366043193652387698e-07 2.390433949097502627e-07
3.404198953856327297e-07 2.698504415424686548e-07 2.080678876535632580e-07 1.693723516226195805e-07 1.485029634383917365e-07 1.450689820298210136e-07 9.568325988044328545e-08 7.621905002315593376e-08 2.134694169733724815e-07 3.870937553966128377e-08
5.490424748934060683e-07 4.664898159481542890e-07 5.328546296337511828e-07 3.759355595682448116e-07 2.545755035902224968e-07 2.427148108748686855e-07 1.477237752242914765e-07 7.221554587279106712e-08 2.738100513980866531e-07 5.573052481967160429e-08
6.394853605805850959e-07 4.942106406261403288e-07 3.777219092253903981e-07 3.159348561216602787e-07 2.898274998160176468e-07 6.398676825472461568e-07 2.524457097866140997e-07 9.740591018176866137e-08 1.064689464533033414e-07 2.745587184799172541e-08
4.666304680383859918e-07 3.462853449044568154e-07 3.201359001083935456e-07 3.191746344431313149e-07 4.739954484257470695e-07 3.217227886226495258e-07 1.381006049664318693e-07 2.412477778269198347e-07 5.199515230702457389e-08 1.542963337229071619e-07
1.036446561834609686e-06 7.909629866523866973e-07 4.709017867182394518e-07 3.696845606378957315e-07 2.862357977842213260e-07 1.900113455571813968e-07 1.378871619789703171e-07 9.367127505260025348e-08 4.959859424731979271e-08 2.659005520898322407e-08
4.390866664387822563e-07 4.404967012880960267e-07 3.760510786689018409e-07 3.102341357584981624e-07 2.372107513947462211e-07 1.720510069811888893e-07 1.110409042590241616e-07 9.935803612893695031e-08 1.519321585714628258e-07 2.555656137079282594e-08
2.816074868410535608e-07 3.265086622309077927e-07 2.761841870769921418e-07 2.437442189780230840e-07 1.705893563183642029e-07 1.242498642500902898e-07 8.992021153577785123e-08 4.932346328737820866e-07 1.005520328557954729e-07 3.636009375195801454e-08
3.627598866670605322e-07 2.519007786536636789e-07 1.984118132512139051e-07 2.763381239901255239e-07 2.512593660936397746e-07 1.636872753662766541e-07 6.656319811956295631e-07 1.083444270957461371e-07 5.675709080518787739e-08 6.865672688818071195e-08
2.584236363461835979e-07 2.165263279895321168e-07 1.867537799220310162e-07 1.790222330967071261e-07 1.750669008112536897e-07 1.446493084448899928e-07 1.809002298794402645e-07 7.349561208918394735e-08 3.686089933932414414e-08 2.064149202442599896e-07
4.535745506939871620e-07 4.172382168303102236e-07 3.344555784513355156e-07 2.531961099945075090e-07 1.866777940556516194e-07 1.372965360311068345e-07 9.536476884139271314e-08 6.442256610213062160e-08 6.127869030031046525e-08 1.079772410001695675e-07
3.713736276398155458e-07 3.551701302053589212e-07 2.847709004843240265e-07 2.230729227523143979e-07 1.902342109626465145e-07 1.527740499120626125e-07 1.425438391876589657e-07 7.578135135462393376e-08 6.442373648213168654e-08 1.179664514063126328e-07
4.284184205958984318e-07 3.163317567268952914e-07 3.423321013398905720e-07 5.371455569111537535e-07 1.338750865618608234e-06 9.546233038740531908e-08 9.138719662790791199e-08 5.980298590651286614e-08 8.085826539823949998e-07 8.797692103187046056e-08
3.298760498190503678e-07 3.706185182882603370e-07 2.261433443191874182e-07 1.642292754837536181e-07 1.575938408600175158e-07 1.421483492868399574e-07 8.971347940749663995e-08 6.184174557595606034e-08 1.537578952283647767e-07 1.713385826227996512e-07
1.203478368633877831e-06 4.565423695182859621e-07 5.767964839879630076e-07 3.956167467109975963e-07 2.294915727961262245e-07 1.571548357808591769e-07 1.115667387682527272e-07 7.616788717497274526e-08 9.353566428320649495e-08 7.186957392166423331e-08
4.046313645745802095e-07 3.683165276484978013e-07 2.821922756593144666e-07 2.173242444093248661e-07 1.627145826257953304e-07 1.361130849776030062e-07 9.752957264161971154e-08 6.632197176978369194e-08 4.287709369638594780e-08 4.164864129685936501e-08
9.857278208483213435e-07 6.510309103388904633e-07 4.015727927698705538e-07 3.560843066890972476e-07 2.189012911084952915e-07 1.975866867656225264e-07 1.314063394179274502e-07 1.827588089594176961e-07 5.095889846439514176e-07 1.446539545928358895e-08
4.465277687616228751e-07 3.681887466885201750e-07 3.116261720403003743e-07 2.729376994724281515e-07 1.031120963574300286e-06 1.674012932033712958e-07 8.380308856302309219e-08 7.523558696828245114e-08 3.094252981283400519e-08 2.728921173405352700e-08
3.338043534339483718e-07 3.921143551018967439e-07 3.107485740937486689e-07 2.591048075375060428e-07 1.880793958910908926e-07 1.177772926701645635e-07 1.409846693514418100e-07 3.717344936553130750e-07 1.815337075790385110e-07 3.875232986991929856e-08
5.350534108838247218e-07 3.615585686383028629e-07 2.915150865639316344e-07 2.473349521929705651e-07 2.077979791474296799e-07 1.454865708947665489e-07 1.047167109582552859e-07 7.651864936324737531e-08 2.074995484345415869e-07 1.055292066122353458e-07
6.004632333249744007e-07 4.515363453133456063e-07 2.240202981695825201e-07 1.627922045650074164e-07 1.244344248348236197e-07 9.976210118533394486e-08 1.734578486610864464e-06 5.363901012399196966e-07 3.250914857568656232e-08 3.845359069578443910e-07
1.189650678923498886e-06 1.066028796988972691e-06 1.406891030699228131e-06 2.392622123717096788e-07 7.725073709982133619e-07 1.900919954811002491e-07 1.135109177120679150e-07 6.533258536867984865e-08 3.128669225277709299e-08 1.470693531034076665e-08
6.964655309757135839e-07 6.439053540967934540e-07 6.273686589516613566e-07 3.977486409164215833e-07 2.719885102257366996e-07 1.846638571406017807e-07 1.421827772656313935e-07 7.472421599293530714e-07 3.384868632295840036e-07 2.097314230570432945e-08
1.939109023710394046e-07 1.710443813658756551e-07 1.558778553512291381e-07 1.224888750998040416e-07 1.107405966112650875e-07 8.870372291495163112e-08 1.753524157003030353e-06 2.425497721753240988e-07 9.912655794633155196e-08 1.557324887367218393e-07
9.510333379716747934e-07 5.340602126799916780e-07 4.104659643531948118e-07 2.841288857242850841e-07 2.125094280552131856e-07 1.647285163679450608e-07 1.002403961964725315e-07 1.168459269059113150e-07 3.309346943595898847e-08 1.300805995030090663e-08
4.868497086710982168e-07 3.563280221457895506e-07 3.377820231116554372e-07 3.521875112828172632e-07 1.505955720562323103e-06 2.705940723830092313e-07 9.771721276368096343e-08 5.076080995846409768e-08 9.181266837302013103e-08 1.193145608390808154e-07
4.176129720004039021e-07 3.769429029059662483e-07 3.052987083309687928e-07 2.272393665556253884e-07 1.583218365903456416e-07 1.362091922397456949e-07 1.281131991195469589e-07 1.389392547290796102e-06 5.431516800383119050e-08 3.354061029166587961e-08
8.300746820161673818e-07 5.658173470289163069e-07 4.177180411828945818e-07 3.979150210200590075e-07 5.413329673302185012e-07 2.096549470063217510e-07 1.130811976264491617e-07 1.797846397776854390e-07 3.805841489245250363e-08 1.511609167212062418e-08
1.047206319164544044e-06 6.671713152131653341e-07 4.554377162652378659e-07 3.691722203984990074e-07 2.837308581033076347e-07 1.761300050462807630e-07 1.141820075365359427e-07 6.529940082983859174e-08 4.162229939564175068e-08 1.077946586686575199e-07
7.104072000203819164e-07 5.043499672806262233e-07 4.379680630279310817e-07 4.513698149532034564e-07 2.931900403402393505e-07 2.048701793951167774e-07 1.116430224642000116e-06 8.269211980375499504e-08 4.213336950245425925e-08 4.865811978782246522e-08
4.239345192084581153e-06 1.870226958392153453e-06 6.092842851857983642e-07 4.012989412317662635e-07 2.454998917464692746e-07 2.069117355894179994e-07 1.254564464201577879e-07 6.853802161257879160e-08 3.823144709925366001e-08 2.510747550549356002e-08
4.228722653834311537e-07 3.486405437962303875e-06 5.072926722865937993e-07 1.929346518222909607e-07 1.782765336387115488e-07 1.447225975497146540e-07 9.128709839318736070e-08 9.428726207476691002e-08 3.543041969332500656e-08 2.337203646121922103e-08
3.476491285510176229e-07 2.600919654868087104e-07 2.244720297589968683e-07 1.583051747464486149e-07 1.139164754368694335e-07 9.349409854303261214e-08 3.280359364236346276e-06 8.668402305870404315e-08 9.529985677027771353e-08 2.538586436759047755e-08
4.404783035741965106e-07 2.779630312106424485e-07 2.047128799732514701e-07 1.348562131286153406e-07 2.742062981278870819e-07 1.258621346180824318e-07 1.074336374414419154e-07 5.005514325451742264e-08 3.233994141178150196e-08 2.716885206918719541e-08
6.031905405127707607e-07 4.722220520046536072e-07 3.646170339209106075e-07 2.398768708545480646e-07 1.340841798752726938e-07 1.198573938982576175e-07 1.301419587580184217e-07 6.862105060841199910e-08 5.003366654161442872e-08 2.061770459142772369e-08
4.288997763899512749e-07 4.948229306615061238e-07 3.310540811076550524e-07 2.581750573363364172e-07 2.120601420148907796e-07 2.723148189249810369e-07 1.103113998211763987e-07 2.120291088933633932e-07 5.853961146149202966e-08 1.581959347352768906e-08
5.396810828641949796e-07 5.234332628300262166e-07 3.444974901181263099e-07 2.602468450473818133e-07 2.013980826637294266e-07 1.657074473434744240e-07 1.180245033375615257e-07 6.247289250561197720e-08 4.213458658082780332e-08 2.356676446027646020e-07
4.056115961629149914e-07 3.316332797156216042e-07 3.126870334621946582e-07 2.523608547723737614e-07 1.863225913043610325e-07 2.555272989961982598e-07 1.621565222029654266e-07 6.824254048940467509e-08 1.698078977690564221e-07 2.221628824245527764e-08
1.219067145861643885e-06 5.722192808136258158e-07 3.913384771287073874e-07 3.080251938846559462e-07 2.577071181520386262e-07 2.440031170713342483e-07 1.271133116046641818e-07 8.962803056084938289e-08 4.609361382225440003e-07 6.115464145286667022e-08
5.105635993467396268e-07 4.328936608833403751e-07 3.665083472808383828e-07 4.755103358803000060e-07 2.277721958163325051e-07 1.467931535131502235e-07 9.779536796611626813e-08 1.555689103423466291e-07 8.780397982846152477e-08 5.690745346028074436e-07
1.132772022879599168e-06 1.427382306727910959e-06 3.474514627916967221e-07 2.173489869700658048e-07 1.527371873363689758e-07 1.441881652792029806e-07 1.047984647726563065e-07 6.006787800853102444e-08 1.730240936023096915e-07 2.526478856131361676e-08
4.752074087147060713e-07 3.977265961151177486e-07 2.749770659574384364e-07 2.012257724534420929e-07 1.612774125061208549e-07 1.239172118305443209e-07 9.359761674535140528e-08 6.386233340437127576e-08 4.176505074842619548e-08 4.053930307478206122e-08
3.110796743594443990e-07 2.503726998359086333e-07 2.120340684594384658e-07 1.661101063025876284e-07 1.225320364027779041e-07 9.476169862610229799e-08 6.675081685730215720e-08 5.098971426878998107e-08 3.773770533027417898e-08 2.531463719467158922e-07
4.803088133775238284e-07 6.423493632468181979e-07 6.259285299931619644e-07 2.199390953662261517e-07 1.799093673945473986e-07 1.133990056935676106e-07 8.458030894538143909e-08 5.238651841729463586e-08 3.831556945536040137e-08 2.547379471595687591e-08
7.231197970612282373e-07 4.120092072105570152e-07 3.138163224815512925e-07 4.401774563133113441e-07 1.992996110912107831e-06 1.337243188748643346e-06 2.243243069851458937e-07 4.855721927762949067e-08 3.268969332586326438e-08 1.675168152601672560e-08
3.800801395133434449e-07 2.820416373542328433e-07 2.658190958731542588e-07 2.379427618629203027e-07 1.740627208836182111e-07 1.326229834729016447e-07 9.679118426144917524e-08 8.598392154090039272e-08 4.446342794257974697e-07 1.381600363910471986e-07
2.414249711838366655e-06 9.213850577835143534e-07 6.469859431739140214e-07 4.238036746911375488e-07 2.294645805875309924e-07 2.546692617129385354e-07 3.420660824777442842e-07 4.020007452886207352e-07 4.086059382038313051e-08 1.367838463271362702e-08
3.567802858804160748e-07 2.571539881780688882e-07 2.123324643406838387e-07 1.546054560480402546e-07 1.339155155678085168e-07 1.415482077751770523e-07 1.124521461740082749e-07 7.594204841686720685e-08 5.085488876813624053e-08 3.098614739021305277e-07
2.574091986738457611e-07 2.915047684899171541e-07 2.525008572200911911e-07 1.989838965483040642e-07 1.463290500654912200e-07 1.198102391652899884e-07 8.694941714673099847e-08 5.990939763174672041e-08 6.306373729462145865e-08 7.283916893404375352e-08
3.139431462019111027e-07 2.759272371361729797e-07 2.365118508245575689e-07 2.002271733074937146e-07 1.776096832160592601e-07 1.130467141805440548e-07 8.369645812205366673e-08 9.472876109657139827e-08 4.267068488810575743e-08 2.296561508356724322e-08
4.325097479234583827e-07 3.016656013613866645e-07 2.134597824638547868e-07 1.725779164624261082e-07 1.596627267991410464e-07 1.619702519741536645e-07 9.294322830069721945e-07 4.289461294252763035e-08 2.683638322136422163e-08 1.792959609226017792e-08
1.796984726067157198e-06 1.825290259597048161e-06 9.380383792834623785e-07 1.842450918929061715e-06 3.612296158006342748e-07 2.238234988314325179e-07 3.921779165559878400e-07 3.072790168640632990e-07 8.266860549359887501e-08 5.075935714592673300e-08
4.286396954095559521e-07 3.576779211410677651e-07 2.804358455433039301e-07 2.232877252674270577e-07 1.603216644037995285e-07 1.036228018989108502e-07 7.301984589339122749e-08 5.974726981985098034e-08 4.037601285754992097e-08 5.208407861989694319e-08
1.964385442532572507e-06 9.451156413344335409e-07 3.255923793938270621e-07 2.378504116555483226e-07 1.846737499432807643e-07 1.628458539136954169e-07 8.224599162557488736e-08 4.857420452773456132e-08 2.942165510675658785e-08 6.033791714846851474e-08
3.742036029555847647e-07 3.340191027245377895e-07 2.564697703961568652e-07 2.800818223926119959e-07 8.412167913630153628e-07 1.429371507431099650e-07 1.176190188581429507e-07 3.065954711907495844e-07 3.610724282520795690e-08 1.698333378968539307e-08
3.143820013917007442e-07 2.488547071353549483e-07 2.197888220941426826e-07 1.809046978115113007e-07 1.441255166899125914e-07 1.006436565181283670e-07 6.969095301921079995e-08 4.598743025618464990e-08 2.888539337469225687e-08 1.764192000331515235e-08
2.553506872363653832e-06 2.196875910874128422e-06 1.388021043818274361e-06 3.157788618379208152e-07 2.033473144348814077e-07 1.477297137573537620e-07 1.036416914909101604e-07 1.786253634892152272e-07 1.392956214265845398e-07 1.448465486313265226e-08
5.329360906819384543e-07 3.015510803776665244e-07 2.245632731908273991e-07 1.648398034204189924e-07 1.085546593768353783e-07 9.080348083187288724e-08 7.247496921564620954e-08 5.168957404198843384e-08 4.923284639047851476e-08 7.295811231029714623e-08
6.234899973679479051e-07 1.002890220641011936e-06 4.875175076751687678e-07 2.949565405367372346e-07 1.516643985127754972e-07 1.144419985408268900e-07 8.145266419045254606e-08 5.426818310597582779e-08 3.637000689761384662e-08 4.351867616144310008e-08
3.779581515183506998e-07 3.398845346517994558e-07 2.264877356807829331e-07 1.851508830728042425e-07 1.549758523396246001e-07 1.332622962756795062e-07 1.377475898553060653e-07 7.003204629956697548e-08 5.934206637281400532e-08 2.263182207667168524e-08
1.066628192915718924e-06 6.318970703590751594e-07 3.388764983033978080e-07 3.064895502486538230e-07 1.696984014831714298e-07 1.270881285612065172e-07 6.475513239129884976e-08 1.171813506795785914e-07 2.710558754489992996e-08 4.929712311231579868e-08
9.594577260649706561e-07 6.333175680380619829e-07 3.690451805915004428e-07 2.775541219686385696e-07 8.593393008298086574e-07 2.010597997055399189e-07 1.075225809737177106e-07 6.745311824850994402e-08 4.924783317612044560e-08 2.269185751461887369e-08
5.417728784957654647e-06 1.326747400357346826e-06 2.427131978977470705e-07 1.573060557910858456e-07 6.102998949989056816e-07 1.872160509983451889e-07 7.148251513257074768e-08 5.862548433701117516e-08 5.071404891552773262e-08 1.526460382058768914e-08
4.746248196285700296e-07 4.567589233703852526e-07 2.767414401327730606e-07 2.104192975329931446e-07 1.898283569689115041e-07 1.481811961247651918e-07 4.211437991712618442e-07 5.439574738645264278e-08 3.022251159454053040e-08 1.848591671274211430e-08
1.942422811295387154e-06 9.280955408928873672e-07 4.567504646374639194e-07 3.590753977278414770e-07 2.188011593599488440e-07 1.655492361391390365e-07 1.888762612223028148e-07 5.643011185244252784e-07 1.067773989676483793e-07 2.099215223684811615e-08
6.405952742051918930e-07 7.703093846156373195e-07 3.957012970055762523e-06 7.975060492112039731e-07 1.855264167537439314e-07 9.073976670869101529e-08 8.105423237087025275e-08 6.293109946560209769e-08 3.667421455559570093e-08 2.954881163150776441e-08
2.389645562481361474e-06 2.321693054623720486e-06 1.743301482408120990e-06 9.536787239356686723e-07 4.134588131692972494e-07 3.113169685793246506e-06 2.520544555471493475e-07 6.617028069618263897e-08 1.627234132577437448e-07 1.439146100907582998e-08
1.784436809355953607e-07 1.728265049651814872e-07 5.976612308743450825e-07 5.138120385133211734e-06 3.141559212458941167e-07 1.093410198726090564e-07 6.924493852543871311e-08 4.743958428595844842e-08 4.821614949154085080e-07 1.433443212250981945e-08
3.385305978006675247e-07 2.917442118102730602e-07 2.492940283129167126e-07 2.266292606380670083e-07 1.535209441335334975e-07 3.116840606217790995e-07 7.650913787926172477e-08 5.320068130319219624e-08 7.259318639301401649e-08 2.900610368465936985e-07
1.617349546719768690e-06 4.753257097080160225e-06 4.400335387360727162e-07 4.339902327339871144e-07 2.678333955894709972e-07 1.512113779416856044e-07 1.477486004138812223e-07 5.919775727681154877e-08 2.746990314908622205e-08 2.958127580098927879e-08
2.933851096334646023e-07 3.242959924306227939e-07 4.586256964036291748e-07 5.312916955739559266e-07 2.333179381491880837e-07 1.802885135040289546e-07 1.555351199297219225e-07 5.819444228199508904e-08 3.380268034880773646e-08 1.849937146025351501e-08
4.432870947713200480e-07 4.834410562029186661e-07 2.843165637265481953e-07 2.753068406264151364e-07 2.078415695789566685e-07 1.381813513550155835e-07 8.469037351002122457e-08 4.998106054157216243e-08 5.600620676933193976e-08 1.120065739402379923e-08
6.461469559644568247e-07 3.855121092509171420e-06 7.071327623871699710e-06 4.384117272871396006e-07 1.643477059896052936e-07 1.215339245414320862e-07 1.011487801992450959e-07 4.035627143887106657e-07 6.249462334191895792e-08 3.139085628422952220e-08
1.126775897018590336e-06 1.151765769199297483e-06 1.025877541048261130e-06 7.985336771503387546e-07 1.483260691094665012e-07 1.128766397810612828e-07 7.064350985205483302e-08 6.918062886162017851e-07 1.212706421284385964e-07 1.481416754826705742e-08
1.476386838076550462e-06 1.138458571619068160e-06 9.015859334674805335e-07 4.828878058204943296e-07 1.929823595222410281e-07 1.481041760047610304e-07 9.140132094276227675e-08 5.910348133792251817e-08 4.508759342059307087e-08 1.671371057135580778e-08
1.862076941082628305e-06 3.251129826984683928e-06 7.634084603456418032e-07 2.475575940018303673e-07 1.993396848137308961e-07 1.978822123843452492e-07 1.135223871183464408e-07 6.934055311574250452e-08 3.764126358636079492e-08 7.815584655486325132e-08
2.820428202143163550e-06 7.256725294502591843e-07 7.316314391454349478e-07 7.785657294504314246e-06 4.830378816147562429e-07 9.051898265450430950e-08 5.306993665690086203e-08 5.711553802975295046e-08 4.844185927367197905e-07 8.495953351415878068e-08
2.314289022705262984e-07 1.535677379067487051e-07 1.328563699940392976e-07 1.024620282984254074e-07 1.645932448928195335e-07 1.021109385989936890e-07 9.100961404578137149e-08 8.265142130909114543e-08 4.097326536309529156e-08 1.899342325049558061e-08
5.895269393195013828e-07 5.394428168045665957e-07 6.580409485702625819e-07 4.114798111928668927e-07 2.350383299446553927e-07 1.578119067852699389e-07 1.776259657308591333e-07 7.438520651152386540e-08 3.521535252739291999e-07 1.527475714545456045e-08
7.354345838368739155e-07 8.921483975653422013e-07 5.407733139055118289e-07 2.444205486980679531e-07 1.656525720936214833e-07 1.330490499336785496e-07 1.077938867214549285e-07 6.728767639410407248e-07 3.040644535077034002e-08 3.710528530774435376e-07
2.901232941902240564e-07 2.319549521071436321e-07 2.039061952561990832e-07 1.620296293822527936e-07 1.272229334390772850e-07 8.699293182107782422e-08 8.337070541214045172e-08 5.245323507393451361e-08 6.803923074228930813e-08 7.394715385967783177e-08
3.069473053176818743e-07 2.453186524261518672e-07 1.911238846595955285e-07 1.675425091618871860e-07 1.099563731652257657e-07 7.627193367662751221e-08 9.842507908818210364e-08 5.792510876025502952e-08 8.123118745385163314e-08 3.197973574032181623e-07
2.988009332511469402e-06 9.508088954755773855e-07 2.906543725710516692e-07 1.999072988331421234e-07 1.239639041207178452e-07 1.019463795478067698e-07 8.298885213953068720e-08 6.653123937841581597e-08 3.443165926143153841e-08 1.553340426051212044e-08
8.159685981075059676e-07 4.426031360567473427e-07 1.934044112992220760e-07 1.699716491648692512e-07 1.225279998663823496e-07 1.061937791697608976e-07 8.122436263489957032e-08 4.963846810808100816e-08 5.464343681710740064e-08 2.943605771829187489e-07
9.825481112955525034e-07 6.352331398981196310e-07 4.296915330257275477e-07 2.018242260296919397e-07 1.623498838820480389e-07 2.476585397932554901e-07 7.917857652713405607e-07 5.961031139584928619e-08 1.137782456302425309e-07 1.809256033146726977e-08
1.196032858905573553e-06 1.416551379446523624e-06 5.523640255856771662e-07 2.468235988935509492e-07 1.676944502196498944e-07 1.246848156646763924e-06 2.767526116586397150e-06 5.344546377416456080e-08 4.875334235092047896e-08 6.110093759428431990e-08
2.153071277697424981e-06 1.679059179619392831e-06 5.677319405414334243e-07 2.151470672147730841e-07 1.168450708142727842e-07 8.288168303228233358e-08 6.414744782243695557e-08 4.516504025160292534e-08 2.588058737403854218e-08 1.766777471705987132e-08
7.245836417585984391e-07 7.655956589163663515e-07 7.868777290736206460e-07 2.026209258927258500e-06 5.272640825507785768e-07 1.566258055319512722e-07 8.249865220252896384e-08 5.803717486657801549e-08 4.047338510595059490e-08 8.874466592329712765e-08
4.426144053592104821e-07 3.462164605412297631e-07 8.365542903201472802e-07 2.735338014981366473e-07 1.981716171231443726e-07 9.193280696105669684e-07 6.178960935679771051e-08 3.960207696268429529e-08 2.332951612604266065e-08 1.412944077370073397e-08
3.780786728056774188e-07 2.932361089496175450e-07 2.696732202457577020e-07 1.968950058409796615e-07 1.600355639766741398e-07 1.120480411676898671e-07 6.076574642490222754e-08 4.095569953850836252e-08 2.450715572832512323e-08 1.087883737445969889e-08
5.118264358716704719e-07 2.979565945877829318e-07 2.107459716826160178e-07 1.708073368127187989e-07 1.575664193463214981e-07 6.291117035202540255e-07 2.248870427035347010e-07 1.111517128354687265e-07 2.457230648804160542e-08 1.557186413054897457e-08
3.385819341552085498e-07 2.692745855687418449e-07 1.989227865906672607e-07 1.950563641232783596e-07 1.816461070319788043e-07 3.777187522881564224e-07 1.139518923828752560e-07 9.715301029615440371e-07 2.416679819771039630e-08 1.370098248124891809e-08
3.083022083666148023e-07 2.567455841507690469e-07 1.608576969717325348e-07 1.270416040128908354e-07 9.665225279682738386e-08 7.455222398713823821e-08 4.309333207155318574e-07 4.523576144720248817e-08 3.956568956799554702e-08 2.160632223307766082e-08
5.866519783354882610e-07 7.492839542381063545e-07 5.032689778968918749e-07 3.106715044285866721e-07 2.199918580137744398e-07 1.795859588753820918e-07 1.084302442607213176e-07 6.112185031222977262e-08 2.902920685001906354e-08 1.596313710476918370e-08
3.324087340017761852e-07 2.850198936299956598e-07 2.297899619846414557e-07 1.801285132604825545e-07 1.510489933247541187e-07 1.124099841729589837e-06 8.837822847697638127e-08 6.018191041414828288e-08 3.677310001564852333e-08 2.075342502754899133e-07
1.239672624841195592e-06 1.003788899064173433e-06 4.900157264309443675e-07 2.366641998205926961e-07 1.904626934176081286e-07 1.154561403420182887e-07 8.023398690270788471e-08 6.531075986800623171e-08 3.912075924214631405e-08 6.448551750843951459e-08
4.315095300232063189e-06 9.898551588756836342e-07 7.285935334841409966e-07 6.073196843363035168e-06 1.918602836356357195e-06 2.003555224422713554e-07 9.336257275124639468e-08 3.111017817218815546e-08 1.546304207575350263e-08 7.193663110812871786e-09
2.827443503442508719e-07 2.745634012143221464e-07 2.045479175758265266e-07 1.593319070803343720e-07 1.170444863906824211e-07 8.122100135275810746e-08 5.911299842952969355e-08 3.745969739717763204e-08 1.914805707095744432e-08 8.916566972450416166e-09
1.659981209051470285e-06 1.776870039055751852e-06 5.628385790422632480e-07 2.419444834337501314e-07 1.673915764175421565e-07 1.292332233050506225e-07 9.038370408363117154e-08 6.119356337966999995e-08 4.403739258097648235e-08 2.619030531214034255e-07
1.350599437495397602e-06 1.195482728913198772e-06 9.880191509520319085e-07 4.223633152532986775e-07 2.555472500030602363e-07 2.940189254935126292e-07 9.423777842940073399e-08 5.245019790997084673e-08 2.914084995873655292e-08 3.138885643745408756e-08
2.208071387200185809e-06 5.492686778987942857e-06 8.084432655706458751e-07 2.292636814336805397e-07 2.019322099757312144e-07 2.146410619704365054e-06 1.647929875246870330e-07 5.591268899101300153e-07 2.310194217498089876e-08 7.299978746238202468e-08
2.846423129566411900e-07 2.180127671714489546e-07 1.767366603811292910e-07 1.515465433000861546e-07 1.233514771249042861e-07 9.816245586328213474e-08 1.211564405299743489e-06 2.756066342407992213e-07 6.344627890577746719e-07 1.825250458567455756e-08
1.111015246164811084e-06 8.098164522130346381e-07 6.424972518827610847e-07 2.423618818997255452e-07 9.612544475279308533e-08 5.775943327390063393e-08 4.663137043799489510e-08 2.919977643835647910e-08 1.897265582851166504e-08 8.575881481685413688e-08
1.119111560058341526e-06 1.291701888629205427e-06 1.289120938853807735e-06 3.504214753823918999e-07 2.511826765847290476e-07 1.550957389794760285e-07 1.287244805913546253e-07 3.652043644815868581e-08 7.575305793011914863e-07 5.358637816080012153e-08
3.044928644712514474e-07 2.332866821832380826e-07 2.388290574594831823e-07 1.913678856726224873e-07 9.031656490371568998e-07 1.093769983601173612e-07 6.850688396932805887e-08 4.197137823661896531e-08 1.379768235375471047e-07 1.170101788849729500e-08
4.190989587448894752e-07 3.046956235405967290e-07 2.402426723137869989e-07 1.991419580706289462e-07 1.098446211610077584e-07 9.231494138457048187e-08 1.849580263510323663e-07 1.847607522454213076e-07 2.530289296019463357e-08 1.639604981779072206e-08
1.608298949216815150e-07 1.672923404357276208e-07 1.429629428001197718e-07 1.110325353159274138e-07 8.716252680765812984e-08 6.996125337630241196e-08 5.092047530712613086e-08 3.537139294098833532e-08 2.338795892538431931e-08 1.256682306288551846e-08
4.453926340544029335e-07 3.988741023407446538e-07 1.384719656553242320e-06 5.574312577764306762e-07 1.412195131638679967e-07 1.141864369691716117e-07 8.232958191094842438e-08 5.396372220497975315e-08 2.541186262719451759e-08 1.335223269303396873e-08
3.102436827230603460e-06 1.314040397405833963e-06 6.315900594776112355e-07 3.956413563888383193e-07 1.386220567492572238e-06 2.094550053870957081e-07 8.120681952274742801e-08 3.975909441737145049e-08 1.381876905499023955e-08 4.368510035686807746e-09
5.037312429503913787e-07 2.848210509397171213e-07 1.886048582028647894e-07 1.186447795693266115e-07 1.887790169522941065e-07 9.114295588369293670e-08 5.141542988479501467e-08 1.490504952135230269e-07 3.030521955902672959e-08 1.700635681535791448e-07
1.959885520561799748e-07 1.446824484346078228e-07 1.219533764857529814e-07 9.933571361120122816e-08 7.540653723222812090e-08 6.026913207975070395e-08 4.705582805596756904e-08 3.236674862204721265e-08 1.063287541712522674e-07 1.232271392058632020e-07
1.241601892411020602e-06 1.442339245493755514e-06 1.006722425584533162e-06 5.722695539556337893e-07 4.909535371471852672e-07 2.610434522093523874e-07 1.082513160004057974e-07 5.847763654213096967e-08 4.036678626276692952e-08 2.624741941847505059e-08
1.521667597694414615e-07 1.403432341511592266e-07 1.288278553323791669e-07 1.083228227876436683e-07 1.053297079939311053e-07 8.178535222046113688e-08 1.057229485935423465e-07 1.348800491587667106e-06 2.469614906405205188e-08 6.734530024798194643e-08
1.611051276732633670e-07 1.489043710935475267e-07 1.370529426287087008e-07 1.242751926856591164e-07 1.125295908560664320e-07 7.525106582106508846e-08 4.015298588851759102e-08 2.847449172586159040e-08 1.921139076971466050e-07 1.791789353003069569e-08
2.507204365430214978e-07 1.652069345529753254e-07 1.184234460144109860e-07 7.197656603107494937e-08 5.724119130769987288e-08 4.140124945508114772e-08 3.404809531574282249e-08 2.461610415823887058e-08 2.651216694107450170e-07 2.196024526777362224e-08
