8.697012985543733851e-07 7.340290155654462567e-07 6.316624677630936053e-07 4.877248620543008310e-07 3.834398742759048531e-07 2.707926300297325665e-07 4.242143296277471734e-07 1.027991823875077048e-07 7.941362696639475776e-08 1.090628082030553375e-07
4.676051369322641298e-07 3.800277720739792886e-07 3.423662244509009184e-07 3.036115308706565852e-07 2.488202294329371319e-07 3.053587740740145088e-07 1.748496482618676217e-07 1.352204360007674210e-07 1.581852389628988750e-07 2.348301831208424529e-07
6.143785731499468394e-07 5.071823240405647576e-07 4.202424638449579256e-07 3.119616359940649999e-07 2.321356432547788122e-07 1.720652776030342788e-07 2.389472543508606315e-07 1.521738229234965299e-07 1.211288212801745022e-07 9.330263414213311543e-08
8.903432874959998120e-07 1.352517422691770388e-06 1.038937895570954044e-06 6.380639251955898414e-07 4.495512438289276788e-07 2.912481434899010441e-07 1.961341590668862435e-07 1.150347385456780666e-07 3.897389547220680444e-08 6.027085664737906728e-08
7.605175446125733486e-07 5.956703557241751629e-07 5.638172088181700471e-07 4.524694457628625681e-07 3.353398161073006561e-07 4.018908601894395046e-07 1.637772778339558408e-07 1.023274304902530995e-07 3.717876791356345460e-08 1.526331774592188407e-08
7.892000787813620241e-07 7.103754873208961289e-07 6.520265455798687069e-07 5.126965421595356195e-07 3.839735555965806521e-07 2.507714148499809485e-07 1.565651026604933418e-07 9.874539164849516497e-08 8.164351112945692835e-08 2.515602653194262548e-08
7.683013011739370233e-07 6.912649297595652515e-07 6.029306442231193507e-07 4.793528202062602252e-07 3.751100886258264055e-07 2.727240173608755644e-07 1.735755932449557588e-07 9.333431936474022176e-08 4.258482049832394466e-08 1.336832990635517101e-07
6.006106952205597125e-07 4.911434750966241141e-07 3.943709422764904330e-07 3.146679632686825240e-07 2.458657322537290834e-07 1.799240219601323734e-07 1.223707715174306106e-07 7.977384278413425865e-08 1.091983884883991452e-07 1.289297089342350454e-07
8.867446759662301527e-07 7.568190765362761002e-07 6.179075233407381871e-07 4.885579723552387135e-07 3.951381087262186749e-07 2.778109918725104467e-07 1.763165965949222925e-07 1.024839676573994815e-07 4.528798841954379424e-08 7.911773840878206749e-08
7.406837313820992299e-07 6.027547692018229728e-07 5.142678549773722160e-07 4.070297175811295504e-07 3.387223470072670087e-07 2.771170434309759781e-07 1.736075141016533893e-07 2.290312109883936955e-07 6.638247799036250407e-08 4.057583784274826070e-08
8.816889060371547341e-07 8.368575408376095079e-07 5.637167055723400895e-07 3.648010153685672363e-07 2.941628988752941079e-07 2.153873784441477508e-07 1.556969950997086715e-07 1.885963281853557985e-07 2.432516160355870272e-07 4.659724778205179523e-08
6.921447348071999221e-07 5.909668738032640447e-07 5.234087657157936291e-07 4.692594343829731550e-07 3.520718355882561114e-07 3.175695634602160360e-07 1.579528140323132467e-07 8.779620012755783982e-08 4.446583138774500005e-08 3.878801553109632612e-08
7.876830530537852490e-07 6.655422120209161481e-07 5.628694738746770895e-07 4.841023038238628275e-07 4.765862118712807754e-07 3.547228202953070272e-07 1.640153548196705970e-07 7.903859923644883539e-08 3.536074815090729777e-08 1.808867336656870724e-08
3.725401103465673540e-06 2.090613451414477073e-06 8.357424633548453741e-07 4.684756870109915711e-07 4.073042918217624098e-07 2.493665701904217026e-07 1.552187047375204745e-07 8.280672112868382815e-08 4.996326238577492179e-08 2.171103986970148868e-08
6.454154435220488567e-07 5.930059167841479997e-07 4.891766135291651851e-07 3.981428883880121722e-07 2.920167335960806939e-07 2.081092079215155031e-07 1.380285083795871877e-07 8.222852796355996407e-08 4.478841321978500531e-08 1.945144106145012429e-08
7.826054974915864387e-07 6.324403484319765418e-07 5.842472027782750167e-07 4.436838597929921748e-07 3.130063172461768405e-07 2.444770757223250873e-07 1.639839999307075379e-07 1.002486338644535616e-07 7.374732137564629243e-08 2.227079856327361758e-08
1.261873513220091659e-06 4.846553106167506948e-06 4.979460687370769130e-07 3.967855103636968492e-07 3.003510474073159617e-07 2.147911445055199571e-07 1.422726370330191174e-07 8.571591787541346252e-08 7.718844084506933697e-08 9.574416783897386274e-08
6.248313734064474047e-07 5.522126624737399830e-07 5.226768453250124274e-07 4.358688983049548078e-07 3.219375453675644661e-07 2.382209552698205934e-07 1.675268336999102775e-07 9.302132380538493613e-08 5.123464545356904165e-08 1.831463952827213149e-08
6.853273035494665343e-07 5.898492165749274967e-07 4.819723230954720248e-07 3.750195206455843570e-07 2.719642455538706633e-07 2.193325232608343856e-07 2.804673697707177747e-07 1.240087058881146780e-07 5.359885317780964450e-08 5.748501518629432511e-08
2.641527324576018242e-07 2.433079511634269123e-07 3.309677831989940423e-07 3.189955828315856063e-07 3.379688403983480831e-07 2.052889129725129155e-07 2.982925599385217945e-07 1.473625835053589578e-07 5.641273526516432774e-08 4.231733352085382521e-08
3.892965291538625097e-07 3.491816146445353074e-07 3.395540994682267234e-07 3.243457717363372566e-07 2.736573055418577706e-07 2.060895678495310910e-07 1.478863321971285665e-07 1.093512717152340264e-07 5.602712782218111984e-08 4.406539089467268393e-08
1.325502042493484836e-06 7.482079561904167632e-07 4.488366060848653537e-07 3.858062083196304178e-07 3.101319048819570254e-07 2.185037330555488110e-07 1.748106666010221494e-07 1.289961219140105039e-07 4.925872129727945928e-08 2.189963111724011893e-08
8.862126741216070425e-07 5.510766461052991042e-07 5.310197543036197614e-07 9.934062421356056068e-07 3.563220976658164294e-07 2.294930087294338094e-07 1.534221171029100130e-07 1.824558993875248330e-07 6.138996259763897553e-08 3.097764202868211672e-08
1.261115688703572705e-06 7.855024154526572773e-07 5.097089024541452547e-07 4.353702142844580115e-07 3.643521328139551541e-07 2.867214459949151754e-07 1.511702481656468974e-07 9.773471872650666127e-08 1.498059596411176711e-07 6.602172878035832513e-08
8.535362578802024198e-07 7.124789236986428819e-07 5.592480881180359811e-07 4.338776602399092709e-07 3.315447783744488449e-07 2.406138365141283265e-07 1.482619270518129336e-07 8.715643954936984061e-08 1.261797091075083454e-07 1.926911958369560881e-08
1.128142377064796891e-06 7.058464825508980870e-07 6.902063769064354942e-07 4.833910589947896550e-07 9.628630928829967754e-07 3.132567666200200263e-07 8.721751641368593474e-07 7.915880716343453302e-08 2.994983779330624745e-07 2.235356483107526955e-08
1.981664554207281218e-06 1.695242084110598436e-06 4.371539478520476911e-07 3.312442528128243163e-07 2.622522072923341728e-07 3.091395517618546125e-07 1.506741371515955351e-07 1.837161119429662654e-07 5.090228687294535930e-08 2.554117288108444211e-07
7.351454684359406865e-07 5.506951262306487418e-07 4.922133203888197387e-07 3.726977057640969687e-07 2.572941441496129586e-07 2.020877158890736818e-07 1.564921604174201598e-07 3.840486899114001557e-07 5.704733069528832936e-07 6.672584105905577601e-08
4.466089479898783226e-07 5.145461070006466815e-07 4.281027318564910054e-07 4.919009185532373979e-07 2.652344264585297068e-07 1.888275514240882351e-07 1.270546031599268723e-07 8.190986258303605704e-08 4.791255534961562902e-08 5.351144414699571012e-08
7.789527828627941165e-07 8.201475078219184780e-07 6.127824402090690351e-07 4.723022708342169579e-07 3.512107782623054535e-07 2.545384867735593659e-07 1.487221551524135796e-07 8.645731668832605088e-08 4.859108558795078655e-08 1.235024420215350335e-08
5.742983534349836142e-07 5.665455608441380947e-07 4.525179501073483035e-07 3.748187689311152030e-07 2.677390613558522218e-07 1.840971039442166508e-07 1.265706221652633882e-07 1.302161806469917145e-07 4.006601682385754485e-08 9.478221550041055506e-08
6.884762123154482565e-07 5.679890083197611255e-07 5.303369266768390827e-07 4.603029828777939844e-07 3.832479331082943404e-07 2.527333422291916180e-07 1.746109198330428730e-07 7.336243668014213707e-08 1.458090695630792777e-07 1.932733204408530037e-08
6.747436468264640324e-07 6.467315024459824515e-07 5.422301454700176845e-07 4.283926772307524837e-07 3.434734260982571765e-07 2.526974948981947380e-07 1.482321197330241473e-07 9.056983848685793261e-08 4.421425937260071559e-08 1.247790217545420104e-07
6.891001068385367407e-07 5.621849240881213275e-07 5.272156792040715463e-07 2.592719040992701230e-06 3.383626279114787284e-07 3.048621758252721877e-07 1.393432094600266339e-07 1.004838702954873443e-07 1.348574760030235443e-07 2.194794271051082026e-07
7.125889931377476249e-07 5.481383849306773428e-07 4.857479925594458730e-07 3.749804592039748088e-07 2.864499264306818135e-07 2.037231216244049147e-07 1.962409113548182749e-07 1.819936876851101961e-07 5.388556468597371883e-08 1.583716212724448241e-08
2.320091637946131224e-06 6.731200191555344639e-07 4.583160665233778073e-07 3.889644895256802823e-07 3.190853832296139175e-07 3.003667417700455063e-07 6.378746366374075021e-07 8.146534664251639846e-08 3.564202728969032481e-08 1.165967157463643324e-08
3.079818381498802889e-07 2.954034396720447739e-07 2.410655202568996156e-07 2.165383895633877237e-07 3.184888078192411630e-07 6.403930695785688139e-07 2.589816177638218032e-07 1.373077363246388994e-07 4.891520091982130330e-08 4.728207222512634497e-08
5.657594571972726440e-07 4.459432629183993996e-07 4.940362437239350508e-07 3.454013938691526104e-07 2.424919664457906683e-07 4.263550666760354807e-07 1.634807457779775089e-07 1.101666738753572540e-07 1.114543270295347633e-07 7.840097781155403027e-08
6.075877058127009973e-07 5.561898636817670110e-07 4.568524309331024449e-07 3.169338749347884099e-07 2.485123079963750706e-07 1.880174000300848142e-07 1.466147750058884646e-07 8.016128317696410178e-08 8.135618234990932623e-08 4.840789075911680736e-08
6.453003172727134539e-07 5.389612861482013410e-07 4.186953713547381400e-07 3.183402857586353765e-07 2.627294397653580077e-07 2.146723311379717553e-07 1.630970675673892278e-07 9.330755100863047489e-08 5.213826280013573485e-08 5.082660933380887537e-08
4.733503808949633543e-07 3.680975368198854116e-06 5.533428558137464423e-07 3.338291268985576155e-07 2.326677746005371250e-07 1.961736294106216918e-07 1.315770954738699235e-07 6.451199639688849833e-08 4.621669008134367417e-08 1.769773489466761716e-08
6.277830842567260424e-07 7.038782863315266342e-07 4.105664984074413286e-07 3.837602944635825062e-07 3.148211366450242193e-06 5.273277500873422145e-07 1.465232694251392209e-07 8.521658291799750698e-08 2.917444822842341906e-08 1.018902132062870123e-08
6.353939730213556459e-07 5.132985121095844898e-07 4.291662990204120041e-07 3.588917077066786923e-07 2.940344203804241879e-07 2.208389862558751391e-07 1.316075675258033391e-07 7.651975309184170820e-08 1.455553773278781951e-07 1.538702867224722518e-08
2.627295636832462789e-06 8.837967964922937859e-07 4.156270314913374488e-07 3.223615231970972100e-07 2.510610216993649529e-07 7.565026770188895237e-07 1.654475228624977837e-07 7.660284260490604847e-08 8.960772501638636765e-08 2.457776208573290002e-08
