1.018840363132087140e-03 9.181167576271572622e-04 8.115292861764196539e-04 6.958987032252597323e-04 6.027158915935435478e-04 5.060657153569742732e-04 4.122249550376307276e-04 3.240068199717977102e-04 2.522485133211285519e-04 1.967932368046973089e-04 1.510396005480131218e-04 1.149315517043530748e-04 8.722462956895509119e-05 6.781887610478571726e-05 8.448339264331277158e-05 4.769587901970280736e-05 6.558549533828388880e-05 3.629642631506168195e-05 3.570061257037359710e-05 9.539805870151060903e-05 1.354377001653464074e-04 8.189022775132940972e-05 2.945897740817491540e-05 1.425517378378292734e-03 8.379281278489543146e-05
6.362676105611056194e-04 5.695479689007066281e-04 4.949760559655545095e-04 4.319923536745428521e-04 3.732778977571866086e-04 3.188038674387447930e-04 2.703138388498672255e-04 2.291317758404223283e-04 1.883062507180435579e-04 1.567315839441028034e-04 1.280529130060060843e-04 1.028170323459710639e-04 9.088845073794295617e-05 6.004566886003733487e-05 4.885411262961415513e-05 4.180926211955857417e-05 5.053593545959610036e-05 9.014230929919470070e-05 1.575544145608757430e-04 5.748609527623453863e-05 1.791185982243648494e-04 1.085233986990994423e-04 7.265763300583929335e-05 1.179948719999728213e-04 4.092923137192643903e-04
1.237393023636878739e-03 1.164448793162406416e-03 6.679516901432265997e-04 5.584645554465880821e-04 6.035151477898016616e-04 5.076232584201697184e-04 3.670542397437074299e-04 2.978908972548319927e-04 2.501043851219614104e-04 2.247342391118989347e-04 2.254787973526051778e-04 1.604197106040097950e-04 9.995603998111523159e-04 9.742011492578438289e-05 2.174719171942079857e-04 1.742145518057037221e-03 6.136506783975985760e-05 3.768684494016440965e-05 1.006462617607615156e-04 3.413209426018581579e-05 1.365689018813147819e-05 6.163824567179193245e-05 1.044727312441712762e-03 7.042023573602043804e-04 7.513111353803300239e-05
6.152302387701922334e-04 5.570586148059223502e-04 5.045701743911784479e-04 4.414147873213816460e-04 4.118358193058799114e-04 3.715323129836584060e-04 3.114927070796743441e-04 2.483186941312711012e-04 1.980090306496739823e-04 1.588818953407101131e-04 1.382963588035858742e-04 1.092023269784450954e-04 7.522426926786760263e-05 5.366056681326741487e-05 4.095044061198184943e-05 3.145798576190131981e-05 2.808823053615797978e-05 2.394820786597087398e-05 5.166237263968963451e-05 9.154752379493960124e-05 6.486853398155903265e-05 2.184441490575583810e-04 7.120987005649637451e-05 2.709065457534160897e-05 1.121709996784379216e-04
7.589125349651133735e-04 5.858908671296620633e-04 6.012287898936496044e-04 3.731832541737194198e-04 2.740324627180598400e-04 2.239113022391413525e-04 1.887116929657073209e-04 1.607998554506154178e-04 1.385111818575272629e-04 1.178585272442242410e-04 1.033995437405991807e-04 9.266655958813437173e-05 8.818542744820611343e-05 8.464068025846113600e-05 7.208509357741067064e-05 5.930046536447483834e-05 5.096565534502139086e-05 5.641355495937464134e-05 6.341259361528097630e-05 2.998969500479669152e-05 1.233125741349288228e-04 2.484259542451719015e-05 3.777819512428451745e-05 2.163069936637872101e-05 6.894028519953494176e-05
1.933200870492269999e-03 1.458405459524226471e-03 1.147454811380927949e-03 7.617868423023660667e-04 4.463553380847026537e-04 4.683413300857365157e-04 5.176694692503072378e-04 6.138455773248054905e-04 3.197091256641765452e-04 2.079480571983995628e-04 1.693928790563175722e-04 1.251334438406968982e-04 9.337533034426547137e-05 7.222704653060529466e-05 8.463050050871382800e-05 4.698198429176911269e-05 3.752883443064217411e-05 2.754722422106640226e-05 2.036383964798116664e-05 9.238681139172534294e-06 1.096413361319436251e-03 2.044373399122702070e-05 2.081604563799995325e-04 2.367059475902645333e-04 1.111365515164885125e-04
1.110717539616008342e-03 9.637142196068132667e-04 8.059722086222018307e-04 6.822818773499639148e-04 5.730246235370524974e-04 4.744039342768252608e-04 3.912843100178295939e-04 3.245545743139964892e-04 2.722339145158267620e-04 2.176313755029316769e-04 1.740140039954679693e-04 1.448205799151388445e-04 1.035169980466295293e-04 7.032394546534608015e-05 7.139167862218590607e-05 5.763831938557954711e-05 6.819833519654208579e-05 2.535068087939531113e-05 3.982255499476998906e-05 9.086889894632992971e-05 1.398279609001511973e-04 4.986212138197508679e-05 7.123325088670632156e-05 5.670936717746740145e-05 5.698190863580417304e-05
1.784275075175811420e-03 3.074413939650059817e-03 1.626062294598502661e-03 1.002021807864804425e-03 9.454161983941146430e-04 5.793373959587750721e-04 6.245875666707848559e-04 4.857469656939048842e-03 7.769724378865363983e-03 1.925454447833612045e-03 9.925811815607620599e-04 3.309202330941028399e-04 2.771386770440838979e-04 1.739718465715479488e-04 5.783888750261671036e-05 5.279869033444602525e-05 7.232223286988651728e-05 1.366770590772023546e-05 1.379743412415939968e-05 6.608853052131066048e-05 1.153401518602871121e-04 6.272254272900797557e-05 4.241890233268007780e-05 3.742013303250432151e-05 9.498540362832702283e-05
7.973028116985978256e-04 6.831499564813542716e-04 5.891310206296482797e-04 5.012734371433105870e-04 4.278634919464576435e-04 3.696305380160928552e-04 3.137696080142090053e-04 2.707585882320926048e-04 2.361077010879173159e-04 1.994117936033667842e-04 1.553035712743107888e-04 1.339463703555938165e-04 8.687825352655199678e-05 6.886335586096128491e-05 5.015225197227990450e-05 2.986803244688926380e-05 2.009594426852365971e-05 3.769600848270876378e-05 3.561004480643452927e-05 4.121614038671844054e-04 1.244005315340843349e-03 4.933394715185222530e-05 1.222188914022138441e-04 5.524717947878004501e-05 5.961980264961528329e-05
1.205817928383730872e-03 9.332426838866845131e-04 1.100684208539562565e-03 6.349322493127775068e-04 6.519266867256717085e-04 4.108897906353088528e-04 3.082882261639112616e-04 2.947504358711996292e-04 2.023257975774337563e-04 1.911762108570075412e-04 2.260005538418569972e-04 3.328090514771934300e-04 1.208356639188615017e-04 2.478819860388700009e-04 1.137694479330122761e-03 5.338165563392845093e-05 1.270834745731492816e-04 3.043879321073263394e-05 3.455808281303940203e-05 3.294166496565965494e-04 1.728862277212273843e-05 1.998435037130013607e-05 1.739460031240824250e-05 3.008133475436218870e-05 1.302625021716909972e-04
1.175373483071235313e-03 9.554292049641850996e-04 7.913714261725548430e-04 6.788098949908567608e-04 5.516470484548621376e-04 4.225152312678286072e-04 3.422918230220714400e-04 2.742278419318004159e-04 2.197283967156046834e-04 1.752425923917443420e-04 1.356973800965179252e-04 1.023389491944586639e-04 7.294555221422898827e-05 5.359138374740332269e-05 4.001512561598669028e-05 4.761395411891994551e-05 3.137875639533882298e-05 2.235654547022204814e-05 9.571919667763823899e-06 5.721255146137277248e-06 3.285684256029741576e-05 2.819359768842617935e-05 5.530632364357351128e-05 1.394329916423653555e-05 1.596903393161158179e-05
4.747891528940817105e-04 4.124331654870750795e-04 3.661957098776827185e-04 3.263418503254823474e-04 2.873371635485964088e-04 2.535793594651065313e-04 2.270550912965888738e-04 2.140510650756206608e-04 1.807054765486216347e-04 1.244509387003364990e-04 9.965501617288438229e-05 1.453192597977494846e-04 7.752824502137099761e-05 1.350508393418875812e-04 1.220401132764311941e-04 7.310884995177754410e-05 3.696486918833235917e-05 1.814638241168704903e-05 1.197680465535368188e-05 1.463244075649003980e-05 3.041237878318447127e-05 1.624596130646442478e-05 4.391907565097457721e-05 1.511236125387684017e-04 2.962037357902698952e-04
9.049948599918426068e-04 7.765027540349617348e-04 6.864419494157708102e-04 6.003615292737748662e-04 5.172724300234102625e-04 4.439757071212400790e-04 3.955854047849263907e-04 3.251733537954558211e-04 2.992528085257968921e-04 2.210914548195943685e-04 1.449079230737708489e-04 1.066342567714981027e-04 7.601314750159422339e-05 5.199297225431873386e-05 3.706175759625588751e-05 6.905449162428063919e-05 1.889640625056902959e-05 1.671689009749395145e-05 7.511295593214223084e-06 6.226200466788870997e-06 1.948140640069753065e-05 1.399233136396864592e-05 2.299936818589450439e-04 1.114456681631249135e-04 2.525399511911729006e-05
1.477479457353808113e-03 1.277790792331892807e-03 1.105286286510068303e-03 8.877767168839831172e-04 7.253841044910240479e-04 3.351313823022085674e-04 3.058382150029412944e-04 2.416804022308876795e-04 1.834359966511943483e-04 2.560128394290517827e-04 2.351035413118190336e-04 1.379877007696441685e-04 1.240806378813958072e-04 5.308161428002158063e-04 7.847374815082821446e-05 1.180046271751425396e-04 3.352777338904842675e-05 3.068939824505448853e-04 2.746987662118088557e-05 3.319863796757496370e-05 1.478547372685503902e-05 1.674945057026988116e-05 1.241431132152568450e-05 3.123018652851075394e-05 1.615255790521682305e-04
5.633074937876019319e-04 4.674177568651386784e-04 3.935612023873293432e-04 3.335799388000065097e-04 2.805136884757617279e-04 2.405817618084221915e-04 1.968497358706042775e-04 1.648791546039424054e-04 1.485598542883029792e-04 1.474999903793415166e-04 1.256046300419185922e-04 9.747905151994111104e-05 7.741343238607094346e-05 6.172512853713493840e-05 5.699941282414506801e-05 4.635346642296142745e-04 3.586865606210682463e-05 3.518270159984759860e-05 3.011487386382764354e-05 5.933851078339401531e-05 2.416012363761691127e-05 1.712391180207819205e-05 3.152620591259286045e-05 7.468799772988912982e-05 5.522698352605014913e-05
2.778794457237022779e-03 2.011642542844296975e-03 8.525409800969162158e-04 4.375787393029356470e-04 3.599521741574991576e-04 3.360230953576239963e-04 3.156145644551072520e-04 2.958521288047902243e-04 2.347094816917399268e-04 2.081167636226373158e-04 5.280673560732090151e-04 1.325222182324353672e-04 8.513998152527465753e-05 6.480369207339243252e-05 4.615534829442045965e-05 1.131827839723974726e-04 2.464209915425570743e-05 2.334489942638545687e-05 3.535905134283337780e-05 7.847329713914012164e-05 1.426978736516497487e-05 6.891051411272477968e-05 1.749713802705817360e-04 1.794162899406780522e-04 6.720608710160746817e-05
9.886995934941232057e-04 7.988620687539501339e-04 5.972755061540499641e-04 4.983055310046006353e-04 6.188580363840184275e-04 4.322485544134017292e-04 3.487604884072221514e-04 2.874660147141957383e-04 2.341002913658685777e-04 1.857292810802417201e-04 1.731118421578081061e-04 1.225812246571711731e-04 7.264995903013722069e-05 5.166686589855999689e-05 6.029630388765795071e-05 3.868956387819258479e-04 4.273121565249363271e-05 2.557355477363550212e-05 1.700465466651156522e-05 1.154753569687400404e-05 5.370567923530750681e-05 2.663803294145728568e-04 2.426399850356213540e-05 8.562801690007519856e-05 8.529740051518589698e-05
8.662058598281011795e-04 7.141238846625097992e-04 5.211019726068364831e-04 4.151418976281620143e-04 3.594962256868130439e-04 3.138891222644372655e-04 3.184910194422944105e-04 2.621423479404374059e-04 7.264668354415800043e-04 3.041697801445652355e-04 1.823837799421132455e-04 2.004519931069589553e-04 8.622534385345393836e-05 8.363072489186659537e-05 1.771538266063165334e-04 3.606417463304698831e-05 2.381977929017311938e-05 2.143943579452703080e-05 3.347608339400381597e-05 1.652416944509435537e-05 1.560350605832543889e-05 3.988050199355245049e-06 1.229824903095312529e-04 7.190525284782818874e-05 5.876586530431765184e-04
6.929134604016119877e-04 6.124313976893271940e-04 5.117467184742899257e-04 4.264541915927933815e-04 3.731123855916698554e-04 3.426108273750432345e-04 3.040436353100299418e-04 2.992080669816851442e-04 3.623581934030349226e-04 5.252120190427512613e-04 2.222385162487345797e-04 1.615617200295170822e-04 1.578198158690474664e-04 1.706154302495811802e-04 5.304371692745129082e-05 4.560430505244640316e-05 1.030053320031891896e-04 5.072766957514160608e-05 1.100012758701005698e-05 2.399517385997060274e-05 4.827346235540000907e-05 3.870506412778145714e-05 3.589146495690733883e-04 7.613079605839501586e-05 6.933861981044497197e-05
1.665386524661756785e-03 1.264840037407664788e-03 1.078712625813913395e-03 5.287856397831782991e-04 5.497773483032661031e-04 4.347595823666253580e-04 4.179639251802184431e-04 3.183736481148765414e-04 2.793005640326356597e-04 1.958190504632002316e-04 1.592774346386047158e-04 1.240072745403085442e-04 8.165586458982334954e-05 8.274091570101743719e-05 5.118683730293543531e-05 2.644348662630085058e-05 2.353713785237364573e-05 1.137758605119812485e-05 5.212983750691078878e-05 6.033246214917565626e-06 2.068934663669496219e-05 1.925690023833480209e-05 1.232154794944797442e-05 3.457065277808413288e-05 2.898594674953047199e-05
1.051378509555777729e-03 8.887633884860995058e-04 7.684184197433050964e-04 6.562647805105687642e-04 5.524762975054958117e-04 4.722995433649255625e-04 3.983020684513516384e-04 3.266099057784774534e-04 2.639895401141878679e-04 2.040164615591483568e-04 1.479676403769365246e-04 1.099841726517986290e-04 1.146291579147881961e-04 6.313645669183829063e-05 8.903528185170263905e-05 7.572489972441074670e-05 3.427533046225654431e-05 2.702608750000179007e-05 2.951456125611046175e-04 2.640170157922956361e-05 1.147956329530801949e-04 3.721840097712722918e-05 4.388298822645240885e-04 3.786767786865345687e-04 5.692838932196555657e-05
6.814233620476412272e-04 5.726309373002018335e-04 4.778942828382765377e-04 4.054565713114994131e-04 3.442640578782125808e-04 2.959347649636746825e-04 2.534913682053438759e-04 2.153773986976740998e-04 1.835153558175415622e-04 1.562158083544973200e-04 1.244616434645371599e-04 1.179103098142503595e-04 1.531621758202141091e-04 8.512027067092963481e-04 5.756463040161461037e-05 1.104394567956006848e-04 3.840825321423735415e-05 1.352976114507727780e-05 8.203756209476781281e-06 8.094912933727958836e-05 4.942027827234256885e-04 4.687705904087812174e-05 2.480586984227837953e-05 4.229073778617106522e-04 4.654957594237991427e-04
4.559142869813480542e-04 3.807036555465342421e-04 3.680032067222187633e-04 4.071419196599073884e-04 3.117137377657483162e-04 2.517874160181558579e-04 4.125734194179705235e-04 3.865734485354855817e-04 1.920617384077454742e-04 1.560006247000223943e-04 2.714427471773852240e-04 8.437186342741638187e-04 1.367374546600480837e-04 9.777638979011983903e-05 6.999418983124632465e-05 5.093302831243602235e-05 1.130648847208756214e-04 2.258375316328028841e-05 1.754048143215316093e-05 9.351505995370621295e-05 2.866328043330698097e-04 8.967991743244937953e-06 2.601179800080925027e-04 2.866223999187183545e-05 3.898125320746137663e-04
4.841507171526733782e-04 4.101894129506950546e-04 3.637208935093036487e-04 3.420016583859538631e-04 3.139700458814129853e-04 2.797967499952464790e-04 2.561435442046268549e-04 2.669867567998589273e-04 1.802212301277699704e-04 1.696647662741526989e-04 1.946140714244834512e-04 1.918998527881073698e-04 1.049885506642085999e-04 5.624684363722419662e-05 3.916646953126525838e-05 3.302705859088951254e-05 2.740416539420438948e-04 3.815962111793515227e-05 5.106951193161934427e-05 2.538874334081846706e-04 4.134874868818638261e-05 4.070824043300703775e-05 7.598782838002693006e-05 5.322708743884134789e-05 2.332732934295661683e-04
6.176640912444894766e-04 4.777894978206740631e-04 4.402458584697728863e-04 3.718568617214914706e-04 3.159384148321554256e-04 2.679514156766460951e-04 2.347389234962874046e-04 1.947430309794325495e-04 1.600812653288948830e-04 1.289915792710178029e-04 1.112144520098205331e-04 8.144908640734654101e-05 5.986716940429004228e-05 5.350808659204745317e-05 4.789731213057636888e-05 3.924074478922879271e-04 6.798508140386655136e-05 2.236404959430123859e-05 3.845357310022442816e-05 2.037467010214339601e-05 1.488004548424271991e-05 4.107264874863141035e-05 5.353919167256953655e-05 4.116873712735796874e-05 1.703285717324225267e-04
5.842697107405051861e-04 5.165327640272635414e-04 4.727185371181117160e-04 4.305248271336577898e-04 3.894102349275035306e-04 3.389417677269850591e-04 2.946055705516606340e-04 2.488809308676132861e-04 2.059303246567787576e-04 1.684609408129671604e-04 1.512235556599016617e-04 1.410271656001185281e-04 9.010184821806215059e-05 7.062053466544166574e-05 5.922748594141944876e-05 6.646938471218290375e-05 7.194542820078829340e-05 1.941094637935569258e-04 2.116912947267105219e-05 1.803129028167317716e-05 1.344498666610176226e-05 7.685538167759063075e-06 2.951942777908488021e-05 1.289713256223580116e-04 3.944360802942936504e-05
6.266788512239512225e-04 8.248427336477719835e-04 3.110696042558075262e-04 3.050175144166797554e-04 5.158519402461065641e-04 1.165511318426732832e-03 8.744871291893109057e-04 4.573357909071866512e-03 3.618150241957769240e-04 2.127924750644766131e-04 1.481368270204830404e-04 1.155549090631845905e-04 1.626284748751839640e-04 1.022635061446292942e-04 1.405968838076706402e-03 9.333353667781988305e-05 4.086902372046196671e-05 2.093238627231237359e-04 5.404621967186014678e-05 1.972281088073616560e-05 1.774197456521482924e-05 4.921224992244008613e-05 8.256873677619199002e-05 2.368589775913967238e-04 6.245124789991762879e-04
5.378936831078662880e-04 4.813420315725031842e-04 5.680327984409214506e-04 5.501536747044909019e-04 3.504087872121438565e-04 2.706480415863143766e-04 2.176545447174219527e-04 1.801570980669987929e-04 2.001267934852724571e-04 1.562859202441867733e-04 1.228628346005502950e-04 9.654633297874470887e-05 7.829662147681922283e-05 6.613706776135641553e-05 6.120037103585898911e-05 8.797633992164179118e-05 8.091398871201054086e-05 5.769534002121980750e-05 2.786938854466556085e-04 3.841296452049816943e-05 2.061519239309976396e-04 3.040287160953659848e-05 1.168578549181306420e-04 9.444984390935418496e-05 7.339221664277780508e-05
1.399265194458850729e-03 4.792290714589358979e-04 4.130957988111530628e-04 7.462363192792985855e-04 5.867387545658921425e-04 3.289201321645801850e-04 3.132698340074046130e-04 2.193523879480401711e-04 1.981435489283156883e-04 1.630114514195724193e-04 1.343117058360148754e-04 1.009028899305621890e-04 7.827575960951772068e-05 6.722309532033913604e-05 7.957041220020552650e-05 4.713915753791928453e-05 5.271346269480840633e-05 1.665168095681221917e-05 9.346079687769039720e-06 6.365052618428716532e-06 1.880849617098102072e-05 1.874147346019885445e-05 3.836885169051809473e-05 5.290063031000737228e-05 5.188933166969693291e-05
9.068430829572313124e-04 7.904648824321167978e-04 6.585814422614343858e-04 5.488438197347784596e-04 4.584549853329236637e-04 3.753985061315044235e-04 2.998278259744118195e-04 2.375839386208976724e-04 1.843950318535848051e-04 1.449699836529485641e-04 1.406949673933434561e-04 8.705631598378944184e-05 6.519593769963671719e-05 4.911043201818609296e-05 3.424709756964610768e-05 2.375777777975026256e-05 2.851527762632413866e-05 2.385415037370718156e-05 6.769301563221617262e-06 3.920405389230340412e-04 2.872252091528767147e-05 1.536761969400772803e-05 2.673368211591927975e-05 9.073759982767173990e-06 6.848356181129754475e-05
1.813212995613680502e-03 1.381137147553700975e-03 1.088115256096755740e-03 8.305013968882639895e-04 5.327687308730148655e-04 5.319619589748884967e-04 5.247060931235599706e-04 3.352714025477277317e-04 2.651316706493598240e-04 2.357051627147089016e-04 1.793234478410431979e-04 1.614951466585645495e-04 1.168605688562599783e-04 1.127505583608920170e-04 9.243661875331139624e-04 4.125035698624532641e-05 1.359682907414240424e-05 7.912298893605486830e-06 1.952209612838424482e-05 4.821081228609449076e-06 5.454649922106766512e-05 1.951052922711913354e-05 2.142939108988150586e-05 6.840091445401470392e-05 3.046734978590474061e-05
1.101071064422468352e-03 9.462113656598894907e-04 8.063481540859415144e-04 7.138288350680011950e-04 6.071197023618761643e-04 5.378480334056221857e-04 4.911922163547553961e-04 1.796682527714715642e-03 1.509876140781439514e-03 2.045341685920864215e-04 1.408066025143824820e-04 1.006504771318044778e-04 7.161782520656467701e-05 8.234384143139447101e-05 3.526388271565608092e-05 2.551312573497403549e-05 3.981681715549153339e-05 2.447620183983280530e-05 2.643352649805403947e-05 6.808444875421633001e-05 7.583908556101171612e-05 6.057594747724472122e-05 5.944455458913515633e-05 4.223940343466779353e-05 2.106291057468567316e-05
6.502308777999071029e-04 6.066605787341593052e-04 5.799753927982965367e-04 5.234166585222162129e-04 3.733805631288674635e-04 3.719811355058685854e-04 3.394854369962616524e-04 2.693902935854220805e-04 2.358517809609036954e-04 1.531350452465245074e-04 1.402662887243229348e-04 1.029308078075900852e-04 6.416233494726079900e-04 1.728404546601984386e-04 8.979559959369801884e-05 3.878138700468818523e-04 4.228275338438175496e-05 7.387951281680551520e-05 5.241919200811107158e-05 2.209189933633642910e-05 7.235820292973631587e-05 1.122099483820732648e-05 3.952299127033314985e-05 4.388542076637542175e-04 8.490472392367560202e-05
5.219599021006175212e-04 4.529508026316329556e-04 3.991829477687791898e-04 3.576557394737416430e-04 3.071864942937796634e-04 2.612826995717943703e-04 2.244337827414503344e-04 1.946570350718528552e-04 1.627124129640941240e-04 1.338136587003829357e-04 1.079248571639856562e-04 8.570302677196515409e-05 6.611599873509619793e-05 5.520910277574031706e-05 5.472843888734094125e-05 1.008688361648611437e-04 3.137622984876444138e-04 2.416813778277233305e-05 5.135571341620979378e-05 4.194707328398383810e-05 8.099653651606120088e-05 2.730972514647184645e-05 1.674149711274758052e-05 1.528335537153407213e-05 1.208654585978797764e-05
1.899882085823831421e-03 1.325494033056962744e-03 1.094442383170175217e-03 8.095679824273368250e-04 6.268447224840070732e-04 3.252038582364298776e-04 2.973742646045057759e-04 3.616500433390208843e-04 4.748069387577627488e-04 1.976807175835348744e-04 1.421354480089345501e-04 1.124807110251376598e-04 8.251974019252324155e-05 5.907788172848712908e-05 3.972004787811079049e-05 2.604405600583916379e-05 1.671899632335563000e-05 1.098682852503074435e-05 7.461671871020324757e-06 1.650097368696321846e-05 1.595961483804530471e-05 3.539785236378491912e-04 1.130293072682757627e-05 2.159106277702471877e-05 5.951146055001840138e-06
1.080778459623820895e-03 9.699188287685238125e-04 8.981944019382862021e-04 8.516670331668677605e-04 7.317634956297371963e-04 5.528702126825957210e-04 3.225700379098593302e-04 2.644339483937796411e-04 1.973641330274435288e-04 1.483824642542777247e-04 1.278311905606804519e-04 1.100126232214488026e-04 1.124133123874927818e-04 2.363996862022607962e-03 2.501220599929272672e-04 9.951719061901452643e-05 1.720746090915583921e-05 1.177757313202883306e-05 2.061908093888802147e-05 4.584393448131183720e-04 2.584868280344426194e-05 2.890012832349068958e-05 4.953574094320868339e-05 5.367074680181664137e-05 1.701006909844920986e-05
1.324866137355229902e-03 1.174127845992310563e-03 6.102439341034545306e-04 4.149252626005421303e-04 3.349672722194342025e-04 3.498566818940724633e-04 2.823982372969467973e-04 2.192612186673040177e-04 2.277645063694541086e-04 1.893021786289371606e-04 1.149271246625561493e-04 9.335633514222777722e-05 1.092307218576325973e-04 5.132373829111950669e-05 3.282175201939477777e-05 1.983801132865501996e-05 1.446754631392081264e-05 8.552103721901973285e-06 3.349515295633930949e-05 7.331565135967960962e-06 4.301050673794180099e-06 4.462369568056744831e-06 2.953133863442159606e-04 5.491674014312644187e-05 2.580758133724785327e-05
8.862174878480239297e-04 7.319614086084575560e-04 5.977827113106121268e-04 4.930087600154365104e-04 4.743835765613458005e-04 4.789949441661042425e-04 4.556267054087155348e-04 1.002205696140602998e-03 1.027255620621445866e-03 2.787053306295149456e-04 1.884628002166220499e-04 1.189013335617267208e-04 7.676559874648206951e-05 5.183526012831058251e-05 6.613581149383042823e-05 3.290793684245266296e-05 2.055890731244422378e-04 1.427712557241430761e-05 1.485066562831066734e-05 3.733867818369951348e-05 3.970917090897751073e-05 1.393106520481136564e-04 8.381942546383054009e-05 3.500118221932078922e-04 2.233764069906459481e-04
4.241076724351367714e-04 3.744116981944618848e-04 3.438933128842562191e-04 2.992908435972696925e-04 2.600810945218680944e-04 2.209971247239180274e-04 1.866965145321863645e-04 1.533337381785945211e-04 1.265874168053955087e-04 1.033418220213127116e-04 8.454995598841766628e-05 7.787795683500241132e-05 2.111554882929867101e-03 5.859315409513772641e-04 4.006597089244416253e-05 3.770818944437021047e-05 4.358917906824414545e-05 2.756040003682029649e-05 1.201997688700723516e-05 1.385631306546547432e-05 7.361973676802538772e-05 1.197865289138829820e-05 1.255788415497418147e-05 1.489132959466348391e-05 1.539972044766890085e-04
1.212556949922088956e-03 9.352870674100315822e-04 8.412705047916978901e-04 7.192472377330718421e-04 5.508623420583491463e-04 4.573453308359234958e-04 4.720399353474700479e-04 5.583609807066938465e-04 3.486868358520080115e-04 2.552678695116527229e-04 1.766345967341646078e-04 1.247183918051428622e-04 8.323605215212802149e-05 1.202635248067293480e-04 5.717115562004737822e-05 2.609707667122986542e-05 1.355082225597030999e-05 8.309096809420232906e-06 8.153529419768617222e-06 1.407054522456091448e-05 1.166906294849734266e-05 1.004798230465602315e-05 9.142785609390324369e-06 4.958038615446752921e-05 2.945932503139463317e-04
1.556582479917871650e-03 1.046693718969111259e-03 7.416754053740608329e-04 6.499399106592040638e-04 4.334884923686699722e-04 3.349835089256702841e-04 3.730884387480722054e-04 3.430685400832155928e-04 1.968460705786355793e-04 1.602850955618081150e-04 1.254897590850162297e-04 8.906437711873692710e-05 7.108278504762602205e-05 5.028168642536559916e-05 3.704120276280193014e-05 3.105785747892847654e-05 2.379280726207459878e-05 4.547460485554913600e-05 1.462312847325459784e-05 6.610938610688041233e-06 4.154236259130285840e-05 9.598675859392320471e-05 1.087391471918138015e-05 2.536396647029450857e-05 7.492439722892578089e-05
6.303081635365689406e-04 4.677835145027584756e-04 6.664760524839352142e-04 3.877639971741986356e-04 3.438678164696069633e-04 4.648724924875621963e-04 4.567120578644224692e-04 3.288899046869088981e-04 2.366752351283462567e-04 2.361943744545549645e-04 1.468678616224796242e-04 2.416601641807685115e-03 3.549191867591488712e-04 7.612538218544645128e-05 5.600956275997076328e-05 3.641636492678849963e-05 4.262625631097161430e-05 3.053694206122854624e-05 1.016670347842459360e-05 3.601229023372920089e-05 5.988179114486192386e-04 2.681300474991376486e-04 2.777973637883455340e-05 8.435045089574294715e-05 1.351804321186241437e-05
2.740993944881313111e-03 2.197825321510772038e-03 1.315693817826965595e-03 8.900235645431988502e-04 4.928734087688669630e-04 4.117961519033990652e-04 3.334187487567327073e-04 2.089981262370410641e-04 1.905203587883532335e-04 1.904269233170763017e-04 1.467081579685066621e-04 1.066335928224614835e-04 7.723085655333066868e-05 5.670949835181362110e-05 4.231599843260506322e-05 2.765626766397511865e-05 2.977119414075160114e-05 1.112009041770131270e-05 5.805273584998425714e-05 2.622114984222375110e-05 4.224357531360374519e-05 2.423972795661797529e-06 6.398486577239658032e-05 1.635210344526437699e-05 1.328532647381224798e-04
8.044708905272724211e-04 1.143633350319210942e-03 2.594420578764354210e-03 7.458987718867260246e-03 4.476235256443251791e-04 2.979820845934552545e-04 2.522056706829674711e-04 2.258932249686452620e-04 3.064143477226938706e-04 1.975350649722880055e-04 1.363688614926926326e-04 1.212018715380334678e-04 8.595386413339507043e-05 1.163058959624523742e-04 4.415870522995002601e-05 4.491557979305250308e-05 3.110262613390708672e-05 1.634514926613860020e-05 8.779965270468285783e-06 1.897674957169591070e-05 4.058387344897930417e-04 6.076717623831241906e-05 4.597638694438221772e-05 2.065086621511742320e-05 1.089350884132099601e-05
3.911004221496790028e-04 2.929569977334427720e-04 2.417634084212832665e-04 2.007893223910799151e-04 1.814822590275566550e-04 1.498788402405775181e-04 1.288898531492053945e-04 1.190797307027929126e-04 1.104838138013569969e-04 1.018205599182803986e-04 8.333723822504697509e-04 4.307030259710917589e-03 1.282276918172512087e-04 7.912826651036838563e-05 5.715288105272187948e-05 7.598470927852440514e-05 2.626719592314561468e-05 1.465569298278094858e-05 7.266235507278868805e-06 7.346894597290211810e-06 1.483977136152338358e-03 9.574193015440764275e-05 2.885528819940925049e-05 3.765297340428509841e-05 1.144843480202313605e-05
5.310311712937237309e-04 4.209016184831594902e-04 3.713885959025689911e-04 2.519197324370497839e-04 2.435421150751730982e-04 2.173991497107374154e-04 1.812947340953632218e-04 3.151101296363139552e-04 2.026488694678304310e-04 1.854634264909023507e-04 1.766118969197379911e-04 1.700974576760770174e-04 1.440065834039352044e-04 6.145507194827780730e-05 3.983487083214098826e-05 2.732999079439119150e-05 4.694043163022665175e-05 5.011205729522863771e-05 3.865964616017011273e-05 1.037206279799110628e-05 9.790881586724026450e-06 6.483263883850094418e-05 1.892145161159219878e-05 3.618343253848039045e-05 3.727864508838489523e-05
5.499866829986908368e-04 3.733097936747104256e-04 3.159494362069612786e-04 2.669711551744554409e-04 2.328137171113704295e-04 1.821139832176826953e-04 1.507550431548735574e-04 1.387744128444418296e-04 1.262084224811934436e-04 1.180170018304372014e-04 1.073214345782165638e-04 1.077054844830776115e-04 1.029290264163574268e-04 6.293755129932116009e-05 5.677732159082560633e-05 3.199926766384444748e-05 1.548903012651050217e-05 8.952205657866238683e-06 1.439682159208483917e-05 1.527094560569668198e-05 9.415130253468520413e-06 2.120025428857499678e-06 2.938659109767636617e-05 5.061220936245292755e-06 1.182243660447767395e-05
1.162107787020152721e-03 9.205508634044220822e-04 9.746478502388346678e-04 7.088795367750998873e-04 5.239271839475124820e-04 4.060487849730914640e-04 3.200075459133526912e-04 2.562523979932363480e-04 2.170634218629069446e-04 2.733499224185830727e-04 1.292461945752579669e-04 9.676082283283671281e-05 7.040168609002616046e-05 8.794502626060658984e-05 7.762704601102919546e-05 2.388884750479046325e-05 1.213253055271506793e-05 7.061919315523545101e-06 1.209182965474593554e-05 8.754441985606787861e-06 8.778148813408088411e-06 1.871160037766308970e-06 2.567863124802795033e-06 3.885151329047081429e-05 5.136611018851660487e-05
4.989785331715740216e-04 3.809973395452439160e-04 3.874648438431460909e-04 2.744530363946413930e-04 3.903148876448759002e-04 2.569610719142722752e-04 2.690443694716755521e-04 1.852938388810966162e-04 1.614362238282924524e-04 2.860012302033790115e-04 1.924025513476222530e-04 1.383511664275221447e-04 6.355839351707416834e-05 6.212757561335439515e-05 4.902386850448438267e-05 3.285717663124335347e-04 3.088897631588581599e-05 1.636211954445544725e-05 1.459166071168109229e-05 4.722865292080262348e-04 2.135409418981456048e-05 3.544755543727731021e-06 5.589973136191492776e-06 1.633867861747853443e-05 2.057650696072250057e-05
1.490511761899696030e-03 1.113408644090853978e-03 8.121705895577031918e-04 5.888111630903705923e-04 4.539491801098646177e-04 3.864240548779920826e-04 3.209092860228158648e-04 2.756388073472933273e-04 2.082525775913423194e-04 2.061608347224480272e-04 1.350325749927555477e-04 9.934117585614461125e-05 8.146714875225569586e-05 6.200485293740474427e-05 6.191972941110646729e-05 1.017390408544190409e-03 4.895031543547981003e-05 2.066116530461494083e-05 3.359190842645830841e-05 2.146326593975285917e-05 1.400930103519522448e-05 3.586016090707057130e-05 1.312554481772943923e-04 7.244372365416845987e-05 7.836827698418377750e-05
6.189626981186591550e-04 8.046277570368308256e-04 6.594907051212579212e-04 5.804763735494332649e-04 4.746293389442128238e-04 4.174252319780796718e-04 5.418849666758266976e-04 2.384913777100815182e-04 1.663065181212243266e-04 1.229385927266151118e-04 9.785174508076282976e-05 7.768945382798152308e-05 6.510370283779327155e-05 6.403506843781378534e-05 8.350952586210642610e-05 2.444490839775897647e-05 2.807098424354660302e-05 5.600169682747421643e-04 1.889011663889645498e-05 2.484882609906321653e-05 1.865848736717942675e-05 2.164512356295063766e-04 3.627483489051219796e-06 4.216726784216428490e-05 1.058497782593676860e-04
1.283081687541582630e-03 1.315424435035410407e-03 1.122021810060431666e-03 6.018221302937369665e-04 5.020699390264560464e-04 2.557286803431002044e-04 2.310513285994301308e-04 1.714903582392317087e-04 1.485168079351672674e-04 1.423256091838843301e-04 1.407018703625980403e-04 9.165697134628640911e-05 6.678085438114273267e-05 5.455275317301984427e-05 4.191900253990102500e-05 3.510180603571193465e-04 2.102100841831985810e-05 2.072490274051530919e-05 6.991423249279525577e-06 4.579847435881327602e-06 3.217119119724901299e-05 3.498142270450915444e-04 1.034937941204673622e-04 1.836797402985915469e-05 2.873118143285514569e-05
5.009952705252580752e-04 4.489389639296309563e-04 3.956441569405674840e-04 2.963616913400210690e-04 2.351898847879427149e-04 1.894437639901617651e-04 1.571144174674535103e-04 1.330331974131937413e-04 1.063141448140176963e-04 8.797136017668435071e-05 7.928391924156262278e-05 7.334703218851659648e-05 6.083179960956191384e-05 5.158461476214924708e-05 4.432249827091052768e-05 3.567171237397074386e-05 4.538605682854084447e-05 1.746095973963829263e-05 8.393001009590648294e-05 7.710973094538765862e-06 2.673425432977228938e-04 2.509185042910570454e-05 2.863288861990024803e-05 1.248092847015712414e-04 4.986438309690959854e-05
4.971184259175226655e-04 4.499301445981813800e-04 3.974895992697442359e-04 3.485292117386744825e-04 3.092933625526217488e-04 2.526758774346009990e-04 2.054845709717057877e-04 1.626438002286380140e-04 1.265828380459960720e-04 1.001520383191025290e-04 8.105561993980314891e-05 6.477588509804280657e-05 5.069826906305681613e-05 3.869915016737722078e-05 2.846615822620783665e-05 2.729188848599110564e-05 1.008423546041940116e-04 1.317606463641327921e-05 7.918391711684965442e-06 1.091491395082715508e-05 9.075370129092495919e-06 3.819205402513888481e-05 1.543087515427106601e-05 1.101773021046876464e-04 3.650165978473439128e-04
8.147820390703290096e-04 7.535597482725241289e-04 5.593976281828306205e-04 6.566340562036069965e-04 4.247913254678134997e-04 2.514073575386767119e-04 2.339995554733864517e-04 2.269144893611552930e-04 1.289815128860334116e-04 1.028268017894513143e-04 7.296249727660411458e-05 7.929487460845162415e-05 4.570323510116154012e-05 4.034603261866239924e-05 3.552154324038995581e-05 2.925577913771725176e-05 2.942991866191931440e-05 1.189619180263929159e-05 2.019156658979283107e-05 6.250064288439646245e-05 3.416812715659637781e-05 4.875416542587867821e-05 1.020743069449036902e-05 5.008166025943106291e-05 2.484289143693174857e-05
1.317393794121847527e-03 9.695305928762680677e-04 5.746106674371965779e-04 5.374301197953771595e-04 4.971680731060434434e-04 6.505070291076108912e-04 8.204382841470695287e-04 5.796590133475524806e-03 2.075334699845680345e-04 7.202179504046015823e-04 1.402367868615351371e-03 3.418110303154559535e-04 6.786297082423772722e-05 5.154873143382695990e-05 3.897055619613402515e-05 5.173514119823607161e-05 1.388935819803032943e-05 1.571169969211156441e-05 5.557487327560363992e-06 4.946209932924618832e-06 2.792647390404699972e-05 3.999594158637536273e-05 1.416802743819864567e-05 1.573397696935047114e-05 2.264574916913104937e-05
6.865288569851324321e-04 5.907274608108587476e-04 5.309640889566383682e-04 4.540510368784266026e-04 3.998430454859340163e-04 3.437919869814309122e-04 2.891637143844217315e-04 2.396205005065156133e-04 1.939226363704088334e-04 1.585755381489301682e-04 1.315974431450841391e-04 1.039203586391274775e-04 8.707097724552129950e-05 8.914773267483516858e-05 5.073881230252382185e-04 6.061820121661035783e-05 6.570555132220146945e-05 3.442247472586662570e-05 8.613359672159933179e-06 9.761394363850955800e-06 3.036274841103288967e-05 1.473276724842090192e-04 4.661437876819398817e-04 4.332556466091966178e-05 3.797942234677472394e-05
2.194718706790149861e-03 2.346352663319872019e-03 2.422371004893807567e-03 1.405401394525323784e-03 8.937876271495915357e-04 9.981184363232744813e-04 6.033297955913228530e-04 4.387766659676868011e-04 3.757988780562557924e-04 2.680012588244499072e-04 2.353689334015517565e-04 2.680192727041457606e-04 9.459736350011092756e-05 2.325583283244539467e-04 8.614184259267773256e-05 4.131561331768866189e-05 2.420643899151398267e-05 2.522309399025933054e-05 2.081497877740253903e-05 2.885947047484924014e-05 8.252874273362188621e-05 1.047766138906625755e-04 2.265620518241997881e-05 6.170453668064047881e-04 7.322602021259714633e-05
3.900533482059985002e-04 3.594035982829273785e-04 2.646162024072530833e-04 2.163393674417564275e-04 1.956883297900042932e-04 1.718978804191233320e-04 1.553416825885556404e-04 1.810139291792851055e-04 2.599999298097793710e-04 1.928190332420198121e-04 1.015002236376611518e-04 1.183188298472462189e-04 1.019651093791029602e-04 6.384201261803007759e-05 6.510108805141479114e-05 7.131998872023215101e-05 9.286169134832178884e-05 1.462262628704066652e-03 3.820614191733457326e-05 4.692559566635117844e-06 2.816618501041209364e-06 2.266632076741637153e-05 2.036462089393189633e-03 3.135148931074398172e-04 3.560349195180203332e-05
3.866197171115600133e-04 3.497401888827666549e-04 2.942503711009817821e-04 2.670755839782570007e-04 2.293276797689417737e-04 2.009159185767194595e-04 1.684399476401035589e-04 1.441310989502295810e-04 1.230194973649953623e-04 1.123149630488487797e-04 1.077941846911803367e-04 9.375865575012332933e-05 7.522430485196566227e-05 5.415994722516002415e-05 5.937096480976532660e-05 3.066473434568850909e-05 2.921898769103419517e-05 5.192531255138684606e-05 2.114262135159525904e-05 2.542749113761643543e-05 3.633215251874665950e-05 5.476596255867763606e-05 1.926296135179650436e-04 4.413665077281736884e-04 1.747434241205450978e-04
3.963550220793258714e-04 3.265170902248831384e-04 3.087875343383268776e-04 2.666289681363312849e-04 2.346163898621135037e-04 2.174176728675686788e-04 1.911304130635612145e-04 2.775428322144105910e-04 1.523721802437002929e-04 1.214512790997858849e-04 1.001713250275625090e-04 9.290834687178250323e-05 9.312966832703211230e-05 5.847949306462645454e-05 3.806065121327144318e-05 2.787117013386727877e-05 1.904472725456339712e-05 1.081577311627733908e-05 7.878473023950925892e-06 4.780733265953682372e-05 4.102328201359905789e-06 1.307839835661906798e-05 7.303957660267522664e-06 6.168619226170405344e-05 3.475041187211769310e-04
6.070597136238092047e-04 3.702324189433999521e-04 2.620689935595395042e-04 2.520770526327584683e-04 2.490109456603871582e-04 2.334072959373165190e-04 2.228573756311088704e-04 3.029052094608323739e-04 1.951079555502882557e-04 1.659722266536714334e-04 1.103663649535811808e-03 1.237989557392690483e-03 9.624697114017759247e-05 4.249975773376324102e-05 3.610372583415307233e-05 2.724410073943141336e-05 2.136654473483415653e-05 5.841463447297531126e-05 5.715008387983088736e-04 9.701152067425548430e-05 3.269637737148085914e-05 5.424741691249370746e-04 2.982213755075476940e-05 5.441398285441076876e-05 7.240435832259508578e-05
1.547661364834673628e-03 1.274586017880691364e-03 1.133554745256894333e-03 1.124281245337175033e-03 8.703865604860253329e-04 5.334977937286712948e-04 2.387146159278923964e-03 4.856217668986140485e-04 2.369517651415650446e-04 1.619756895226062959e-04 2.614513248739341791e-04 1.036291627121260198e-04 6.932470915828138950e-05 3.518591439877238099e-04 8.344042290223658664e-05 5.925255033034413596e-05 4.293734026088327034e-05 1.753111462253993316e-05 5.633228976028860732e-05 9.644169771714103471e-06 9.450402069472885750e-06 2.434771855026157436e-05 5.554356991117593661e-05 2.197114845986528834e-04 1.114973746135312151e-04
5.664667059636550005e-04 4.969609111463526609e-04 4.441420245905194171e-04 4.036326556332567382e-04 3.337007645699768084e-04 2.945444784397665281e-04 2.516531889447791589e-04 2.034646894305192815e-04 1.489372981338400986e-04 1.116922455507378788e-04 9.112234161855238827e-05 7.124192481379584743e-05 6.252204108679012054e-05 5.901604332338093967e-05 4.104583904866189302e-05 2.854133114495835098e-05 5.219900174806442732e-05 1.811913739563209675e-05 1.434216705297051595e-05 4.907777321619423552e-05 2.735518582535127166e-04 1.692960661805580633e-04 1.178255461111869669e-05 2.250290811637785415e-05 2.054835884191620664e-04
8.274393878833283386e-04 9.961941331434558383e-04 5.316346214698873919e-04 2.610458118759626770e-04 2.391791519181243289e-04 2.160395636034515433e-04 1.873629570217295501e-04 1.608444111638300544e-04 1.433500059579838500e-04 1.412872369947487270e-04 8.164887289729080041e-05 6.232093066702980994e-05 4.572078945722755921e-05 3.242664796746985907e-05 2.209175169338507385e-05 1.375683125415229845e-05 3.177090142812407579e-05 3.300305663488967855e-05 4.713601418005261686e-06 3.556347042791618691e-06 2.440443543081495629e-06 3.868553376755204208e-05 4.437645596052225823e-06 9.009878388210251570e-05 2.201660149206995153e-05
6.622068643366910146e-04 6.099708504909308717e-04 5.280348962340231187e-04 4.617696444787077088e-04 3.939204053451774768e-04 3.405902494494917601e-04 3.410048112583555810e-04 4.963417245970502996e-04 2.717941915560231122e-04 1.739661761208006769e-04 1.374216359385178399e-04 1.227197726426347156e-04 9.647182259425466158e-04 7.413731473110239797e-05 3.806550753610407519e-05 2.349581630508275825e-05 1.376388344718643220e-05 2.404952611584765113e-05 5.990989380052238978e-06 1.279426056213740265e-05 6.356066544255241466e-05 1.000730977910090777e-05 6.763872097012076625e-06 5.780443847723822608e-05 2.181985637784744940e-04
6.301103885925803377e-04 5.199596356204356931e-04 4.210509767190208905e-04 3.646704834107384577e-04 3.118639456004474505e-04 2.675700338914502080e-04 2.279163925275273187e-04 1.836636596593728681e-04 1.435069611944258963e-04 1.094689449949165500e-04 8.408134469713694640e-05 6.317163697791687322e-05 4.599885305000121115e-05 3.164503187117311949e-05 2.207017396995105871e-05 1.605932284486970716e-05 1.231012634712466298e-05 1.512283302640569196e-05 7.258844000333727817e-06 4.890569962652723072e-06 3.616561518433823448e-05 2.410719700897380956e-05 3.765290622796553432e-06 1.348913672062260009e-05 3.301239458076493460e-05
2.154626917926380503e-03 1.684456142499228537e-03 1.692163120722717847e-03 1.494104495215154479e-03 9.225110599058312629e-04 4.169037910787532744e-04 2.306754190569469220e-04 1.928623954769348621e-04 1.576229278409270310e-04 1.420804018108746069e-04 1.346890555424034512e-04 1.185775570714553168e-04 1.014167738864619995e-04 1.406208515123785307e-04 1.285706151153642946e-04 3.121616208444953427e-05 1.678525270612329603e-05 1.837909244247209830e-05 6.500276895487045283e-05 1.699830329220397234e-05 5.459354227725057347e-05 1.840750967786604591e-04 2.263895891003067477e-04 7.491961837106235510e-05 6.228023553302343028e-05
6.946904597796419627e-04 4.888000463535578828e-04 3.753342710501256577e-04 2.849984797134930614e-04 2.311709595678146899e-04 1.857175132343591841e-04 1.493373332117300012e-04 1.210239051693202180e-04 1.001640445610414465e-04 9.121822687165810390e-05 7.898955075211535335e-05 6.997051722169816523e-05 5.323183387847335108e-05 4.146589408181296330e-05 5.715847363308527713e-05 2.179087228995035041e-05 6.275043214635971978e-05 1.576490139777413085e-05 1.182410445235968032e-05 1.601348166542250338e-05 5.043805282971823871e-04 3.243673815699590126e-05 4.134533659996006085e-05 8.818020934142123174e-05 3.342677599651027462e-04
4.510635093821940595e-04 7.699074113298713272e-04 8.173546641343378645e-04 4.635479485293295425e-04 3.566697737091547920e-04 3.004500227753188605e-04 1.902674823136572878e-04 1.437072979307731221e-04 1.082586104626410419e-04 8.987757483965669000e-05 7.325865200059414870e-05 5.793002566735923873e-05 4.542648827257462308e-05 3.502993161996639879e-05 2.571498337190641779e-05 1.875362525288482842e-05 1.279882200425281726e-05 3.048353502503585737e-05 2.852950798742292317e-05 6.709406944244992709e-06 1.528308131070082025e-05 5.528857087565251929e-05 3.207890290473497928e-04 2.084678154446093670e-05 1.969549631417797893e-04
4.560206335547325085e-04 3.973044466676395239e-04 5.146299914323914336e-04 3.582516775618286610e-04 2.760138026183494154e-04 2.397530894668099030e-04 1.900638831048007929e-04 1.539082288703420755e-04 1.267893965709219160e-04 1.042394062766715282e-04 9.310282694579277089e-05 1.439004315729080000e-04 5.785822317285881523e-05 4.603833576437887432e-05 6.957222253862759855e-05 2.725800927126090565e-05 2.317587491863052303e-05 2.304202203385902480e-05 1.734708424629250552e-04 3.295671266390005531e-05 4.278877150839115871e-06 8.954828129045690736e-06 1.003648968784871339e-05 1.499483947854425992e-04 3.275675048374122335e-04
8.315255338535352224e-04 7.738298268835005480e-04 6.544555017527896746e-04 4.553171152913073759e-04 3.291491606125444662e-04 2.813529002445831566e-04 2.358897424732584705e-04 2.153096608074349567e-04 3.932158294300585797e-04 1.697990771115383106e-04 1.070255668348934889e-04 8.171867286599095832e-05 6.711231930622782460e-05 5.166040505462278775e-05 4.878130168129292903e-05 3.153613167945039511e-05 2.067034169875850823e-05 1.476619317481647727e-05 2.196591734926779050e-05 9.108053453699911151e-05 4.027715823870656935e-05 1.090971150085412232e-05 8.610281946908275705e-05 4.615962019383071575e-05 3.127971956382244998e-05
2.569813407388749690e-03 2.153742262377738616e-03 1.367498773136495774e-03 7.991195490246879533e-04 4.923370165430890821e-04 3.050370587413972988e-04 2.467275291871883435e-04 1.937608214653489108e-04 1.297918396835578622e-03 2.892655778855651684e-04 9.655346705754119731e-05 7.397657675998469957e-05 7.022161445375097279e-05 5.934356359774611367e-05 6.915801671282805234e-05 2.751475349225705061e-05 1.669049580885017433e-05 2.635409960772940862e-05 4.124170452478281948e-05 6.827379619930023464e-06 9.403425300084393619e-06 6.783306889978066219e-06 7.549321836109421395e-04 2.176150647677411201e-05 7.966986732763954452e-05
4.089175595678277986e-04 3.573790294655786941e-04 3.587472866227153887e-04 2.344753238549075660e-04 2.058709136461127104e-04 1.816875579802718879e-04 1.532120881805506532e-04 1.369615549797159159e-04 1.447765257438152068e-04 1.101921563407669838e-04 1.055526962565146097e-04 1.327601903298828725e-04 1.351003548942239030e-04 3.636255977937834981e-05 2.879811406750726509e-05 2.063658779819740771e-05 2.594599131090739112e-05 1.215253756793430245e-05 1.243135736591652388e-05 1.739345473131250497e-05 1.604510454595997948e-05 1.777099015701152850e-05 1.214395884110381934e-05 9.744412875132118978e-06 2.769450646315021618e-05
1.385005707069264166e-03 1.474679174120767725e-03 1.443306085606660101e-03 1.300210755208887608e-03 1.329385671526261232e-03 7.734004593705993275e-04 6.174710872479544912e-04 4.805786079952915424e-04 3.197113800579710723e-04 2.742433840168854260e-04 4.228779376516713642e-04 1.440172200803800000e-04 1.321393538994617952e-04 7.398840009950574225e-05 5.543150420683433643e-05 8.062331471738270572e-05 1.784433810490384994e-05 2.218275562342010557e-05 9.759922020484236219e-06 8.467184241981851706e-06 8.970851784339548614e-05 2.229486380470257505e-05 1.599384570069978500e-05 6.563002426675882110e-06 2.470099496767439278e-05
4.974819397703002374e-04 4.534979424204532792e-04 3.966594406957313162e-04 3.709862477777962886e-04 7.566081654367224577e-04 3.773041066824172479e-03 4.584286591657593495e-03 6.385796854991232984e-04 2.353829632603874060e-04 1.633947361770407428e-04 1.168463529945649196e-04 8.607710922176141897e-05 6.377587987240229174e-05 5.563470334322261491e-05 1.084515717010475604e-03 2.078756163339248936e-04 1.358599243258137260e-05 8.640051868961118941e-06 1.712040593439356046e-05 9.197671818566931952e-06 6.105309318160846410e-06 3.971490651319636264e-05 8.841314108475033663e-05 5.319641300244611597e-05 2.921305227756752169e-05
1.441999816959420918e-03 1.227582962222245307e-03 2.296635379016714277e-03 1.462683407273545830e-03 4.657836351714728681e-04 5.167050632673310514e-04 4.208473691630717117e-04 3.623568920649546587e-04 2.315332011797928706e-04 1.622585343276740431e-04 1.336046416117127648e-04 1.613421364310701643e-04 9.767538160430778017e-05 5.863462061538870520e-05 3.546781757254759674e-05 3.094025677315564722e-05 1.870093832183608373e-05 3.191798580289366123e-05 1.596715570692585639e-05 4.435093383761675248e-06 4.216235984278396493e-06 1.234626004797688763e-05 3.904204170926423988e-05 3.218676430267029294e-05 1.339304804899982531e-04
3.891240536984345031e-04 3.590140362241612051e-04 3.343242305589653042e-04 4.155520781220988728e-04 5.962551556119280362e-04 5.745391627948492116e-04 4.057195943561254289e-04 2.542938461000930368e-04 2.128724419256914258e-04 1.897668798731492329e-04 1.514181810170431579e-04 1.189091286472955441e-04 4.887502107355171929e-05 3.535034114528815788e-05 2.445266288411501959e-05 1.657597317633447667e-05 1.190808923417579076e-05 8.974041160039871733e-06 7.152101697874667617e-06 1.596418420910426740e-05 1.521703101798993961e-05 3.591469011192908599e-04 3.545227335002865696e-04 2.243216884800025644e-05 5.081529756301565070e-05
9.182429315844143139e-04 7.652420438569116625e-04 8.531116275627940873e-04 7.762496994271141136e-04 5.412869332927516559e-04 4.415569192704292675e-04 3.708961389061291741e-04 2.762607617618403617e-04 2.408758614596277130e-04 1.671005462506187629e-04 1.352403694692337849e-04 9.286725183291669292e-05 6.489436007445218064e-05 4.521484253229708075e-05 7.087596171339300539e-05 2.000849470466694295e-05 1.051196112720628177e-05 2.950687905727809540e-05 2.818922094414697460e-05 1.468748984697085074e-04 1.779122525181541260e-05 7.305380992920166670e-06 2.295082833432707606e-05 3.167051245961822461e-05 2.632786204657149758e-04
3.487061347531215895e-04 3.962559126222195286e-04 1.847853161646687134e-03 1.829066298076825400e-02 4.360135696378287726e-03 5.759985770573855827e-04 2.429121142308776540e-04 1.054369865832626205e-04 8.770440085211204148e-05 8.077591498780416343e-05 6.833936035870756597e-05 5.870546823239420378e-05 3.177610426576644108e-04 9.195907466252097604e-05 3.813199168817055142e-05 6.020828102763623092e-05 3.568415620191413436e-05 1.438809625422390099e-05 2.747223138215973333e-05 6.125189173826045835e-06 4.948192716801869738e-06 3.589733345646580332e-06 4.118969988077817097e-05 4.079707144861358223e-05 3.428053062317084026e-05
9.228236554697503329e-04 1.085378616424884134e-03 9.139970139354154817e-04 7.052742104642086528e-04 5.919870385758632973e-04 5.526940080608247442e-04 4.364235366776210911e-04 1.393868219518580001e-04 1.180627827441758947e-04 9.452743115446020903e-05 8.821561985134671816e-05 6.555201434739978583e-05 1.312380891056676613e-04 2.085172038047721811e-03 7.421638434129039725e-05 8.623129491959515545e-05 1.845438992722059137e-05 2.283267014539896899e-05 5.296655949914752191e-06 3.853621521273268365e-06 5.737844807342805193e-06 3.841253587964182616e-05 2.539739762379064817e-05 3.561588317533150949e-05 1.810683637711999795e-04
1.511684769365187779e-03 1.397661876082635386e-03 9.824248909878158329e-04 9.036408930750058086e-04 6.595353572978739521e-04 5.253126533389162805e-04 3.890244998593491918e-04 2.002389612071180667e-04 1.585224514110901461e-04 1.671145281332830099e-04 1.232546972642498606e-04 7.753078287339585555e-05 5.565508788027996579e-05 4.260798947153048803e-05 5.123351345658856221e-05 2.010118285523261651e-05 1.133867391480088362e-05 7.409699131449662575e-06 4.873440139563151361e-06 1.034708569407648664e-05 3.342067832055658468e-06 3.557549963621870062e-05 5.994119037992588197e-05 2.887009282677871513e-04 3.160847836874010027e-05
2.873740104735934722e-04 2.377277684149016370e-04 1.882507374434937164e-04 1.176553451377720786e-04 1.298748230670880197e-04 9.601545720370834557e-05 8.995745088964383798e-05 1.624910929814395914e-04 2.456058550072770866e-04 1.007275128310858921e-04 9.401062456584259618e-05 9.233937236520866590e-05 1.040471319780838318e-04 8.131765046497073932e-05 5.884366411755854597e-05 2.703927550389871996e-05 2.187170103396877783e-05 1.433913352278337494e-05 1.648650235431644082e-05 6.464093152505517112e-06 3.891927699798829909e-05 8.991668325502167724e-06 5.780455797712404965e-05 3.163080401652370162e-05 1.868840117356904173e-04
1.718529030894176213e-03 1.981226987531528767e-03 8.610652626726268645e-04 3.279226933164668687e-04 2.506544216626991717e-04 2.210331282368151651e-04 1.577848678889227354e-04 1.191059489702907004e-04 9.835152553199671185e-05 8.295085449720775704e-05 8.094033015381809693e-05 7.963335672241064506e-05 7.335163249478863633e-05 6.239309581102741675e-05 4.131481529437005872e-05 2.236249912873150019e-05 1.498361578700769761e-05 1.078805711065787667e-05 7.458072572149478272e-06 5.229740668189717398e-05 2.290636259976434912e-05 2.790813687591113949e-05 9.414234671544799643e-04 1.983469342400656608e-05 7.126797807728400694e-04
1.760843699251026439e-03 1.316368136359067102e-03 1.078469817287255970e-03 6.255393252881386989e-04 4.707341576298544237e-04 2.827909706456597084e-04 2.001404659270350635e-04 1.582262220875599572e-04 1.414559518525140922e-04 1.745922684655090717e-04 1.711531130212100944e-03 2.044440368890153032e-04 1.017555573691674662e-04 4.737119796114861050e-05 7.633746953262504479e-05 4.221174076382289418e-05 1.589127883449298491e-05 1.031971940718760197e-05 5.644255009903810478e-06 2.290668055602118914e-05 4.644843202410767734e-05 3.220698938068310342e-05 2.228561960582995210e-06 4.694298048353572354e-05 2.011201111293994776e-05
1.057688575522687871e-03 1.236069017856310194e-03 1.069493518057849576e-03 8.663946097466589114e-04 7.130773342660119002e-04 5.125362544097028994e-04 2.339175631628150911e-04 1.787618117484831475e-04 1.364812626279252494e-04 3.300250568758798862e-04 4.311975892410434621e-03 9.304409144696425228e-04 6.779165873769855976e-05 4.592540899851000507e-05 3.273279489593010236e-05 6.496655705227406038e-05 2.851555385740527223e-05 1.783033834780361538e-05 8.737560151012775767e-06 6.788682633020810654e-06 1.013399264406344603e-05 9.201000268349416884e-05 1.002578625065336684e-04 6.487724503647045290e-05 1.819332785833751534e-04
1.326634706721470771e-03 9.141413833504488662e-04 1.089363924458723858e-03 8.479400182026893993e-04 2.930974287730193982e-04 1.619394801987157476e-04 1.265122943422921145e-04 1.019823030516465491e-04 8.614917877281537655e-05 7.427802456036523924e-05 6.227988410464415389e-05 4.886424016935722597e-05 4.003179653785224790e-05 2.720771927408565771e-05 2.022157196644072376e-05 2.058268765271065301e-05 1.387132636440428204e-05 1.416289472514202094e-05 8.716145145524589570e-06 6.452977985159931639e-06 9.082550024099464596e-06 2.128106484627278138e-04 2.217579346554033096e-04 6.130485137029168365e-05 2.488652186526752402e-05
5.231224104308172590e-04 7.165977527164847606e-04 4.591186757852398380e-04 8.542089299943238104e-04 6.720929748918041133e-04 6.052371798523461296e-04 1.031439818912684072e-03 5.282155755004267839e-04 3.018970994116679436e-04 1.223385326083096354e-04 7.291299860348170745e-05 5.181842130272504461e-05 4.352554595145663777e-05 4.385856241807170169e-05 3.246273316474649235e-05 2.881392601636691253e-05 5.516937427656040731e-05 1.342697950816431945e-05 1.476545528235432459e-05 8.576426395709334919e-06 4.353936656665062071e-05 1.190164705031143612e-05 2.320012278902387607e-04 7.614251831444194792e-05 7.833477382121034182e-05
4.685336929215900420e-04 4.244486519176127333e-04 3.793150187990663850e-04 5.578086731125080295e-04 6.745050783313171752e-04 3.169165279767713925e-04 2.349808091116548222e-04 1.898533558391835041e-04 1.796863008856971089e-04 2.310853232304065118e-04 3.042200275831150025e-04 6.260004341289083965e-05 4.856746753555609840e-05 4.266163533871283669e-05 2.706930892388715397e-05 1.982961604412000257e-05 2.790285486024569319e-05 9.033956833080722065e-06 1.324413032749901037e-05 3.739053753462666602e-05 7.283018506288087324e-06 5.644942694719600655e-04 8.051488995699539511e-05 6.256995182431529144e-05 3.317870480674765940e-05
5.645087969151996524e-04 4.176116480708626775e-04 2.946884017197510326e-04 2.429336289210972213e-04 2.104556243905175781e-04 1.707116761525725296e-04 1.441088286538626468e-04 1.290626931045124690e-04 1.395115467968469092e-04 1.552909396933272596e-04 2.893880385480000934e-04 7.257403316055889358e-05 1.143553914371762096e-04 3.487391953754277193e-05 2.242659448610854583e-05 1.647130012335593498e-05 1.131443892975161692e-05 7.378838300556299897e-06 5.444332437143306481e-06 8.701852174219954983e-06 4.788739105227814879e-06 1.085371134287216845e-05 1.648322863332581122e-05 5.465282472036266510e-05 2.886437076605696570e-05
5.502498470830978353e-04 5.107371383995764529e-04 4.653073383887009937e-04 4.075377944199546493e-04 3.613605302891325071e-04 3.118624412240193875e-04 2.606888173465433879e-04 2.250739795344350953e-04 1.883507246165556123e-04 1.863415722794384071e-04 2.051303685933800029e-04 1.085831637764762543e-04 2.706387902195258482e-04 4.928736770375878942e-05 3.127661714141191120e-05 2.234211175246588696e-05 1.653252617754570445e-05 1.222686708253208789e-05 9.409324240751553388e-06 1.757070371007067673e-05 3.250683242660828558e-05 7.668687711125498751e-04 2.011844185778615573e-04 1.568345938022799803e-04 1.197981437135862319e-04
9.688004117138382821e-04 5.669908164895930223e-04 6.018118273197620161e-04 1.042818437313242086e-03 6.183814834198758398e-04 4.558654417304674848e-04 3.006985108294948743e-04 2.200144372232181182e-04 1.598575763834891796e-04 1.648853039169528335e-04 1.675919174841776092e-04 1.166118662532531419e-04 6.507390452544122017e-05 5.829829566098917738e-05 3.092287979553130870e-05 1.983075721596629546e-05 1.667545944829806339e-05 1.444381197581089727e-05 1.597618144453707612e-05 1.629118912214008158e-05 6.315645049496565843e-06 1.732815478951547182e-05 1.868700369046644624e-05 1.453127278158553815e-05 2.885000304390215485e-04
1.288477836141270049e-03 1.221115076532439288e-03 1.104426232271019407e-03 9.123177670415900204e-04 7.824128132168046762e-04 6.728061086074238039e-04 1.112259724271560252e-03 9.424683951189797605e-04 3.064169919444121909e-04 2.272248183058871813e-04 1.375474912676753736e-04 8.817422617438407150e-05 5.115512862491872719e-05 3.454337129054598827e-05 2.267088436633008059e-05 1.686341783232443869e-05 1.420875358826142910e-05 8.573739227616293402e-06 5.230480099967547164e-06 1.063546677976909434e-04 4.578620798124690810e-06 1.168828869470321971e-05 1.049599899150008847e-05 1.647303060402096166e-05 4.161027225503118542e-05
6.312460100272808926e-04 5.057542946757479646e-04 4.451297548350895616e-04 3.836978552382325647e-04 3.351443573075448272e-04 2.900752053014396298e-04 2.447364933999178829e-04 2.018830242897100594e-04 1.589704626809406297e-04 1.221370665550909195e-04 9.415613712087587657e-05 7.125882716396781465e-05 7.481539908257985689e-05 4.424176982597310173e-05 2.353803581257771341e-05 1.410450823952737727e-05 7.848357865228609156e-06 4.862910326976248708e-06 3.047703209626162913e-06 2.718267609172683346e-06 6.474381502955458829e-05 2.758570710220637845e-05 1.071034518988361488e-04 4.236713731719973482e-05 2.444310353790681763e-05
2.080273099194888519e-03 2.128891142575612717e-03 1.867075819246288805e-03 1.630588904183830979e-03 8.293914181532250057e-04 4.604525351569803372e-04 2.970368480145247378e-04 2.429204010604003427e-04 2.408684803985263368e-04 4.737825378669665265e-03 7.474135195930923419e-04 1.207657743931940872e-04 3.384669185538005079e-04 1.855232724992000089e-04 4.630099859844650112e-05 1.682097400665790183e-05 1.033999764642891063e-05 6.967176432825664199e-05 4.561488723040075814e-06 1.625614261649908673e-05 2.607630285612962896e-06 1.897192268943444492e-06 4.058112377572074846e-05 1.348527046300966844e-05 8.492206167614492897e-05
