4.219154659752199729e-04 4.021646909179861203e-04 4.827859746193700788e-04 4.359100299335902937e-04 4.155877665810898697e-04 2.946910783103518839e-04 2.299885785380892150e-04 2.128413316055896305e-04 4.411732723692153970e-04 1.303887422695014237e-04 1.109445916147152933e-04 8.586677895211431214e-05 1.530060612746487580e-04 8.358601393558450702e-05 3.812858037362247706e-05 6.397469636262543495e-05 2.225619937825904253e-04 3.449930500513488977e-04 1.118670263097510406e-04 1.723056815872999847e-04 2.007224052744142819e-04 1.836491772403668361e-04 1.221898341430068154e-04 2.859414525598395979e-04 9.087115951614506209e-05
1.396951757470081892e-03 1.421293318804949359e-03 1.094626896554690750e-03 1.070630346410297515e-03 7.734180190348872736e-04 3.933598847459159878e-04 2.688613766894534600e-04 2.331367165914771547e-04 2.278996377650902992e-04 1.504340914734294610e-04 1.349602087137208892e-04 1.104050409572324761e-04 8.476061154981886386e-05 5.743930025823001923e-05 4.075460715691322302e-05 6.229786074779026682e-05 2.951452913192933149e-05 1.612446897095521151e-04 1.127777439957017581e-05 1.527377304719178556e-05 6.975017206438475495e-05 2.333527023915954389e-05 1.055895441430838036e-04 1.680467973796798999e-04 1.233593893331589968e-04
3.913827181967520301e-04 3.313184018082267614e-04 2.829593596785338633e-04 3.006508219222528769e-04 2.529253721781062406e-04 1.874403803681441889e-04 1.685075904997340485e-04 2.234221578582427838e-04 1.451700158193636625e-04 9.496401332465180078e-05 7.328004988238110643e-05 5.863079799862410915e-05 4.741206486088574536e-05 3.750707281767577683e-05 3.126067553758281803e-05 4.330573127099002353e-05 2.857439188198803942e-05 3.819204478014373452e-05 4.006113561148542159e-05 1.084311191443032481e-04 3.007749576054968691e-04 2.095712987079074519e-04 1.279711227433318001e-04 2.407024229129221848e-05 5.953930113993461038e-05
3.362697787712736397e-04 3.198852616346027676e-04 3.195204868894168629e-04 2.453691242813289906e-04 2.452159735386466870e-04 2.781213674749327420e-04 2.698157373433827662e-04 1.729262595817115445e-04 1.275604687349586488e-04 9.806539352638727540e-05 8.231959379382760731e-05 6.686747397737255016e-05 5.309686149836684711e-05 9.498627022134173718e-05 7.572149919906874874e-05 3.357648686794265471e-05 8.493944987122148686e-05 2.534965619925047249e-05 1.162805728303316355e-04 2.995253374182952656e-04 3.951213666463849924e-05 4.951564840693850269e-05 1.186037320748619290e-04 6.076208553761499427e-05 2.781560449423195713e-05
1.198755228395477577e-03 7.408596779002923948e-04 2.724795599004582497e-04 2.265912395741377357e-04 1.961261626374054951e-04 1.690865965028659143e-04 1.510100100313042980e-04 1.361293009406879212e-04 1.235126472580676650e-04 1.108335607801899311e-04 9.132118308843163821e-05 8.021374889876067209e-05 8.245065587443516455e-05 6.562872522617893111e-05 6.471456641803858862e-05 9.415156156751908971e-05 5.480458006428192569e-05 6.753133060646592434e-05 5.435954855104764967e-05 4.197395271611154742e-05 3.277575093143418535e-05 4.188572067621726684e-05 1.153345556820464964e-04 3.632836097232883900e-05 1.098459432962020302e-04
4.869937601861010212e-03 3.905785533878515774e-03 1.827999657514457234e-03 2.518338635057377952e-03 8.503294549969639708e-04 6.474730821984122199e-04 1.153905442699948956e-03 6.771785437835964533e-04 1.128623658614190785e-03 2.442255519672224037e-03 5.637276760661872775e-04 1.038850376007465713e-04 4.437032899928355077e-04 1.939033453273241803e-04 3.991492434638138978e-05 1.774137678061656423e-04 5.362528702923852105e-05 3.183572026800879243e-05 1.151425816143621199e-05 3.567808444706622984e-04 5.674437438997667323e-05 1.520678384114627121e-04 8.235384754163895123e-05 2.827665911754267502e-05 2.860950392909988849e-04
4.304275131657801508e-04 4.821193168826660319e-04 3.858629815058307660e-04 3.353851924301458755e-04 2.763474327870043428e-04 2.684296280203193300e-04 2.402412144598938329e-04 1.873650064562270656e-04 1.491129352225570217e-04 1.881571523489549791e-04 1.874579112267200334e-04 5.321050343129092326e-04 8.219052764506655268e-05 9.244737322268236452e-05 5.858535123838284978e-05 3.081823511138516279e-05 1.873335154203543292e-05 1.284890885363071064e-05 1.176805643610938835e-05 2.929538826791360870e-05 1.577020656584091589e-05 3.394068903349457795e-05 4.437419915356828972e-05 1.570047140080009203e-04 3.138347247476036507e-04
1.265401541175682374e-03 8.908641478156911113e-04 5.313925650817165509e-04 3.744642349117442703e-04 2.952254144180929750e-04 2.438530106202235705e-04 1.833206397729913930e-04 1.533353520703431159e-04 1.287112760163353520e-04 1.091937651689776407e-04 9.340400436911677848e-05 6.872148661890694829e-05 5.645775419962865141e-05 4.698581921537378539e-05 9.334862564075716615e-05 5.972846997283324822e-05 3.784240635565458438e-05 1.040040462522133620e-05 6.023682818005467342e-06 6.957624949676662296e-06 4.228453843469106292e-05 4.066359182351096782e-05 1.219960902099901420e-04 6.395154856093795092e-05 1.845673337333178670e-05
9.945282589764964463e-04 9.520322495003801086e-04 1.212744267433756105e-03 1.302683097616046332e-03 1.399723907879715052e-03 6.905233617018624332e-04 4.293132744619464029e-04 2.061478339033897037e-04 2.043854448273708902e-04 1.270621104003078438e-04 8.806449020475944772e-04 1.511583209698586069e-04 8.543768099767528581e-05 8.121720983020845738e-05 6.058524778137299198e-05 1.012578555903605328e-04 4.266128491846344630e-05 5.758476801108344351e-05 1.027205217921466600e-04 5.524567643412865497e-04 1.027401151414560982e-04 4.394011793497487194e-05 7.977492304749139967e-05 2.177571312088958896e-04 1.338521201618687688e-04
6.876860813653693730e-04 6.360602682442054179e-04 5.581139008508717103e-04 7.728383532918138565e-04 7.728414324782098424e-04 3.412509968540741951e-04 2.244084610571721739e-04 1.978050121770253734e-04 1.703008841008486480e-04 1.826717977425568000e-04 2.130172493015145148e-04 1.348470352343841274e-04 1.080151994076089165e-04 2.746813079994230391e-04 6.003317123790389599e-04 6.680397678157899168e-05 4.704992521483335535e-04 9.700378100775032151e-04 1.387663158540822477e-04 1.665648227579753898e-05 1.074704250300549603e-04 8.226772891844039463e-05 2.584446606975658519e-05 3.117934768118577662e-05 6.355826568225214895e-04
7.934597131707409349e-04 5.461252393217372932e-04 4.887181586110305245e-04 4.998782589828242679e-04 1.466280724414811051e-03 6.258494633927114007e-04 2.593111514920753112e-04 1.990880013804808147e-04 1.680331313592476933e-04 1.375024250566543561e-04 1.053824499382613196e-04 8.848949314612284084e-05 1.194016241555314895e-04 5.068815950378216425e-05 1.421229713617773959e-04 1.939702643787159558e-04 6.073832526866786917e-05 3.011989179235246238e-05 9.163110823707995421e-06 8.463488871202944349e-06 3.041263367965824798e-04 1.721216087223884685e-05 3.502963989017882779e-05 2.747239157943957670e-04 9.807808329844017224e-05
4.861492753467876985e-04 4.085568346817194355e-04 7.129420718818843886e-04 6.278888920819945948e-04 4.111158931419892776e-04 3.469644857187506007e-04 2.272621429923777248e-04 1.922459237727110355e-04 1.648056079250388327e-04 1.346794556456280150e-04 1.822629164383678579e-04 1.464962538310204401e-04 1.220597848474046823e-04 5.675048404049833360e-05 1.796812564038753211e-04 3.251337367554914731e-05 2.018178563982608894e-05 7.828341504211207020e-05 5.041239861143950133e-05 2.704273852285661125e-05 1.186138737105009828e-05 4.217630733441687514e-06 2.551316035232614439e-04 7.619446673371532512e-05 5.157560855731966270e-05
6.241409930860692410e-04 5.532971494467519690e-04 4.936401189765053481e-04 4.285082119480615567e-04 3.672076887367341311e-04 3.138177738031427445e-04 2.698945817790450929e-04 2.355782750006138741e-04 1.964660619596690974e-04 1.623929790509832699e-04 1.338920321910197454e-04 2.408847645874965799e-04 8.423790036593393582e-05 1.671639962247670804e-04 4.599734175037089277e-04 9.434571058994032906e-05 2.233211746609107263e-05 3.360419574321340527e-05 1.700845639216262532e-04 5.148135672760068276e-05 1.624103226057514780e-04 3.795216156459127357e-05 2.311685580227843049e-04 3.038143513572913674e-04 1.225976487851368935e-04
3.778706588716503664e-03 9.564831295219299728e-03 3.832072724941059608e-03 1.407802560882372980e-03 1.755976050124428067e-03 2.966494229408023903e-03 4.093649277380935481e-04 2.055729489000828337e-04 1.376101939318906528e-04 1.113613949104385448e-04 2.476025472658073567e-04 1.548607422856828893e-04 4.312579904802926680e-04 1.887288528093954620e-04 1.360090792178155806e-04 2.554644413080369672e-05 9.581343598075869623e-05 3.968573661635721450e-04 1.849973433737776783e-05 1.624132748834845505e-04 8.519877350360893537e-05 8.559627461997669021e-06 2.473198624556339500e-04 4.367358414476932597e-05 8.124820267280864912e-05
1.464107390153616311e-03 1.090575848554043966e-03 6.279511021851137426e-04 3.407565333603373428e-04 2.586675584118859812e-04 2.870405011000009741e-04 2.133336648935259098e-04 1.910123550627805078e-04 1.465090591077885314e-04 1.137297022522806541e-04 9.929105886715790176e-05 3.517344786360655459e-04 1.807247215091316826e-04 8.589928016672448128e-05 4.437763855620102443e-05 2.380692539471178512e-04 1.486656306241168916e-04 8.112546746112391739e-06 6.853936393697597615e-06 8.393806778660061960e-04 7.168170883042035470e-06 3.989501192156578199e-04 3.374697553339347123e-05 3.965118401886550304e-04 1.083155319780607396e-05
6.313075371057609141e-04 6.078625580230451186e-04 5.852982199675862930e-04 4.112022995618032578e-04 3.105833432293150505e-04 2.472931219024728086e-04 2.890900667156398336e-04 2.685913794848849125e-04 2.376849495697408953e-04 1.669872099656344300e-04 2.862622600741962465e-04 3.260091351914781721e-04 9.199807276704215697e-05 8.374801372849930640e-05 4.609847636817060923e-05 9.774732952614169574e-05 6.223549175917777456e-05 2.000963427588542344e-04 8.042755626426951771e-05 5.402905711019146935e-04 1.071010607196972721e-04 8.582137820680280722e-05 6.266758664109557968e-05 1.262865259795385730e-04 2.080291800222129400e-04
8.966998757124970253e-04 9.554917928070747000e-04 8.873391160623439900e-04 4.307165236580622666e-04 3.558991554848632815e-04 1.865653686600901129e-04 2.702078001047973676e-04 1.593515331699494469e-04 1.394358490722988342e-04 1.406605494152198335e-04 9.295239862363485804e-04 1.128243916463832821e-04 1.297553712003066649e-04 1.763295300224024579e-04 6.658573837123827005e-05 2.596952899296147668e-04 1.018027966917936847e-04 2.090219012726266898e-05 1.663768616022134384e-05 2.370502145143764587e-05 4.021516529084318069e-05 1.654233445193603380e-05 9.613703699541388493e-05 4.284237509979105479e-04 8.518041065537597714e-05
1.124840706094193095e-03 5.275387257618071278e-04 5.481027244342730588e-04 4.927046706335128654e-04 4.374409901186802809e-04 2.963526027543321754e-04 2.435956769551091171e-04 2.013869030457802296e-04 1.695840172228634836e-04 3.401217515315104497e-04 1.236828575924864314e-04 1.516310587590004853e-04 7.056702560713344228e-05 4.660716222593798099e-05 2.960415786359160716e-05 2.969416143635977777e-05 5.115331579180931086e-05 1.190312114374236058e-05 8.030842860319341040e-06 6.551540431316408327e-05 6.391094363972750088e-06 1.758223341802084535e-05 2.819333490626489696e-05 1.341535286195805914e-04 4.609298795579548619e-05
5.083632297958251209e-04 3.367023134064061631e-04 2.879511190551294108e-04 2.587263672047574619e-04 2.869797282625226385e-04 2.032023872189463165e-04 1.706493355269800727e-04 1.444477334052045629e-04 1.302978558167010921e-04 4.047453059700069551e-04 2.874180194481895916e-04 1.826008788731869209e-04 6.098773500151776915e-05 1.016556569377814647e-04 9.405270500327571554e-05 1.007598567345346902e-04 2.320370859945802323e-04 1.483694532815286603e-05 6.482357122618740363e-05 2.137976593915990548e-05 1.764411024719222712e-05 2.488408614040065110e-04 7.317543406036332570e-05 1.285709153993711289e-04 1.579627714750368381e-04
1.847134617861886713e-03 1.284634052960648663e-03 6.518079809912778093e-04 3.212900155556777941e-04 2.504097145062118401e-04 1.958392940625550474e-04 1.709785927469195969e-04 2.031573347861131452e-04 1.880926660163984455e-04 6.288929425787806882e-04 3.474479489613260027e-03 1.987800337515292044e-04 9.983775931210902459e-05 6.254319102065475258e-05 7.962630807691184064e-05 1.263550654382671534e-03 5.661559386336375064e-05 4.547941302587304069e-04 2.416666403393574660e-04 9.329965038904426258e-06 2.088373610959263463e-04 2.262444930469330312e-05 4.178493149502286475e-05 2.329649592279451492e-04 9.517813111671311109e-05
4.531754050968355763e-04 4.024800046460698605e-04 3.744126031678067902e-04 3.417295439652350865e-04 2.961354483882525763e-04 2.640030025058020028e-04 1.994334187082443725e-04 1.570859167330541375e-04 1.264360615711266223e-04 1.155881693889432662e-04 8.768862481875649886e-05 8.725239251309727182e-05 1.851365318491147408e-04 4.498319642543793291e-05 3.400051109898510800e-05 1.882938365138608669e-05 8.938377674575336408e-05 7.120893273223893860e-05 1.727767556262909223e-04 8.047434230534858209e-06 7.305685159591342930e-05 4.067411659120277425e-05 1.712601386269275067e-05 1.702170901367596151e-05 1.194167967472011162e-04
5.556621287523867431e-04 4.493413381556509616e-04 3.649921089135087096e-04 4.614115887643483686e-04 3.864211255999614402e-04 2.129073240952049915e-04 1.662096713394758257e-04 1.418970169040746437e-04 1.366423172837787016e-04 1.091935916510896080e-04 8.991174572626784637e-05 7.385075681985745443e-05 6.422440104507998518e-05 5.174969652763867557e-05 5.043715667084637929e-05 3.455552622167849005e-04 3.005246075438825913e-04 4.311544327106354155e-05 3.229012337933084473e-05 2.315938372936559751e-05 7.621756111360437078e-05 8.275828316698029095e-06 8.967916140580459476e-05 7.332050376813577740e-05 7.757970131887729083e-05
3.057748130757394168e-04 2.597575084704255408e-04 2.259435234613799159e-04 1.955904957907145703e-04 1.706222270286492104e-04 1.484132459678090446e-04 1.276598496708173118e-04 1.131222059858864886e-04 9.474666563800424664e-05 7.671214608561042580e-05 6.272373444334808671e-05 5.226233426600548855e-05 5.076599301990356901e-05 7.501779161802913385e-05 3.293513152927240019e-05 6.963590194090678775e-05 2.222373474714181817e-05 5.390350808969096189e-05 4.768465684639301114e-05 3.257790922751442169e-05 5.728483478655720427e-05 6.599398706972146704e-05 2.649550879362905058e-04 2.627141969846854999e-04 2.805594087697549106e-04
1.948765536013453764e-03 1.164861097172799212e-03 1.032510987480802144e-03 4.133327037083392463e-04 4.436990328218010310e-04 4.015149086980229201e-04 2.316762307593076540e-04 1.841772358623628932e-04 2.571959153193666267e-04 4.732103915468633499e-04 2.240243269330126938e-04 9.104837271425015558e-05 5.852990087052225182e-05 4.321045158614669280e-05 3.458035932718154593e-05 2.544192801162206900e-05 1.236656568159654733e-05 2.754913738409508060e-05 2.748452917785968030e-05 4.064463525727779538e-06 7.028796220611018010e-06 3.999255506931647452e-06 4.728099381292174901e-05 1.489934184881059730e-04 2.864836085422355115e-05
8.836712145578806210e-04 6.928402750887086622e-04 6.399914065830809157e-04 4.261085378350158021e-04 3.860054862923017029e-04 3.124876603047495359e-04 3.664303300480979556e-04 7.780569375054476825e-04 2.981976784717844963e-04 1.501028921884684430e-04 9.155091196294273283e-05 7.306205771346946029e-05 6.401192475344086351e-05 9.952240827397642155e-05 4.087137195833345299e-05 2.822545840376706477e-05 1.226875230731733842e-04 2.557076782567824946e-05 9.250944939057080020e-04 2.680766328556711875e-05 7.071336849934448132e-05 2.616014799150719614e-04 9.598283243583081428e-04 4.038843218683208527e-05 3.087751390713057111e-05
1.572720661379650589e-03 1.344028564415880285e-03 9.386456012205675759e-04 1.090385026913692551e-03 9.780339671912655596e-04 7.443166348865311180e-04 5.145407271606476304e-04 4.678129190221922361e-04 2.209940617312290071e-04 1.506702754268141064e-04 1.234589525714051468e-04 1.039458950609658638e-04 7.969707351862978886e-05 2.625763808221113008e-04 3.657918562960151687e-05 1.323305831287421267e-04 3.687796322852342483e-05 1.294012526642507412e-05 6.268606478826697800e-06 4.903238100632323956e-04 3.761025491350092592e-05 2.166407897997989589e-05 2.940158671920746765e-05 4.076741744904855509e-04 5.989259362796875717e-05
2.371723968588092008e-04 2.054126009379120125e-04 1.845865675212952147e-04 1.585216968916896825e-04 1.308703262948972149e-04 1.274735117614587217e-04 1.276420062996809328e-04 1.150281991887114070e-04 9.522385948472027173e-05 8.394530476144723566e-05 5.733900990722581121e-04 6.267438624068150414e-05 5.332953950071743314e-05 6.564663874413805456e-05 5.376953312059110936e-05 7.267357634674036638e-05 3.737205414137839969e-04 2.032534246487429546e-04 2.584339818651619535e-04 9.640654314938122314e-05 1.859166760357316810e-04 4.200520646112367804e-05 1.429831457980206119e-04 1.584479211674107244e-04 1.922285638589337365e-04
1.133496274900061811e-03 5.766741706231038635e-04 5.112317557843068950e-04 7.760610075522637007e-04 3.039818779192743218e-04 5.492424508563787311e-04 2.875927165267886201e-04 1.757912287437657481e-04 1.473174310245269146e-04 1.234529668176696207e-04 1.130200981108758133e-04 8.158806337983350509e-05 6.103033070098629948e-05 4.759486378588752200e-05 1.516835529540153983e-04 2.727879512774324117e-05 5.708619121426007848e-05 1.168417980100353189e-05 4.195628921977910352e-05 8.998854283261643192e-06 4.673902231930826095e-05 2.839918366664659116e-04 1.089345870566296785e-04 1.565655705602107611e-04 1.304268504533227292e-04
5.804120825482079462e-04 4.322883001613094011e-04 2.114132856648996868e-03 7.534966444978680351e-04 3.698966637374984318e-04 2.321332570808108849e-04 3.065207088434107933e-04 6.723224456239564007e-04 1.113866793058291811e-03 3.614957165214189466e-04 3.630111161478826506e-04 3.409167708360580969e-04 1.022234449257647046e-03 2.516232907779478623e-04 1.383042694134510304e-04 4.973380964482012603e-04 4.454548820263157488e-05 5.214643010810083440e-04 2.304664261000205142e-05 2.080125221610271512e-05 5.484647493112077259e-04 1.411430911257999197e-05 2.887854890323414170e-05 4.921818387843969293e-04 7.700991551883746298e-04
1.133861913682338235e-03 5.424437333636232842e-04 2.448124905932800438e-04 1.803469750615694473e-04 1.948319270304188651e-04 1.875335163300100602e-04 2.347920300566396293e-04 2.562201524732166526e-04 1.500981828815298375e-04 1.339709957679872379e-04 1.019536781707259881e-04 3.458826979230628681e-04 1.725260909382344762e-04 2.783163278191733061e-04 7.390106671278135907e-05 4.624867710486131714e-05 4.127223023409600715e-04 1.236170836255582662e-05 1.047140959424447752e-05 7.924581774953099074e-04 2.102886286867051291e-05 2.783850927016781872e-05 3.119832998267416113e-04 1.355379316041029699e-04 2.416899114337712185e-05
1.399034736070161808e-03 1.119417323790967284e-03 5.348954362601132878e-04 2.463605358483723939e-04 2.078066213363098994e-04 1.801075967165248135e-04 1.537297035243464908e-04 1.307042934042468762e-04 1.108847971097289486e-04 9.111364605820200589e-05 7.554345109534902703e-05 5.776084472170332795e-05 4.468273879061423299e-05 3.383783869012692470e-05 2.429216642836540651e-05 2.364303936156875001e-05 2.223185509259637796e-05 1.461494243660345065e-05 2.663184895759294524e-05 1.614743860579046379e-05 2.381264355803496382e-04 9.176196384243048406e-06 9.594148734609521666e-06 3.015096832856393010e-05 8.096582277171495725e-05
2.410233210018330921e-04 2.305912246402614860e-04 4.960713587706593953e-04 3.604768520726161682e-04 1.919859158966107906e-04 1.944203659234729448e-04 1.682383337890230033e-04 1.817736402865578868e-04 2.036990303954969942e-04 1.222370169398819537e-04 1.119207047868046542e-04 1.083566187500858535e-04 8.605491731847904596e-04 2.350259098642137098e-04 5.462835724182439905e-05 3.698535825959979449e-05 1.572697961103862067e-05 1.021892190109017538e-05 3.285370036898818577e-05 1.593993694785154333e-05 1.091249815437998050e-04 5.018013531014181832e-04 2.600034512633979844e-04 5.592444372654182649e-05 4.974165828616780805e-05
5.343743965661293307e-04 2.210306118711468108e-04 1.946254929639261639e-04 1.685428162553254160e-04 1.330854707393511898e-04 1.526426624510196376e-04 6.769813187782394302e-05 6.155085152688980410e-05 6.734671663623931215e-05 6.698968203086375431e-04 1.645161956418095240e-04 9.630862539976444651e-04 2.968876649068891691e-04 1.370703197127529224e-04 4.907196042671646552e-04 1.089164685246390198e-04 5.012944194975971430e-05 6.332654400858471477e-04 8.182808598848621048e-04 3.116400572142062641e-05 1.090302821714808336e-04 1.225410162001139682e-04 1.447670713829541045e-05 1.394344248953752251e-05 9.716281614026256550e-05
1.035711614989364478e-03 5.976576130554892138e-04 7.317975926889645983e-04 4.681850237011671453e-04 4.050553215184266595e-04 3.367667604111791268e-04 2.468127502176143849e-04 2.505005684131872499e-04 2.158888975954585893e-04 1.711657972856291240e-04 1.376020238877164186e-04 1.037255145922054769e-04 7.339426719647417039e-05 5.005776325812010322e-05 3.196368196382101142e-05 2.711199319711171728e-05 3.883335876302696226e-05 1.193476529123327716e-05 3.654192770830636932e-05 6.866298744849194057e-06 2.090954524467881950e-05 4.678575688589608079e-05 4.535325629612254006e-05 1.777203680437886889e-05 2.552449801011041957e-05
1.397758445542832909e-03 1.235160213631198572e-03 9.556782722545770171e-04 6.014053499737277925e-04 4.007807602144962205e-04 4.486842879279057225e-04 4.500889241479938256e-04 5.126358607343874108e-04 1.483294022832109160e-04 1.208223676898434869e-04 9.584276446336193833e-05 7.910041231506814024e-05 8.166530366325958849e-05 1.114745361467193302e-04 5.450090086934413923e-05 5.626207119403785889e-05 7.063023740607695430e-05 2.315160282037647061e-04 1.233767606635907320e-05 1.019241886833596828e-05 2.472773104326033946e-05 9.379035786436864012e-05 1.486571019688791241e-05 6.720729620441704137e-05 7.919215529594736294e-05
3.413304472042913798e-04 3.068953048608495725e-04 5.320652278941551214e-04 4.368730278440757352e-04 2.473216309263682241e-04 2.178736891475468280e-04 2.651781024162896700e-04 4.453918476329740694e-04 7.400329386280736325e-03 1.422121466311794882e-03 2.926943500484132429e-04 2.219215942993221888e-04 2.919370732157425849e-04 9.828799535439103417e-05 4.822370221660228533e-05 4.250117493012720580e-05 4.400422516408605329e-05 1.372380859916764832e-04 3.239867573531055202e-05 3.490031970772641275e-05 7.984731439437774267e-05 5.062441284457009613e-05 7.410427104336472278e-06 7.767755915609212357e-05 1.130471064493999576e-04
5.686947175999438903e-04 2.918286520104672083e-04 2.423699512688552824e-04 2.195683920196927043e-04 2.738586658660619204e-04 2.445908654971018178e-04 1.506343813124510101e-04 1.322127113463442019e-04 1.490254570720246012e-04 1.258318345833107129e-04 9.413763587322291509e-05 5.939399670222983576e-05 4.540107855299723799e-05 4.041604286212168270e-05 4.016999474737771196e-05 4.826982251893077448e-05 1.052918473609938097e-04 8.135815583637360680e-05 3.018259093813890030e-05 7.119522167864634446e-05 3.823007316737049631e-05 2.784778652881063409e-05 5.878119788591525341e-05 2.695099488471927628e-05 1.724348779360531709e-05
3.241002916894292468e-04 2.698430900280832123e-04 2.349860459796005417e-04 2.079516252354656164e-04 1.921510583599538296e-04 1.916922367503620249e-04 5.460074073728924098e-04 6.865913178987745379e-04 5.049068936891420653e-04 2.289813323583574512e-04 1.971499171333634547e-04 9.252021417527006380e-05 1.186499871123470028e-04 7.668320892179729951e-05 3.120847373426792254e-05 2.159364418240184322e-05 2.762659826616850264e-04 1.816733872135509301e-05 1.301874354364581059e-05 5.999400592620289649e-05 8.669590824915284378e-05 1.411744655171546234e-04 2.206884092743767236e-05 3.930901833830474819e-04 2.927538309710831020e-04
1.074320586270029404e-03 1.008665871188246495e-03 9.127585006052829804e-04 5.573556056746610792e-04 4.000308491821524966e-04 2.480038036440275766e-04 2.251940623222661213e-04 1.881957500627399419e-04 1.367387771602557637e-04 2.109148122986986352e-04 1.556527585512385524e-04 7.506589149950906219e-05 5.323861452333703009e-05 3.696065302844881936e-05 2.564330686637802308e-05 1.927280421400008617e-05 2.594606938323229547e-05 1.550192814178290502e-05 1.433925556738318706e-04 3.264629018183339503e-05 2.580892470295411117e-04 2.229014948653042261e-06 1.969747929154612982e-05 1.129414689281651530e-04 1.897102959531500599e-04
4.703111692380697968e-04 4.249187124812954107e-04 3.838063909773691777e-04 4.048829047051305443e-04 4.081927051308938169e-04 3.313796769746259066e-04 2.866190097102224279e-04 2.400278610312912397e-04 1.741136136646184067e-04 1.378453959744443068e-04 2.144680390841671302e-04 1.181931264940787053e-04 7.758742213022674374e-05 1.802931161893289811e-04 1.011756873534518856e-04 1.843625332165917921e-04 1.359266987897845064e-05 7.463818207877864194e-06 4.768841472912988509e-06 2.571494935949448520e-05 9.388575403733888847e-06 1.208142781027944204e-05 6.114175709301798394e-06 1.147799217710442115e-04 2.524550885868918448e-04
9.170088944387857046e-04 9.703358950136363502e-04 7.986687332861064142e-04 6.232925287350506507e-04 4.609863394262585646e-04 3.483335475976338910e-04 4.203920557574196870e-04 3.619263777966629219e-04 2.404712457241133883e-04 1.539585150765396531e-04 1.553584439597896114e-04 8.148797732061228418e-05 6.493958058309856108e-05 3.766867411166493237e-05 2.911780483607930546e-05 1.794989657460375443e-05 2.518214009776127333e-05 3.109145572271927716e-05 1.492452725566321523e-05 8.147603720374709923e-05 4.291642044850690950e-05 9.672873724144253585e-05 1.557510659100991965e-05 5.689287497486976945e-05 3.283377509111409906e-04
5.637540489680652493e-04 4.792896249320550907e-04 3.147044724063678364e-04 2.356168819970132276e-04 2.034363967603817732e-04 3.971911268332127955e-04 8.390929416651054249e-04 4.348704243517664153e-04 1.763071147521081024e-04 9.888307031022318763e-05 2.147840263528384046e-04 8.412229448296256471e-04 7.294142972322064918e-05 4.657584818835524518e-05 7.698788046307931639e-05 4.009283671588134918e-05 1.333490080783108001e-05 2.948884729308256790e-05 7.437901792601261713e-05 2.860193595033086195e-05 9.202768501585078381e-05 6.132548733021220852e-05 8.404361599058286379e-05 1.336950478692872997e-05 1.587881763555752830e-04
2.332999633912082212e-03 9.168617349907332492e-04 4.385798352466365878e-04 4.935552909099389469e-04 3.530093925193120239e-04 4.582906493608992853e-04 2.053722934649634827e-04 2.369818942310641832e-04 1.442927620236546737e-04 1.271796624270065280e-04 1.797757716495988116e-04 5.819505396860118868e-05 4.547319315174514387e-05 3.465919537191070819e-05 4.156275183382309628e-05 2.599888610102797548e-05 5.843058876540469020e-05 9.099207768144821742e-06 5.652462692214790896e-06 4.642359654965709234e-06 5.784960871214404589e-05 7.733646852478726498e-05 1.390683527363369154e-04 1.659228684657703895e-05 5.155700212533922942e-06
7.939135404844862003e-04 6.330106295760506204e-04 4.551610803859124327e-04 3.408426345812687721e-04 2.607377311061061373e-04 2.362597103515181967e-04 2.073889429848970638e-04 1.708179926092294042e-04 1.469652435579608138e-04 1.155360368286741975e-04 8.508328614509288893e-05 6.695390320895376255e-05 4.901081770413143657e-05 3.641245844797932982e-05 2.691285258590812236e-05 1.986946095545314147e-05 1.076840887762182502e-04 7.043946783873434030e-05 8.957411391932978330e-06 5.392011526756219041e-06 5.969715990778334739e-06 1.517142192660079700e-04 9.696206731806627333e-06 9.619922314894340681e-05 3.171713728631050185e-04
8.966910894934399185e-04 4.351068538837291771e-04 3.285395415309623045e-04 2.528901098066093614e-04 2.085962300057001885e-04 1.616458812284713809e-04 1.302645773374818566e-04 1.033261309817673902e-04 8.602765114961635816e-05 7.079885017055642714e-05 5.716778562417730900e-05 2.779981779708463429e-04 1.832321162419552670e-04 9.531645877158240296e-05 3.074142814317310500e-05 1.835453314938398296e-05 1.386021334973540662e-05 9.449249757177545793e-06 6.701590541770494860e-06 7.072881923745146997e-06 6.948337805104860831e-06 4.355214268874149771e-06 3.767406967452805448e-05 1.501668686322552510e-05 2.384300675321581687e-05
6.750712440252074455e-04 7.399660669590641575e-04 8.936724873559483270e-04 7.634811617144650515e-04 2.832064706786797731e-04 1.397821394367036903e-04 1.367043768760806068e-04 9.852160724094870107e-05 8.199683904238551585e-05 7.083284181288334626e-05 6.612229651360487640e-05 1.068112965892843323e-04 3.100784278375996934e-04 6.209968786101317405e-05 4.022657651846921233e-05 1.904773641747550079e-04 2.591938222853734826e-05 6.524203132816184928e-05 1.100768893349887706e-05 1.013449124922911398e-05 6.844308727805298461e-05 9.444240821200521009e-04 4.539124686363847850e-05 7.256979573542889984e-05 4.209673674455158781e-05
1.706728039761000286e-03 7.234413109609640243e-04 3.226068180755443937e-04 2.019376053171387405e-04 1.744818735730297896e-04 2.304431310958648927e-04 2.321560112580445365e-04 1.009973135066725113e-03 2.150204408544726222e-04 1.214068135736052502e-04 2.003961634852813398e-04 1.591643997798028996e-04 5.846904952944774161e-05 4.155792238497367340e-05 3.455081696327025375e-05 2.716635720249670777e-05 3.937314986276805288e-05 2.857215776408141459e-05 2.244148143424383002e-04 3.576806421374197661e-05 4.016170798976671503e-04 7.884351233217333954e-05 1.154703764362254636e-05 2.427173266830519823e-05 2.982928777494593751e-05
7.686200083075556220e-04 7.873656092043721097e-04 7.217876552854014544e-04 6.448308195808904499e-04 4.489829808406989764e-04 4.331613835808397752e-04 2.830548818201791914e-04 1.836547879011633127e-04 1.561434900111036324e-04 1.486303210496255425e-04 9.258936853910373888e-05 7.724837887482166935e-05 5.609624692154238125e-04 2.060490521830554082e-04 7.988805036800908485e-05 2.770443878058767388e-05 2.054578330220183235e-05 1.333259624142844445e-04 1.798257718235978658e-04 1.110946728584814840e-05 6.344852775065488353e-05 3.753519336293771017e-04 1.931409538531353768e-04 2.327882041570827811e-04 9.323429644990158228e-05
6.735148308726781165e-04 4.537221279462748218e-04 3.795293831137363507e-04 3.259783312606334953e-04 2.749156570509624998e-04 3.024709219404536089e-04 1.810551143980475199e-04 1.227935883440145948e-04 2.521556736768794187e-04 1.037492798860815274e-03 1.744759416849269210e-04 6.396138001446716604e-05 3.233912422239045839e-04 9.369656445077537783e-05 1.205316725787579347e-04 7.161251370059659174e-05 1.768996625098884427e-05 1.185524573200072241e-05 1.303373198750289228e-05 1.075572538418418473e-04 8.935771338976424580e-05 5.899466253144887837e-06 3.142730553170717981e-06 1.234132889489452174e-05 1.062998700233363944e-04
1.050059937348608126e-03 9.618843184924161238e-04 8.653961104228481043e-04 6.223387232538975852e-04 3.650271455323403835e-04 2.932786538569931867e-04 2.349577601833445701e-04 1.656165161993389376e-04 1.385765737500041137e-04 1.127491791603631546e-04 8.589914676906604263e-05 8.068004407224992536e-05 6.508949354505657561e-05 3.767668207193153074e-05 3.233378452261415298e-05 2.714387732790118872e-05 1.452558009371654176e-04 7.115392803117401744e-05 2.948830631594425897e-04 4.006911051197877823e-05 4.131280894448038509e-05 4.356212936678971514e-05 7.702054977480377084e-05 5.478995864434827714e-04 2.770869132165285575e-04
5.627676974305668989e-04 5.073852817220463616e-04 3.650539312406638490e-04 3.273410482309949176e-04 3.903061952893353620e-04 7.927039700556971899e-04 7.168228618325998489e-04 1.530281262708779082e-03 4.613461243383922949e-04 1.389541450901288742e-04 8.809850194738056068e-05 6.992944253748955077e-05 5.492600227473042127e-05 5.304067299332788221e-05 4.707954342695737870e-05 1.174262191986332566e-03 1.118981812450342854e-04 1.886635959098616707e-05 1.325086597073599334e-04 2.702179705206065528e-05 1.379980048752939407e-05 9.734013394094289068e-05 1.150891174722820870e-04 1.627143587019213840e-04 1.808333116367340319e-04
4.088089910367125913e-03 1.773447064794791538e-03 8.308714843451466252e-04 6.776497992263266160e-04 7.888189432374168248e-04 8.303389481538964514e-04 4.249925458602513812e-04 4.932976116761403655e-04 1.618206380719398678e-04 1.315232519289071867e-04 9.341865615818670992e-05 8.956367094148381816e-05 5.846012260718364852e-05 3.164039805119933614e-04 7.914324000699021820e-05 3.771184044968576296e-05 2.274100208665409301e-05 1.256723412532222801e-05 1.265967261643374003e-05 4.684708396991946904e-04 4.786787938931833029e-05 8.237144160085857353e-06 2.847969302605478218e-04 2.856903385865023791e-04 3.341292215433314355e-05
5.813514173798373140e-04 9.081549118702026031e-04 6.591181710116075310e-04 4.049189937317107849e-04 3.410071306780225442e-04 2.582014187352797978e-04 2.327698559885707627e-04 1.622359738304418716e-04 1.604020707947002888e-04 1.146430563567480375e-04 9.628087714307238809e-05 7.185871943232114627e-05 5.127872616242578973e-05 3.836191008673039716e-05 2.534331986827070639e-05 2.657049772644897869e-05 1.101342142607162753e-05 6.735152715556063587e-06 1.757297011565098235e-05 4.822984163494381440e-06 7.189428669710577488e-06 1.598293186232899402e-06 4.346159971319426874e-06 6.415561179331247406e-05 2.796442285843180942e-04
8.517198192991539329e-04 6.529180669090134306e-04 5.216479094718208531e-04 4.566185526731674827e-04 4.194523528750394186e-04 3.673769563791237235e-04 2.117914923098540895e-04 1.970511863316838955e-04 1.399011323570348113e-04 9.993988633064164549e-05 7.802409818020610889e-05 6.495777861277205693e-05 8.734692191151575589e-05 3.288155664310483890e-05 2.420273296137548884e-05 1.882437772859819100e-05 1.828579893560460572e-05 8.632633624674218050e-06 1.176256809539143086e-04 1.895544896666977684e-04 2.071003015974890815e-05 2.589847765910520167e-04 8.547046359913664583e-06 6.858149853770993372e-05 1.551402647735063717e-05
4.242396665105331002e-04 3.656053604139802567e-04 3.169819793470521102e-04 2.919580772880155995e-04 3.273646797717385377e-04 2.146154786758509684e-04 1.857906089750457868e-04 1.600060047608375838e-04 1.335561544912593375e-04 1.127208325046938760e-04 9.089758692847582611e-05 6.398034272737994441e-05 4.727934646174410626e-05 3.502355373267984628e-05 2.876368383273079991e-05 1.804944998301652231e-05 2.748228493481685237e-05 5.559884727721815314e-06 3.469553703304996655e-05 1.831056282869308166e-06 1.447350046605492115e-04 1.624371171635074693e-04 3.021367038550636786e-05 4.745554170794185204e-06 1.441452530397518137e-04
3.900315585192479879e-04 3.427508777071723058e-04 2.851306489424180611e-04 2.786584204553568789e-04 2.214345366207457041e-04 2.016171565363966559e-04 2.806989480138159018e-04 2.081620844028182749e-04 1.633397198295896550e-04 1.394005703415413292e-04 1.212096601462939638e-04 1.172278025915207846e-04 1.075090073586189803e-04 2.633571063569623331e-04 7.833383354779163211e-05 9.296626391810725899e-04 1.565589907817094707e-05 7.643290344574692739e-05 8.651333074987318530e-06 3.059283301936278676e-05 2.244636962426682709e-05 5.407516451686401242e-05 4.732578148216283953e-04 1.469306298439839928e-04 7.165270645590442059e-05
8.999385963959162429e-04 6.840463163928644933e-04 4.099317940284487750e-04 3.249652334198414286e-04 2.686924362453805399e-04 2.215099600562039656e-04 1.758400965015935241e-04 1.517191497231963539e-04 1.255468522771672774e-04 1.044614318079481235e-04 1.363581867080926964e-04 7.520313043298692580e-05 9.363079125335803756e-05 5.038964797993280095e-05 2.894247654172471272e-05 8.190607037694378628e-05 1.265476397041966170e-04 1.462218740408140918e-05 1.364178048426981083e-05 3.287337718130313311e-05 1.004335764753709983e-04 5.517795917655350153e-05 7.555479268691837208e-05 3.519065861486142663e-04 8.562547481371646913e-05
3.115193664138232298e-04 2.752818302839979631e-04 2.466703779115924223e-04 2.192501932394082969e-04 1.901620648444364201e-04 1.637526884594666548e-04 1.394509687196344311e-04 1.157513631422462102e-04 9.706260149615958865e-05 8.263995569518532214e-05 6.616756004132228256e-05 6.662717100283412346e-05 9.538252803726585171e-05 2.242522629249328906e-04 3.061201415311484849e-05 1.560460873047136936e-05 5.807188577455441259e-05 3.941084679914524502e-04 1.827921014923485567e-05 2.756243386484042161e-05 3.360614493410907640e-05 4.285212955493843661e-06 3.790477904416162386e-06 7.021422022787429640e-05 1.424189811792377428e-04
2.894799413970733436e-04 2.567344248188291474e-04 2.299227068992940905e-04 2.218680312673425672e-04 2.515528604251493082e-04 2.339540952347103663e-04 1.319977600169468821e-04 1.039935346261571794e-04 9.039536998925592559e-05 7.810904513138037023e-05 6.256718653604045161e-05 2.989540554571992010e-04 4.810434842396794642e-05 3.683699514121801686e-05 2.864758761633032160e-05 5.335790400574349032e-05 1.976214015339447291e-05 1.322264708153789667e-05 7.175286069050748191e-06 6.786153614100243817e-06 2.678484362857331684e-05 5.032404156479465757e-05 2.801456230538012962e-04 7.466973382237023242e-05 2.434179742837958428e-05
9.284272112019447201e-04 5.881153772255070730e-04 2.549192475062504563e-04 2.731643963050249860e-04 2.435875237189718602e-04 1.781623293638036115e-04 1.572939062549512097e-04 1.313669132549052140e-04 1.332439508207159556e-04 1.206321028007595970e-04 9.101109933871801038e-05 6.198330446725654782e-05 5.194732763270354907e-05 4.444877788675157318e-05 2.911037891193544227e-05 2.269345386094249906e-05 1.306711158368978296e-05 4.606267095018865134e-05 2.685907868997232875e-05 1.997873773528404320e-05 1.962604294261853811e-05 1.200564093179338939e-04 4.483229351995592673e-05 4.362031941163160365e-05 7.066062563496052298e-05
5.495932933468838932e-03 2.695707970541345085e-03 1.614653093316301266e-03 1.267549438370998115e-03 1.967893576860718988e-03 9.994661507034092399e-04 3.330811344027792618e-04 2.013037510399804037e-04 1.795047240421366653e-04 9.860577066284831934e-04 1.182266684266814610e-03 1.154049799326733040e-04 2.504595572578386916e-04 7.325600690443004890e-04 3.695431242309450118e-05 3.095187956962045498e-05 1.332985403214810727e-05 1.627456176894065149e-05 1.022982667519816947e-05 5.314746562483276936e-05 9.897356780368196660e-04 1.094769321000400625e-04 5.956718821936640365e-05 6.453799525998603912e-04 1.052881484443734237e-04
8.327098164802900068e-04 5.495566651721898793e-04 2.584234887685999500e-04 1.974300837123886499e-04 1.800250149052312631e-04 1.919337393795145707e-04 1.597142208365781189e-04 1.462818699761602890e-04 1.216369833200404228e-04 9.598582307567209528e-05 8.932403569437029811e-05 2.460214432645641274e-04 5.800386306864287330e-05 6.878811776878653668e-05 3.253635183391225276e-05 3.364848501437675842e-05 1.664332187750562956e-05 2.086960284429090478e-05 3.959752034424056789e-04 4.971067600960123292e-05 6.656460880704461314e-06 9.401920329382197446e-06 1.175072676379544943e-04 3.514646689500652713e-04 4.200508661853375857e-05
4.362942273751401943e-04 3.591653499119743355e-04 3.692411852573618844e-04 3.362560160758862825e-04 3.078652807364234685e-04 2.748620341828175587e-04 2.712156944008897600e-04 2.356340468844809446e-04 4.361345769317985163e-03 1.204966564020125712e-04 8.649615661040924511e-05 1.247257089894584332e-04 5.129577522646891821e-05 5.815349097402779485e-05 4.286765053166824186e-05 7.051939528816458032e-05 2.144721266234302020e-05 7.841562557884678518e-06 6.851608208538358780e-06 1.300298549751110992e-05 2.238013909672804491e-05 2.825675021816222615e-05 2.356620652412641813e-05 1.412985348275413593e-05 1.030094243708342387e-05
3.822347254721936171e-04 4.002693556224473691e-04 3.461788551214386566e-04 2.527070395399881098e-04 2.549928566978576202e-04 2.898490904863670523e-04 2.010562101746214887e-04 1.815815477302365141e-04 1.598980440254513138e-04 1.968873389590770342e-04 2.743436307646515823e-04 6.566544802736500649e-05 4.643498369894782907e-05 3.794641566099722483e-05 2.956952690545970770e-05 2.110188665442805700e-05 2.138398627293454661e-05 8.402247097564589657e-06 6.092991526150858167e-06 7.295268455314052076e-05 4.240351607957841363e-06 7.388646428658035481e-06 1.837459662334961914e-05 5.604162904329454571e-05 1.375344739888443506e-04
6.653214246547975788e-03 6.381995240652823739e-03 4.706498470443240718e-03 4.536955310706999693e-03 1.592212383461412764e-03 1.105805798897240184e-02 6.744299919564038888e-04 3.679583908645971883e-04 2.444810724573640622e-04 3.600597343899729092e-04 1.361988813903538219e-04 1.039209554189259889e-04 7.053360877728643728e-04 4.242818501773674565e-04 1.033804881658141036e-04 7.393653997620091060e-05 4.259730169246776652e-05 9.487994771983615896e-05 1.793025043204292409e-05 3.454838037457951243e-05 6.525554515323965174e-04 4.799794161938684788e-05 8.970178672239091471e-05 6.100421766393426771e-05 3.946333193922453185e-05
5.481572077242480301e-04 4.935428282001712297e-04 4.500847630603804620e-04 4.169597137150680066e-04 3.203216446723736177e-03 3.712096682465137153e-03 5.937733138875438002e-04 4.387850556706281223e-04 7.094884670738588455e-04 1.236262171397147630e-04 9.492768373654124250e-05 7.193683090999126724e-05 7.743952459696447593e-05 6.424298179898088612e-05 1.344449613060395474e-04 1.942183189751352145e-05 1.967908802210694991e-05 9.659380093277369135e-05 6.147828617485172611e-06 8.418196052952748383e-06 7.666016287291409085e-05 4.156167170208748977e-05 9.682395182868006002e-04 5.555974543262105368e-05 5.220494546407843724e-05
1.048739565196217223e-03 1.152519465926162522e-03 1.185161264356958963e-03 9.314392095140008182e-04 6.860596118801151914e-04 5.085423890102370656e-04 2.471125946136163353e-04 1.488634358396271392e-04 8.907902613821350667e-05 7.693089502854649970e-05 6.749971932706877453e-05 5.237042991844469099e-05 4.185459428467732556e-05 4.591020804561407424e-05 2.482831101704865992e-05 3.338185916610027514e-05 1.516905574031031319e-05 1.055835610905009133e-05 2.746449823016152065e-05 1.723862775993504815e-05 1.558335325325770670e-05 1.541745097016383227e-05 1.348110679380526486e-05 4.749953196216638812e-05 7.076986142308484069e-05
1.656559766727308970e-03 1.108996375686876470e-03 6.870248554000868641e-04 7.487975301576497078e-04 4.167316812420183546e-04 1.217806280696243906e-03 3.133191044788402927e-04 2.346540674996075134e-04 1.571633389605555731e-04 1.602754263080139342e-04 9.148805982495908937e-05 1.010586852782578390e-04 1.442549508741777819e-04 1.134030680106002395e-03 4.002453571443956282e-04 2.672402917507182661e-05 1.524655021488803769e-05 2.110661152239906829e-05 1.763812662116545651e-05 6.134344158155668733e-06 4.829591984600220286e-06 8.208115326292741672e-05 9.206367731536918520e-06 6.203749489486092060e-05 1.665294765158027051e-04
2.134295852052849258e-04 1.560720044871855450e-04 1.204315170819940975e-04 1.036214121303967748e-04 9.449730107666364095e-05 1.333814598424713001e-04 3.147415884760551585e-04 5.530101329634048730e-04 2.765498708182794764e-04 1.289864771221113388e-04 1.118903439021501800e-04 7.609124515181008030e-05 5.584984302186179783e-05 3.940102953258067684e-05 3.210742869559513198e-05 2.964974546474526514e-05 1.521432045433703157e-04 1.918662141751448051e-04 1.066114667008963800e-04 1.283192265207206845e-05 2.863206550350099264e-06 1.243693425149659015e-05 7.665585258020324495e-05 6.164973023305688946e-05 1.209723201516091010e-04
4.180406847332125697e-04 2.435071098272512547e-04 1.856750759091606306e-04 1.554490549193294146e-04 1.352408643503712649e-04 1.174380226815683166e-04 9.511913400739966805e-05 7.835862040056327691e-05 7.005869685769271086e-05 6.076724289907272514e-05 5.188155236705964412e-05 4.419426066207464513e-05 3.487226032162757709e-05 2.581476915309480582e-05 1.930980537874389736e-05 1.459316577843066167e-05 1.122780125856582182e-05 1.507473781283782168e-05 5.959688512074453905e-06 4.919290912195430537e-06 2.394786671801487607e-05 4.930643930291423982e-06 6.623641835694582922e-06 1.218313411598936462e-05 2.024141979646086446e-04
3.594782091390097021e-04 2.756046713375798055e-04 2.145810269104614734e-04 1.828438284135985403e-04 2.074058456540370547e-04 1.715324547807364633e-04 1.474874799848345313e-04 1.291230184239694392e-04 1.146140038727835203e-04 1.119482886391113435e-04 8.030548603321177614e-05 4.838814625182020259e-05 4.313435970134946645e-05 3.735768165081263317e-05 2.835056671645132546e-05 6.100080914656860770e-05 3.726532684912173482e-04 1.924866038978291703e-05 1.206851893958194799e-05 1.811027113534446973e-04 6.381275267765411678e-04 5.452706707527165553e-05 1.178980447525060444e-05 2.495283613950052712e-05 2.909282842176380622e-04
6.638925226599084279e-04 5.266462906254524949e-04 4.969892737206203694e-04 2.969186547311371640e-04 2.702940557116749356e-04 2.023329557436106911e-04 1.983127034981703571e-04 1.793059170224709713e-04 2.852578418277733124e-04 2.982099294018899388e-04 1.085351408236672518e-04 9.329645102216065490e-05 1.000647177330109055e-04 1.633120598071970478e-04 3.998031828062181549e-05 4.078728093171398898e-05 1.376537202069923766e-05 1.038294260083048160e-05 8.783106839270563240e-06 9.531557359921805146e-06 2.050087731871209020e-05 2.517722036273338949e-04 1.171867433867244845e-05 1.940369923856618433e-04 3.254003491515140649e-04
1.216005981551157014e-03 1.107654346330126703e-03 9.311628192136426957e-04 7.711020476534166581e-04 5.575024903369111325e-04 4.716587433391947930e-04 3.149646967100593162e-04 1.515024185507498049e-04 1.247469505892277904e-04 9.654230519084126567e-05 7.220820590386371274e-05 5.451873883132983827e-05 4.037984201263077652e-05 3.203608376564786339e-05 2.253621278335314138e-05 1.526163989748487883e-05 1.334328877691931254e-05 9.484127861187430307e-06 5.604835127697491979e-06 1.849127250921051946e-05 1.349765083905677453e-05 1.079924084823296861e-04 8.402928441941287161e-05 1.670091851186910871e-05 5.925568565604316700e-05
1.017166312363636379e-03 1.049162592559074476e-03 1.104803348432721382e-03 9.193805752137641221e-04 4.356451019515400589e-04 3.025901277792050650e-04 3.513494551214534230e-04 1.881091792302391275e-04 2.498779135550443500e-04 1.125445096035444011e-03 1.194946305171391555e-04 2.481186021919365870e-03 1.065891017996406249e-03 6.131481316984842224e-05 3.683272446256598428e-04 3.818265607882094482e-05 1.855265362206520404e-04 2.209123390632654083e-05 1.267351102643148182e-05 1.384902636864527019e-04 2.664483781352904756e-05 8.786067914466994748e-05 5.572292814778785359e-05 1.979307177782791663e-04 8.566800362647313883e-05
1.507611122982095491e-03 1.040250010975284209e-03 9.292432967981320308e-04 7.850214863547525911e-04 2.546880992691500679e-04 3.323825871469918776e-04 3.050661102476857054e-04 1.873004014869126437e-04 1.534205822338366150e-04 8.782239902569769744e-05 9.407187304173503023e-05 1.967489462487999937e-03 8.396706526653419263e-05 2.291438397232279484e-04 3.790827387905087775e-05 5.370751090152700406e-04 1.783103508002120859e-04 2.033719909987519061e-04 6.815789841487876499e-06 3.833452684270381924e-06 7.429002512095864804e-06 1.040977689792447314e-05 3.866269284859622088e-05 7.581068386466104721e-05 1.977762793313780947e-05
9.160157339391282807e-04 1.036107555729933296e-03 1.056374368874988395e-03 9.728829531303016809e-04 7.722589320648084229e-04 4.613284549373213744e-04 2.857213430964439531e-04 2.298894375374153909e-04 2.264302677332422455e-04 4.993099509206361513e-04 2.543036426547983821e-03 1.146033966528263887e-04 9.638052186577133606e-05 1.053082955842483097e-04 1.124060937331833185e-04 4.725416802698345913e-05 3.649406560820325730e-04 1.229385663860815164e-04 1.893165021073647139e-05 8.080657408000757312e-06 8.465071305767791373e-06 7.190130554859631366e-05 6.933209551284430343e-05 9.090426879732091444e-06 6.152660567158400602e-05
1.274462096440902434e-03 6.166580696269337390e-04 4.740116702720720970e-04 3.989855694842659806e-04 2.409833550408593491e-04 2.196118979107896481e-04 3.025577436366454361e-04 3.170605038867400894e-04 1.327457304399814260e-04 1.681859157979625054e-04 9.218995057131374132e-05 6.145389241173746680e-05 5.176674032087052367e-05 4.482643872266659505e-05 3.396239578865055723e-04 9.619565189216543481e-05 6.890400272961712128e-04 4.148011925844946992e-04 1.591420657926393575e-05 1.107189575444128837e-05 2.071498545424717083e-05 5.891002104298993840e-05 2.431827562385944683e-04 7.026692467612757236e-05 2.423361891618879276e-04
1.880722780432228861e-03 1.464139942658797093e-03 1.002517812578065893e-03 5.225902481475278851e-04 3.491047051669103076e-04 2.935344309121769519e-04 2.713612647100316377e-04 3.344505672231816440e-03 1.061109862269616353e-03 3.287342566668706597e-04 1.317699352383391702e-04 2.701876880528896407e-04 6.920402987559602594e-05 1.281645551558801709e-04 1.959726671972634613e-04 1.021822717669276792e-04 2.459111717345641550e-05 8.045178843870911568e-05 3.348356742197748469e-05 8.079506329617769803e-06 2.544798577567051963e-05 2.417635740649645126e-05 1.186214161129736557e-04 1.503008595360584759e-05 2.129353599818131369e-04
2.409932682016694035e-03 1.551420108875541147e-03 1.328185710328950997e-03 1.166414949563289059e-03 2.880767535280855888e-03 1.382190382360195960e-03 5.697959267152765675e-04 3.506984215086394433e-04 3.043150357212599235e-04 1.546501116083821685e-04 6.652534839580971030e-04 2.998416615131472836e-04 8.211546734538048944e-05 5.317177064259275931e-05 3.654114399781227844e-05 2.465772481068565734e-05 4.365781042842780242e-05 3.336646435773712955e-05 5.071744106217982006e-06 3.889686756585442944e-06 3.481697023033986723e-06 5.032904292556287645e-05 4.000410125424304331e-04 6.246041812514774077e-05 7.842718813195853579e-04
1.723086342923004421e-03 1.602548048130475380e-03 1.686398597162861238e-03 1.285002674863742729e-03 9.026223083512606004e-04 2.845282428899657736e-03 2.108876615292425930e-03 9.177068898003774887e-04 3.576539718886605733e-04 2.798403627522145555e-04 2.036381877222536666e-04 2.403352551219514732e-04 1.150850882732901669e-04 7.288671585560783006e-05 1.351204340979012821e-04 3.496129839826821179e-05 5.216191208821597993e-05 9.332525421883799898e-06 9.917241395481515381e-06 7.059950979004618351e-06 3.205126959739036815e-04 1.540727504383255467e-05 2.844526601860141327e-05 6.456184130881343650e-06 5.441164341871678199e-05
3.572493667758241975e-04 3.189002061953912729e-04 2.858979773677300601e-04 2.884867376720562674e-04 2.612179181503861266e-04 2.109146632238552367e-04 4.918528275666863821e-04 4.043303213345152028e-04 1.513447163347603414e-04 1.002823104948102553e-04 7.623527449405485053e-05 5.785005409761635720e-05 5.303102802636803153e-05 5.650397767833390493e-05 8.007748027860318244e-05 2.292252833502934797e-04 3.255571381852824173e-05 8.962017240318144500e-06 3.899820467846462196e-05 1.118815054214174613e-05 9.086444454275242137e-06 4.121717079629226555e-05 1.331113725651217588e-04 7.612044550654068506e-05 2.523190553807161003e-05
9.400612452962862778e-04 7.571622095257481231e-04 7.750806607312348473e-04 5.472455322554415670e-04 3.508153257884198770e-04 4.614170409822185314e-04 2.316053376419176962e-04 1.680801314759298917e-04 1.296621452701988443e-04 7.335599269402214668e-04 8.129208927209865870e-05 6.551871333942885895e-05 5.410441666781577860e-05 3.931285365995447131e-05 6.769560737101162050e-05 1.688202986920363008e-04 1.114024334353278020e-05 6.786234498767936082e-06 6.614375836717357870e-06 3.134343880334257558e-06 4.654717461600686340e-06 6.012025309465047606e-05 9.659736633560690657e-05 1.549322782457814907e-04 8.891838254892410237e-05
6.655932023510503261e-04 8.071177180531868877e-04 1.244380061703161686e-03 7.393774544188227126e-04 6.538220504410640612e-04 5.414637757946336692e-04 3.768260768635480515e-04 1.975638911244148111e-04 1.470288637148079835e-04 1.066639766940151798e-04 9.424408752514095800e-05 8.652497915100436333e-05 5.730068919761311356e-05 5.039128106997995240e-05 4.561823767306923680e-05 2.421055463181262158e-05 4.129418261554422911e-05 2.948829477795054314e-05 6.715744968488408082e-06 5.599547560730885322e-06 3.718443786088944115e-05 9.712828264476399396e-05 9.395741474209569658e-05 7.405816657101059568e-06 2.448972444350359565e-04
2.432150733476619775e-04 2.220204906859288925e-04 1.961750474072496326e-04 1.724776615145585804e-04 1.568569887591593503e-04 1.510410086560023534e-04 1.368008883254264471e-04 1.064363337858582827e-04 9.177531888648284735e-05 8.265920413791705604e-05 7.463021938522149178e-05 7.521303379861792970e-05 1.539326256084587170e-04 8.121636812814040090e-05 1.784941519212702847e-04 6.524990491711775886e-05 3.768874801208071099e-05 1.494408744618343704e-05 1.107764464969342448e-05 4.005858568159904594e-05 1.459641142851007519e-04 5.166382736346058959e-05 6.354736784377205050e-05 1.189888731272652108e-04 5.297968415390963502e-04
2.180238931144537051e-03 2.325437802959361838e-03 2.429372319234898454e-03 2.719733380401521700e-03 4.421640456848560836e-03 2.648979633069726506e-03 5.659444016604267894e-04 2.604124327934151601e-04 2.710373039881504211e-04 1.325210802675602856e-04 9.272979252793193863e-05 7.244482134001963719e-05 1.210614872411405806e-04 8.920228787646336706e-04 7.953189259050372835e-05 3.940095215554543031e-05 5.328430970116563789e-04 2.235973784478017160e-05 1.707511103629673260e-05 1.940155939064334371e-05 4.372908846360087297e-05 3.973684982206590182e-05 2.325566456442158328e-05 3.381177247618527212e-04 4.439452704384067413e-05
2.744886347966622080e-04 3.011169838040342046e-04 1.591555631737471557e-04 1.895601622337719295e-04 1.046677796285290995e-04 8.707462535663149593e-05 6.538549086403661731e-05 7.606597655673820945e-05 7.070825535703422523e-05 6.757738015437086672e-05 5.984055879844475494e-05 5.470385809701521163e-05 7.241071488683704417e-05 8.714215257369181287e-05 1.071406094833560852e-04 2.587815412748679659e-05 1.791031136063316135e-05 3.957495018963203161e-05 7.952250410849836176e-06 7.435943782057399221e-06 1.017777639552565194e-05 1.500452734536162681e-04 2.167346563746498452e-05 4.934208054045601585e-04 4.874341495665818392e-05
8.298590248306486703e-04 6.920765739871761676e-04 3.852317100425552815e-04 4.709755175803589391e-04 6.095924222626475375e-04 4.963727769959881903e-04 3.159569329696104711e-04 3.004911272155352049e-04 9.288466283435999060e-05 8.836124747607498203e-05 7.382618939424127815e-05 5.579131835254984241e-05 3.204435013069794431e-04 4.577361244309731847e-05 1.083768505169390703e-04 3.292204768225412176e-05 1.266128922610041091e-04 1.442841275652459197e-05 3.088131236635553067e-05 5.973592395002158573e-06 1.907438935278219023e-05 4.604870766588954834e-05 2.350490917789941053e-04 2.179001507520679851e-04 1.874314632748680680e-04
9.054816383088761054e-04 4.386101844785498713e-04 2.726566160770720884e-04 2.767186232986010622e-04 2.564624983067835301e-04 2.681750434087433964e-04 2.249241823801397889e-04 1.747737960748984676e-04 1.435422758706676749e-04 1.201111832346662934e-04 8.764800046115297832e-05 2.521805744767315538e-04 2.482171171677191699e-04 5.580875978581579031e-05 6.254919719421167068e-05 4.106670255723914709e-05 1.246157590128340619e-05 1.358604008642646241e-05 7.895106871721171364e-05 3.722500656746362431e-05 7.892154749712809053e-05 9.761063459233496119e-05 1.011675613130758018e-04 4.615773082029856537e-06 1.952924744266539545e-04
1.149726095059190991e-03 8.699026780692424446e-04 5.990640623646397746e-04 6.990421235398378442e-04 7.407189027198155841e-04 2.672815408722963504e-04 1.933810012279302032e-04 1.454350067500990073e-04 1.245691752774630821e-04 9.701210194569297510e-05 1.051730777888939964e-04 3.567943868576843548e-04 5.770077584806630695e-05 4.184167507562151707e-05 2.986685421766528987e-05 1.064154380242021995e-04 1.495347175157314291e-05 1.276345207588712955e-05 8.526971327989074143e-06 7.045536967903857509e-06 3.280484956015026544e-04 1.748999292375347657e-05 5.666630652844433977e-05 3.085108575247201904e-04 2.074455132192020844e-04
2.846512449441397554e-04 3.010598745556881278e-04 1.821422898040095850e-04 1.460850202493825826e-04 1.565475754876707187e-04 1.022045631136334537e-04 8.991181414790656249e-05 9.352360425314835046e-05 8.524733487446210941e-05 9.791971988212286153e-05 1.019853615648426480e-04 4.232626875920362467e-04 2.820745587573127676e-04 2.928454551710604216e-04 3.225753022837380736e-05 2.627081329882500571e-05 9.096649121106347593e-06 4.243368150905274869e-05 2.457944313798545992e-05 5.260138202927453844e-04 1.298135277801492271e-04 1.474405704881000495e-05 2.241553444937702524e-05 3.369871850690260399e-05 1.033819704067925926e-05
7.272673101092110709e-04 7.440146910504092607e-04 4.549748554491136435e-04 1.385583724586482034e-04 1.292217599156356546e-04 1.146986305863357305e-04 9.756161673948323754e-05 8.739818226651079578e-05 1.393361087003168366e-04 1.257822535445581068e-04 6.974125039986521762e-04 1.098118549362792106e-04 8.637147443974041417e-05 3.805999815180867972e-05 3.844261677587544471e-05 8.925400667598618965e-05 3.790283239180141191e-05 2.851707662969552070e-05 1.240904699902054990e-05 1.639905990929829661e-04 2.560174116372013610e-04 1.470275171043339248e-05 1.445641140312445370e-04 4.236574096969366812e-06 7.273200090495070974e-05
1.029365617851583231e-03 9.762757700284491798e-04 9.127630582738084425e-04 1.201227049789974251e-03 2.830640666637792430e-03 1.676712241443879987e-03 1.570061380122026937e-04 1.134677389879666887e-04 9.172430854535852478e-05 8.887573312913565188e-05 6.905321230672126654e-05 6.801597211221921836e-05 2.697742809982519793e-04 5.604736249082145833e-05 4.546967085376345138e-05 1.689723453413604964e-04 1.721480702985601986e-05 1.193057635012036395e-05 5.966455310250345940e-06 2.708664422809981597e-05 1.690762593007646289e-05 1.592144667964599087e-04 2.229099971945979918e-06 1.618217704646915863e-05 3.087848583805255981e-05
4.317384819422807668e-04 3.367398448538179976e-04 2.638199722771462073e-04 2.182448031678605404e-04 1.854936729859561957e-04 1.703051391342944346e-04 1.509417747337559661e-04 1.440058219077257177e-04 1.184510600420955848e-04 7.557904115175327229e-05 5.969288244228097384e-05 5.064902194934100849e-05 5.804308983071494889e-05 5.121122622725839054e-05 4.901469369879958788e-04 2.057376010632521205e-04 2.324773465475527294e-05 3.246495244463769796e-05 1.713398654207269096e-05 7.290031426738508488e-06 6.331188355259655248e-06 5.178336547924531963e-05 4.457303987719713559e-06 5.201320582309640502e-05 8.912370711860362444e-06
7.881928737614771847e-04 4.043788599250423572e-04 4.227522368885280337e-04 2.526049296738872127e-04 2.297789015769737030e-04 1.972944314068504948e-04 2.110818558096442686e-04 1.657499025188940392e-04 1.175372937691221295e-04 3.944395244151565998e-04 1.023303243358476123e-04 1.721998568217769253e-03 4.104459945461979512e-05 3.303799588471028476e-05 3.390391080515563134e-05 1.378037414726816020e-05 2.768359817184472794e-05 5.316731658907055270e-05 2.034475191200604407e-05 1.650319267049855481e-05 1.255693078892763098e-05 4.913071082722206880e-04 1.618783299642238425e-04 4.794788962934467755e-04 3.220025342809761619e-05
4.228882957816193109e-04 2.993776194125911277e-04 3.439572679135863222e-04 2.885184088684090509e-04 3.169786669566795954e-04 3.298738178428894442e-04 4.178481226913553000e-04 1.076735973537358473e-03 3.374777557244404186e-04 1.926855897851853733e-04 2.014446950787872022e-04 4.909663572195414920e-05 5.862320921188293905e-04 9.382165308536186761e-05 5.650408444985503381e-05 2.196528526486347249e-05 6.071724722004268380e-05 6.498950449894902665e-04 1.411531148564334040e-05 7.150534678957055951e-06 4.923490723863415617e-05 3.636272966743153294e-05 1.879337311316777879e-04 5.347202280187461133e-05 5.493041316843862799e-05
6.605666962041815624e-04 4.226058726190449447e-04 4.715316067469218250e-04 3.097943702591487622e-04 2.079902712880416925e-04 1.833246751012167458e-04 1.528287262941944449e-04 1.514616251142083950e-04 1.258454920800464681e-04 9.269343198397811780e-05 6.335559337866296999e-05 4.884365939465285265e-05 3.762349595111362109e-05 3.099663328284810366e-05 2.747332380762078165e-05 3.033294954404364409e-05 6.878959451396058473e-05 1.575746590467922841e-05 6.147042693298648934e-06 3.283799848534952053e-04 5.918112896677226892e-06 1.231639529787168470e-05 2.355910823035246808e-05 1.492413240134505166e-05 1.680891400381094819e-04
5.545663883532598584e-04 6.550953116467160987e-04 3.386221176850911759e-04 3.285271919634379372e-04 3.166724153980569824e-04 2.528388658986817708e-04 1.289035624955607725e-04 9.591971002817278663e-05 1.599308100420274333e-03 9.534697661241659265e-04 1.441061250367174087e-04 8.153946572446564513e-05 6.386478533653359416e-05 4.790245305637435468e-05 2.780998967248372563e-05 3.014899846422318305e-05 3.734091720873896421e-05 1.100543182401381403e-04 7.708148276162286243e-05 1.765847485861231044e-05 2.103119948701776671e-04 4.453850064417347652e-05 2.225524653158056549e-04 9.573010639655842686e-05 4.670638065001304565e-05
2.275364923660347957e-04 2.839053166897077016e-04 3.572367640628674795e-04 1.778372461572411817e-04 2.638532633541510234e-04 3.893046945653908094e-04 3.205473524767371075e-04 4.404357974955092590e-03 3.672000191866972964e-04 2.426386425475271762e-03 3.076663712613497388e-04 8.010119861267399365e-05 5.500940926248580690e-05 3.526767225224228280e-05 3.274954077333836849e-05 8.511059527555373374e-05 2.153349295404387230e-05 1.036913344604822797e-04 2.080882486928474541e-05 4.498462889108113333e-06 1.895042425830426565e-05 5.011417345075522856e-06 3.234875650979693251e-06 2.602424046639363045e-05 8.607278023940686835e-05
2.930826223462915906e-04 2.604787050338116822e-04 2.296511401885660921e-04 2.082940800736448261e-04 1.806344677885688050e-04 1.516766605975347387e-04 1.300502756216294863e-04 1.091088229958692076e-04 9.641345829142935575e-05 7.001386673879189876e-05 6.047082252969278267e-05 4.905010308920226760e-05 1.468651370956656685e-04 3.907231678502167912e-04 3.539049560410911473e-05 1.663584084891184958e-05 1.150927461052712224e-05 8.662749288676400517e-05 1.782130056132578337e-04 6.393134242236000481e-06 7.404109379491691834e-06 8.081801902394185691e-05 4.137823652867459096e-04 2.412503609199984599e-04 3.395415709162596284e-05
3.370449199162058127e-04 2.603295323381964264e-04 2.383356046638012077e-04 1.625190836784151562e-04 1.927094973149744129e-04 1.759054157068273502e-04 1.767083860058574890e-04 1.297579610902181908e-04 1.134333249221010077e-04 9.933497366232593034e-05 1.168573003342624579e-03 2.307787255589206484e-04 7.748274833000565642e-05 4.829449519034965813e-05 3.047617608534200742e-05 3.820674726568913275e-05 6.108594496220981528e-05 1.794513103620161234e-05 8.766218533933311618e-05 5.765898954336082714e-06 1.969786218264959649e-05 1.288823829583908326e-04 8.649343897604876207e-05 1.945358775722391275e-04 2.354279401124512866e-04
1.198507427138099978e-03 8.552487830854230795e-04 6.960220361853595300e-04 5.944967735037698462e-04 4.914001950178522541e-04 2.873149045564064429e-04 2.367243678047918913e-04 2.468704154269885987e-04 1.081800196420115798e-03 2.014677511731794183e-04 1.396323076926824706e-04 2.331377949557457765e-04 1.653892247131768297e-03 7.798115053117213313e-05 4.432125477986424369e-05 1.788109993797210316e-05 5.671524663721987200e-05 2.341241629449034028e-05 6.202462832004534350e-06 6.228538424654599980e-06 3.654176112476403782e-06 3.694815302322797055e-06 7.020199814652658724e-05 1.079606075578975224e-05 3.930249697127167108e-04
9.264707175888321983e-04 8.669851030500886659e-04 8.442634826512777132e-04 9.139478274294448625e-04 7.572993648080142155e-04 4.174692495221360910e-04 3.035054031652148921e-04 2.420901048422969344e-04 1.781492432085698518e-04 1.082770809979947496e-04 8.904254369548284670e-05 4.723374963283088297e-04 5.747556438687128445e-05 1.604467446866128457e-04 7.349718998847938048e-05 1.508973870972280668e-04 1.856935891595026570e-05 1.074592387548048727e-05 6.570657444925211377e-06 1.814575557080245398e-05 1.444968257723756873e-05 1.487386220879228935e-05 1.262081207506595105e-05 9.637220943914466174e-06 1.109138284162911454e-04
5.376074393249019286e-04 3.563439308821491551e-04 3.438044118316308266e-04 3.056137943916536841e-04 2.634032147794099134e-04 3.836761885932437276e-04 1.720594062486840124e-03 8.963530069891186090e-05 7.135221539726174420e-05 6.070999797832477349e-05 5.086030491192827742e-05 4.120565594689214943e-05 3.499595662503888783e-05 3.295588560634768791e-05 5.790877186829086293e-05 1.959040380918782641e-05 1.181399539285254605e-04 3.918319335946231956e-04 1.383763727525581505e-05 6.437414373872564133e-06 9.400382947218392942e-06 1.409161459480973311e-05 4.730405229058694673e-05 2.330786808589773319e-05 8.648926328116511694e-05
2.305513949221356927e-04 1.827071723121059062e-04 1.450332007205095818e-04 1.128374692479562510e-04 9.027232712902884075e-05 8.064082013217971183e-05 7.900077234569574951e-05 6.617232056466791222e-05 6.031690564257294161e-05 6.373720009523598364e-05 3.796640306002204665e-05 3.028172292705431001e-05 2.460410059824927109e-05 1.877934997299324728e-05 1.518902405927875251e-05 1.274201173450419778e-05 1.827432952987503455e-05 8.744439090952949974e-06 7.864546856078696534e-06 1.223884159250993896e-05 8.224633671349906785e-05 9.880799449042237644e-06 4.277722653503749599e-06 3.395547312984420994e-04 1.309541016959942230e-05
6.548715109450013814e-04 4.460531079193780441e-04 1.806065044687470069e-04 1.347736493418153218e-04 1.139876383141350875e-04 9.808812207428977727e-05 8.498383483547166317e-05 7.350387419735395530e-05 7.106335946036364943e-05 1.943967228822413170e-04 2.344547780025353113e-03 3.246292958836791555e-04 6.969639707859818362e-05 2.851338276379354692e-05 2.180737747373551313e-05 1.520510819098141787e-05 1.018008723684022452e-05 6.986658817003513875e-06 4.720505171225948760e-06 5.577732430321950538e-06 2.427859971291029673e-05 2.807006275976931946e-05 3.708440001428014223e-05 6.411507926179029241e-05 3.652454066881868065e-05
1.500832942021444695e-03 1.095408686063861076e-03 4.802109548283491026e-04 3.513857897750561829e-04 2.936107883338425709e-04 1.914461974072839429e-04 1.784501780671480229e-04 1.672746281805200777e-04 1.300786223241148722e-04 1.204808349662208369e-04 1.536591603006489488e-04 6.565960526303451909e-05 5.492606362966662181e-05 4.027714647668557892e-05 3.357038909298643963e-05 3.170350803909729748e-04 4.957632518501483513e-04 2.167364844527501188e-05 1.383666468123202023e-05 1.991136492653680680e-05 3.883861158516002362e-04 1.142201374196902925e-04 2.335952999016977568e-04 2.925219991080046556e-05 4.395039384852343460e-04
6.798687724299439308e-04 5.460162411994091579e-04 3.404772471071707170e-04 3.322285525796343981e-04 2.790246853441620675e-04 3.089291618806422422e-04 6.757278593724865738e-04 3.241418410152119116e-04 2.953742283850907817e-04 1.787557309881427703e-04 1.163410935640934199e-04 6.416217783982969519e-05 3.351934052648683227e-05 2.288509050616798499e-05 3.506289538784103051e-05 1.847286723540867098e-05 1.201750065590610849e-05 1.599707121293243831e-05 9.537386084157888075e-06 8.299131980655816707e-05 9.075295504700599538e-06 6.023491157345045154e-05 3.432585267959900756e-05 1.076113097065419879e-05 1.133588001264167769e-04
4.411670148783529031e-04 3.507608846339395976e-04 2.344721085861825539e-04 1.939316107339518252e-04 1.604467108503111110e-04 1.327207478712679150e-04 1.131776591754313249e-04 9.775551264076249691e-05 9.605603805755457466e-05 8.090193951023084691e-05 6.800695441651470488e-05 9.831547075055703511e-05 3.576734894154669637e-05 3.052126863334046102e-05 1.462983071926983632e-04 2.038542345484278026e-05 9.165432616859139691e-06 8.624374638366642099e-06 9.896842119041502663e-04 1.822474077643862063e-05 1.694684117411585607e-05 8.738508606730267618e-05 1.306562596470135697e-04 9.108611472135170984e-05 1.184394044254964070e-05
6.452582279480570306e-04 4.803708210925874056e-04 3.174134021227492750e-04 2.311416266531479398e-04 4.179813265007971510e-04 5.770982775163102348e-04 5.905430495290152348e-04 9.140670327974061366e-04 9.423483002705376798e-05 6.612132199862857929e-05 5.110038088808353319e-05 4.170125527935563705e-05 3.486469949957291285e-05 3.571504124235435257e-05 5.450895345777426800e-05 5.884873858293766455e-05 5.338865334578964724e-04 1.524225245963701301e-05 1.085491947490040635e-05 8.873896000152385212e-06 1.354913925740782265e-05 3.991602005564260741e-05 2.409574314494638604e-04 3.060153508048319912e-04 6.779989430450790889e-05
3.839650074490917457e-04 3.344229495403627512e-04 2.989005913075952286e-04 2.640449784174297120e-04 2.949381249100858698e-04 2.379418866342581230e-04 2.219021001152175526e-04 1.439175394509591881e-04 1.358321195818698070e-04 1.090758275307821890e-04 1.554779016383116491e-04 2.199970236193695555e-03 1.528669047139332555e-04 3.431179221037649956e-05 2.694121959385451214e-05 1.830622258968632099e-05 1.541594026060934619e-05 1.063105235852705347e-05 1.021199408490553746e-05 5.981353227918115143e-05 2.293132561080057116e-04 8.970871796150707534e-05 2.805153949506527557e-04 2.679257852067668151e-04 6.552444690312149390e-04
8.747051445229869293e-04 8.415844772959980109e-04 6.713556517898064792e-04 5.238047516312071454e-04 4.317091684319785522e-04 4.073008154993098249e-04 3.172372685243945588e-04 1.895373523359594108e-04 1.394277127759111477e-04 1.048061502428673813e-04 9.178732440795352415e-05 6.500120491793000602e-05 4.292090306338275634e-05 4.552831978950006502e-05 7.262471648262037256e-05 1.933591457699851225e-05 1.164263645407493830e-05 5.213633829669361162e-06 3.609346257501602626e-06 2.714804929052009752e-06 3.151538174292972188e-06 4.889342981669489267e-04 2.483062180666174748e-05 1.132671923386128693e-05 1.099311985385946104e-04
3.061221722945562610e-04 2.703977071327750984e-04 2.854155897414556659e-04 2.325985916640745165e-04 1.824291272211255727e-04 1.526502566675857282e-04 1.241845024383180852e-04 1.044801283953151344e-04 8.476725040293385820e-05 6.839174196603704781e-05 5.565634674330417807e-05 5.102418899709956442e-05 5.032300234074964999e-05 9.732826904432468837e-05 1.710220312256265733e-05 2.597968973063297614e-05 8.452649454094503684e-06 5.942941496631607121e-06 5.098881727635396577e-06 2.749343035369768023e-06 1.339503444489077407e-04 1.951993203092706360e-05 8.858439744320604950e-05 4.073685947523805441e-05 1.878950538161441503e-05
8.772736066062704514e-04 6.283205404927467248e-04 4.839512656269948890e-04 4.966319223157839502e-04 5.356842704394078770e-04 9.339462435705456287e-04 3.860797769159093743e-04 2.563552158767928358e-04 1.906765439998985966e-04 1.532403631446560186e-04 1.159121045481807519e-04 1.321288756302707037e-04 7.383159344355814783e-05 7.842097947051257479e-05 2.026527448115884866e-04 3.567930975656844649e-05 5.385751868713622016e-05 2.036645134353080161e-05 1.245293625843407119e-05 5.240523882885750053e-06 7.725641984006409528e-06 6.839566867789390559e-06 1.660536354413799794e-05 1.498589651799703817e-05 4.237151428201534813e-05
1.184292294815320577e-03 7.406435850434630328e-04 9.968088447404653638e-04 1.175281883126468464e-03 6.373196966004525746e-04 4.424176854361621639e-04 2.657814844713701752e-04 1.346343196838658445e-04 1.016065124403673503e-04 4.833115972411399609e-05 4.059918271721270003e-05 3.963715247187757167e-05 4.564719303591671754e-05 2.690795089132517803e-05 1.818404233007422032e-04 1.104413212056839670e-05 4.006712826384084726e-05 7.239741607664802107e-05 1.193312605564323325e-04 5.314547732684912149e-06 2.927077034866883816e-06 9.359718935750548389e-06 2.303717654560609972e-05 1.322562990064016176e-05 1.885450479987392858e-05
3.903070327087975865e-04 4.848258215126057522e-04 5.145904429634465130e-04 5.981800824325469220e-04 6.295738283618944027e-04 1.388176081899686115e-03 2.306793765171349583e-03 3.307627139322718234e-04 2.022958173953696927e-04 3.717532324128839175e-04 1.315787735321312640e-03 6.034910584505931468e-05 4.283732451735374099e-05 3.044810648522805561e-05 2.321992946282550111e-05 2.495850275887747196e-05 1.203147317938779130e-05 5.376997618136340939e-06 7.319781725446957561e-06 1.077532339574629235e-04 2.337784737401636227e-06 6.704827533670044973e-06 1.660643397846067089e-05 1.888211479433111461e-05 2.948266947751561006e-05
2.221773855574475111e-04 2.434013037686932738e-04 1.953804951992890889e-04 2.395133439632445601e-04 3.839688651612767063e-04 2.024489592014708120e-04 1.377527611294019824e-04 1.082881316968742894e-04 7.935564258077330163e-05 5.917150840325828760e-05 4.954615456217293214e-04 2.130285224450628051e-04 3.749219731009850964e-05 3.341756342560223684e-05 6.297850731798111711e-04 4.834132519702474161e-05 3.885311128417652938e-04 1.073364986512185328e-05 1.382878909957096120e-05 9.207852514580070055e-06 2.168479725855696090e-05 5.805917781545511696e-05 3.499906933368243292e-05 1.353916656525286438e-05 3.152739309966082855e-04
3.109003552232285665e-04 2.452361845130526449e-04 2.212799840183658209e-04 2.359281239380060661e-04 1.897399011364498506e-04 1.589318745099272962e-04 1.290736763228457929e-04 1.008152364361304698e-04 8.234217409196788434e-05 6.565819806765136495e-05 5.123162766674678177e-05 3.894637373862604179e-05 2.956334848227382440e-05 2.133280339440900801e-05 2.185253231757478196e-05 1.319704987296694453e-05 9.769212867504828014e-06 5.139560492200381033e-05 6.505328524207323600e-05 6.588670933571993335e-06 6.359596765745938799e-06 1.280757541578348543e-05 6.537641726303297772e-06 1.221065564389166181e-06 2.415451063096897219e-05
1.940186831822747883e-04 1.641906440328221744e-04 1.410962390316821216e-04 1.218304506226510820e-04 1.256973221024246202e-04 1.040054600163976188e-04 8.791945367072060205e-05 7.696040762094916925e-05 6.444611832840189925e-05 7.942636061153741131e-05 8.643103450202040811e-05 6.101184272769343084e-04 7.825061927566589201e-04 2.051976320001738614e-05 1.534006233961828213e-05 1.177984085589636577e-05 1.037596703191854095e-05 1.576580547735282158e-05 6.367895539486354952e-06 2.938763574855244859e-06 2.818971780451093479e-06 8.362682299769380026e-05 6.819048322154616865e-04 4.131167361923742808e-05 2.779396347750052676e-05
1.560591460460024988e-04 1.405199018886043813e-04 1.266228174845799562e-04 1.175864948727360876e-04 1.135054234145449806e-04 9.548558738291053794e-05 8.873361030510043513e-05 7.964073213296177602e-05 7.272458508801887703e-05 5.822776454522838604e-05 4.796634928713999752e-05 4.040989231210049626e-05 2.617534177438269292e-05 7.688137542040579303e-05 4.000868792609546987e-04 2.061555788863397637e-05 1.078729712649528980e-05 7.027113718675422402e-06 5.781684576166551252e-06 3.511959532421593027e-06 8.931710050038095520e-06 9.458996143410851288e-06 1.190654131223776828e-05 3.712328544359787968e-05 2.593338261004654106e-05
7.566511808637107301e-04 6.561389124628318669e-04 4.763074181551687266e-04 3.665780505897146542e-04 3.134426542619113431e-04 1.233735531941775585e-04 8.615735976577289972e-05 9.725393179899290326e-05 1.169135602576984126e-04 5.777405791719844819e-05 4.809629091403761213e-05 4.501691335488550182e-05 3.382412201518478044e-05 5.784922616985983964e-05 4.856933770593120772e-05 2.138818906086843765e-05 2.165063045226006346e-05 4.281534576185094300e-05 3.274283650815534180e-04 4.338688646033333460e-06 1.087982861527553954e-05 3.552446714173575595e-06 8.963644804380359652e-06 8.045396193020865107e-06 1.239784487169728339e-05
1.915391757367240386e-04 1.671134817501597405e-04 4.013669390032873494e-04 2.589323266539679471e-04 1.962084223764347336e-04 1.603315975051968975e-04 8.668517327927368352e-04 8.466412515291997856e-04 9.263118039841449674e-05 1.225897449994973294e-04 3.886306417340913743e-04 3.811712988561232390e-05 8.063207657901840506e-05 9.623215350997297484e-04 3.091434928350415395e-05 1.242788442713419026e-04 2.473220360896705465e-04 1.556749591814978329e-04 4.773393414295044385e-05 3.292822590409603495e-05 4.960749437813707571e-06 5.470069958884511632e-06 1.108186272966019902e-05 6.468902650922785406e-05 1.303675767771958439e-03
4.187240269404416152e-04 6.380691036477815527e-04 5.424889921660883694e-04 6.113273251187271301e-04 5.939604857357440922e-04 3.871342957569621850e-04 2.297797605781482834e-04 6.177792818722178904e-04 1.633869473149180893e-04 1.192222641560833915e-04 9.596968651388401868e-05 3.624679239963111158e-05 2.870641233968958318e-05 2.294061268592219988e-05 1.781599876240941055e-05 1.286523163961997918e-05 9.234770456040478494e-06 6.234702827861184308e-06 1.139131770119544294e-05 1.194235398250042827e-05 3.365822990471451967e-06 9.916215035428482244e-06 1.313124304376955328e-05 7.209184444558338972e-05 5.949291800656774791e-05
9.558719303014256942e-04 9.113390974195878557e-04 5.630178199881373611e-04 3.008801407734439603e-04 2.861868213460671824e-04 3.695304256135519103e-04 8.696547963228271018e-04 8.495280879236060062e-04 9.529075433883159676e-05 8.513982479151507388e-05 7.642346369729616012e-05 7.439975339216755744e-05 6.050849261015070956e-04 6.357256336791520818e-04 2.081095765139309031e-05 7.689662409478521343e-05 2.952738889891211107e-05 7.062654346227283859e-06 1.154787011013052884e-05 1.336613556854393161e-05 7.488164892586766679e-06 3.807995335990491871e-06 4.425711814311188418e-05 9.360334800645407605e-05 8.286783589988153044e-05
3.208111874424771776e-04 3.140800422683785232e-04 3.916710737060600384e-04 3.258830255889601604e-04 3.995848952408182463e-04 5.226685380213821159e-04 1.851364962616698466e-03 1.342598677827006948e-04 1.197772640311386429e-04 1.702763411439765600e-04 1.429477701765754952e-04 6.289499314966104620e-05 8.772241589429521046e-05 4.003865810559251479e-05 1.858053603381340402e-05 1.355867533383116090e-05 1.051150137894594584e-05 9.136256831538797538e-06 1.071223220815389112e-05 1.414842571284349407e-05 1.420321929466574829e-04 8.458489228641152152e-05 2.566957611443172597e-04 1.193101507022250126e-04 1.144710203724237955e-04
5.657646720838891514e-04 5.337197015542336420e-04 2.728183295752869045e-04 2.400076020957662103e-04 1.687673163470442418e-04 1.360554571258551786e-04 1.919426770844807537e-04 1.527953952234730925e-04 1.102496226069315811e-04 9.171078768321563749e-05 8.473150966017057889e-05 6.028415148961654014e-05 7.353017466023474362e-05 1.629902659677625535e-04 1.714434781236031397e-05 1.218599732610709178e-05 2.122591791401342537e-05 2.388193604453304889e-04 5.072115131468390630e-06 4.893373297633504873e-06 1.090622223154614709e-05 1.744483091098387800e-04 2.010211582793474248e-05 7.583031013998794805e-05 4.376566709968983154e-05
