7.743159144595900033e-04 6.977662512450940116e-04 6.167600608153749227e-04 5.288811333910147395e-04 4.580624466051673102e-04 3.846085751540176617e-04 3.132898504260500715e-04 2.462443071474322803e-04 1.917081880091123897e-04 1.495623277279606843e-04 1.147896879738482883e-04 8.734766844035578987e-05 6.629048255581410488e-05 5.154216238567667802e-05 3.747536241660045478e-04 3.624873917492687673e-05 9.597936935926493695e-04 3.572357073829985898e-05 2.713236903737497287e-05 8.925460529704066278e-05 2.638473520239571269e-04 2.489114375094873951e-04 2.687876587707753977e-05 8.102995694104848240e-03 3.381476821859978632e-04
4.835616647178500723e-04 4.328549158770181467e-04 3.761804664086828816e-04 3.283130229255250840e-04 2.836901935036646597e-04 2.422900771196003509e-04 2.054377865344245776e-04 1.741395294842070158e-04 1.431122406426560379e-04 1.191155800469353293e-04 9.731986744228628952e-05 7.814066655326690745e-05 6.907497687922457624e-05 4.563454595263979674e-05 3.712899346061044920e-05 3.177492612976671885e-05 5.020947760488506367e-05 1.872093301150232376e-04 1.294991212024863489e-03 4.733562610527787312e-05 8.926025085385069216e-04 1.508669632833924666e-04 1.567404384003903109e-04 4.816378167449846155e-04 2.373550478119168701e-03
9.404153484972499390e-04 8.849779442641327130e-04 5.076414747450990004e-04 4.244315512183738587e-04 4.586698872919446526e-04 3.857923044570716231e-04 2.789602295382625553e-04 2.263962762151506788e-04 1.900786565689870501e-04 1.707974138976776988e-04 1.713632762165374142e-04 1.219185462337897747e-04 1.435459835119936960e-02 7.403902384658807539e-05 1.652780684773685633e-04 7.431454229080217133e-03 4.663728552488539958e-05 2.864190024403787062e-05 1.008246117823617042e-04 3.991608557696101300e-05 1.037919964587835619e-05 2.074400237220281728e-04 2.588890702304899073e-03 5.160984023555891149e-03 2.446430000795573548e-04
4.675733168886296934e-04 4.233630407731551483e-04 3.834719671240850551e-04 3.354740466957687188e-04 3.129941099375360496e-04 2.823635528570581413e-04 2.367336153401207205e-04 1.887215355670447984e-04 1.504863281786322413e-04 1.207498107574271829e-04 1.051048587619734810e-04 8.299347311335359832e-05 5.717024118187237578e-05 4.078188567731838571e-05 3.112222408426530815e-05 2.390798409808928338e-05 2.134697927168700027e-05 1.820057321601289618e-05 4.405662083646452634e-05 1.121701975634553872e-04 5.648599502268776453e-05 1.047420985949884531e-03 1.002712892236033758e-04 2.340613059957589174e-05 1.872528013655197076e-04
5.767714737276379662e-04 4.452754770316476578e-04 4.569322542828759600e-04 2.836182647706963827e-04 2.082639306531737012e-04 1.701719835344845083e-04 1.434203763827273997e-04 1.222074546573013814e-04 1.052681234158249593e-04 8.957216164028774553e-05 7.858337363976984310e-05 7.042633479954159878e-05 6.702068631308258318e-05 6.432668814423118031e-05 5.478447626912881312e-05 4.506819329337032623e-05 3.873376022385387641e-05 4.287414918778819788e-05 4.819339955090462053e-05 2.279208709353937231e-05 6.302729699442844759e-04 2.756386196015231911e-05 1.031283744780878814e-04 1.643927299837371684e-05 1.318763379889837067e-04
1.469227419081993750e-03 1.108384198993642112e-03 8.720625523014965833e-04 5.789559384017684300e-04 3.392288501922389424e-04 3.559381430419982558e-04 3.934273972593986752e-04 2.296650210225960678e-03 2.715939476969383808e-04 1.580399612576560567e-04 1.287381300809431819e-04 9.510107890320835839e-05 7.096499857583987584e-05 5.489236002206949804e-05 5.152986959700057729e-04 3.570618103932512592e-05 2.852181267902300813e-05 2.093581592747729059e-05 1.547646303676983789e-05 7.021372675345710041e-06 5.007960056170050918e-03 1.553718253304881296e-05 1.608828219521115342e-03 5.148426546807138848e-04 3.582891107853762862e-04
8.441423301291723540e-04 7.324202019068753447e-04 6.125366971142625879e-04 5.185323784572555940e-04 4.354971641025323116e-04 3.605457063325520563e-04 2.973750169560319609e-04 2.466605984025121664e-04 2.068970386406743679e-04 1.653992568390351132e-04 1.322501724517829319e-04 1.100632491498480033e-04 8.635231944989572427e-05 5.344600833026496114e-05 5.425748276783018040e-05 5.445759752812827180e-05 6.422257555899034279e-05 1.926644893790151395e-05 3.026503392464295364e-05 2.686599737678382047e-04 2.723433769155276293e-04 4.406842842044233664e-05 9.785138568020325086e-05 1.470804342664635905e-04 1.302096641146050242e-04
1.356044224524494525e-03 2.791211121921733599e-03 1.235802939023555348e-03 7.615338580626054539e-04 7.185137573857490034e-04 4.402948544671737570e-04 4.746848627949082832e-04 1.063219448625350588e-01 9.651153162294651144e-02 2.018041597809812002e-02 4.495799653897536788e-03 2.514984812281625807e-04 2.106246451157332074e-04 3.299133644176740262e-04 4.395739811695514637e-05 4.012686181527385038e-05 5.496470155139268718e-05 1.038741952950043963e-05 1.048601259192748636e-05 2.050123564064895482e-04 9.221744125998307634e-05 3.719272939436710852e-04 5.047563500720265056e-05 2.843919977751881097e-05 4.939007156589717788e-04
6.059479809982274388e-04 5.191921218313346516e-04 4.477379807765243663e-04 3.809664569610104242e-04 3.251750967149116627e-04 2.809182096183251488e-04 2.384640539023264762e-04 2.057757953048740685e-04 1.794412144232262910e-04 1.515524236925307688e-04 1.180302940274071104e-04 1.180244318088447100e-04 6.602723774213485380e-05 5.233596418689887339e-05 3.811557589213149846e-05 2.269962389475586252e-05 1.527286329295995447e-05 4.863578164482492642e-05 9.107821231212805406e-05 7.023711956950681430e-04 5.392132207923712103e-03 1.271237658361845711e-04 3.830842497357210964e-04 5.702221769044525022e-05 2.026564447058269919e-04
9.164183657348186308e-04 7.092619163237190352e-04 8.365170196342555393e-04 4.825467952595938388e-04 6.082205951440536416e-04 3.122751292338037674e-04 2.342982183243040822e-04 2.240095350888678030e-04 1.537670588425463615e-04 1.452934028316095201e-04 1.717598093446075615e-04 1.023731279363627880e-03 9.183477774776730026e-05 2.887296608890836322e-04 1.381115420053699756e-02 5.838634588298634163e-05 1.925843784309495604e-03 2.962608204872726935e-05 2.626404943941437265e-05 6.047272506683124948e-04 1.313930662450477067e-05 3.370810562933427564e-05 1.321984916156129821e-05 2.602596754470763794e-05 2.796496773844814928e-04
8.932806688675539938e-04 7.261236051601493817e-04 6.014401426691264735e-04 5.158936852012382121e-04 4.192502642233969317e-04 3.211104323836582223e-04 2.601408606969401647e-04 2.084124180714603679e-04 1.669929871973978872e-04 1.331838963271338952e-04 1.031296419530252376e-04 7.777732464230098139e-05 5.543842245995983021e-05 4.072930677955273894e-05 3.041138721344281866e-05 4.058587782276049739e-05 2.384776996466292406e-05 1.699091404844889396e-05 7.274633082173133669e-06 4.348138436153882184e-06 2.909551095900066067e-05 2.142705794346232479e-05 5.743615714613581726e-04 1.059686964363437201e-05 1.599884135090979756e-05
3.608384717845759685e-04 3.134480876245047910e-04 2.783077498838175748e-04 2.480189228892746276e-04 2.183754671756570282e-04 1.927196270677933299e-04 1.725612547515095773e-04 1.626782307792015519e-04 1.373356731409751017e-04 9.458237666160024910e-05 7.573754279058230712e-05 3.813613903896741837e-04 5.892125655313403676e-05 7.282306264195679765e-04 9.275015581939859426e-05 5.556252832112072601e-05 2.809320062148396778e-05 1.379120156150065178e-05 9.102339146894799243e-06 1.112061540667309396e-05 2.592712171666792435e-05 1.234688668128740058e-05 7.014065530157198732e-05 4.441279665226522213e-04 2.293908431390959189e-04
6.877936425608774645e-04 5.901399863509190682e-04 5.216940234577181453e-04 4.562731401473743781e-04 3.931256493787766912e-04 3.374203372686866167e-04 3.006438386746252594e-04 2.471308694926579140e-04 2.274313259408281722e-04 1.680289078957069356e-04 1.101296297031700215e-04 8.104174676704784235e-05 5.776978660466630628e-05 3.951451831292408963e-05 2.816683558943593532e-05 5.555437388215842378e-04 1.436121765698645915e-05 1.270479124991263037e-05 5.708564338362356339e-06 4.731895509920434362e-06 1.480581617045193504e-05 1.063413404059729988e-05 1.333641242474089194e-03 9.600031322321785120e-04 2.126269012907716028e-05
1.122880402568546569e-03 9.711175472911139778e-04 8.400145937062967290e-04 6.747079025922202329e-04 5.512899523319683302e-04 2.546989442111945623e-04 2.324362171755387646e-04 1.836764530740425249e-04 1.394108612718377251e-04 1.945690654764017122e-04 1.786780549392254095e-04 1.048702794824296213e-04 9.430094930883564381e-05 3.545972153838379635e-03 5.963983639399984496e-05 4.658433976698810931e-04 2.548101709717080519e-05 2.881349119865710302e-03 2.087703196162913751e-05 4.970724008297881710e-05 1.123692002255318614e-05 1.272953714408766697e-05 9.434842975222491418e-06 3.203069302944178679e-05 9.842837019708829734e-04
4.281121747051367743e-04 3.552362298423365544e-04 2.991054458240262727e-04 2.535198506952623986e-04 2.131896443907650262e-04 1.828414890523641909e-04 1.496052661329356505e-04 1.253077116312435279e-04 1.129050877032278629e-04 1.120995941542549015e-04 9.545917920193895483e-05 7.408381544684270196e-05 5.883399921988802863e-05 4.691093079570332033e-05 4.331939957754268075e-05 9.489734439350777000e-04 2.726008158722309526e-05 2.673875807954369244e-05 2.288722268541913227e-05 4.758428597729165736e-04 2.028585884740959246e-05 1.301412659817958938e-05 2.395983114774700358e-05 4.200862403338422534e-04 2.095575465264963946e-04
2.111876258800556450e-03 1.528842899714006080e-03 6.479288454670810915e-04 3.325586596185844132e-04 2.735626791274381854e-04 2.553766437629133410e-04 2.398662151978666712e-04 2.248468183960832510e-04 1.783785712056858922e-04 1.581681769833698074e-04 4.275035314628008488e-03 1.007165273582171698e-04 6.470615565989658010e-05 4.925063069690360231e-05 3.507793988047161086e-05 6.358131928527185417e-04 1.872792872991663641e-05 1.774206040323271930e-05 5.331564612117323416e-05 3.546204964007879231e-04 1.084499982386900607e-05 4.644040624259048529e-04 5.991344876842687010e-04 5.176579901447197216e-04 1.149122714001821405e-04
7.514090187025119529e-04 6.071330161157086373e-04 4.539277698301831814e-04 3.787108552419927695e-04 4.703304371409960136e-04 3.285077318527926328e-04 2.650570265747892104e-04 2.184733937749756328e-04 1.779155881514086861e-04 1.411537516809153829e-04 1.657728776768388240e-04 9.316139940094176090e-05 5.521377245146224529e-05 3.926667831429062077e-05 4.582502772819344180e-05 3.036422904734238041e-03 3.247560834833872824e-05 1.943583254731264486e-05 1.292349158739413130e-05 8.776095869440851717e-06 7.044674861091016914e-05 1.044846652110512824e-03 2.388582260035385384e-05 3.420039519677572394e-04 2.483824242969748415e-04
6.583141009588668220e-04 5.427322203415595398e-04 3.960360906531967015e-04 3.155067205221432627e-04 2.732161579120946497e-04 2.385548835511565888e-04 2.420523128022681431e-04 1.992274754300505616e-04 1.095759404984989784e-02 2.311682091378221250e-04 1.386111793241231419e-04 8.350278024685964685e-04 6.553102814352915336e-05 6.355912467670378138e-05 4.377504135809039414e-04 2.740867517919283098e-05 1.810296781290453871e-05 1.629391316751073882e-05 2.544173286596198037e-05 1.255832415294719126e-05 1.946497047628811236e-05 3.030907373822828584e-06 7.756429162062741496e-04 5.464779795879125420e-05 2.297041520526312258e-03
5.266123522783544694e-04 4.654462074388495199e-04 3.889261258947067650e-04 3.241040310604358251e-04 2.835644042047316270e-04 2.603833031784265816e-04 2.310723416728753218e-04 2.273973229400096726e-04 4.346849753361299085e-04 3.072611893646211550e-03 1.689006723248651456e-04 4.406201806526796843e-04 1.272102281990152364e-04 9.887055775941507724e-04 4.031308155379531122e-05 3.465914843119576196e-05 1.746590534606338378e-04 2.025162481995427296e-04 8.360067226074589005e-06 1.823626711932920872e-05 3.668770098189976024e-05 2.941574422905081826e-05 1.957666652883906927e-03 1.464608948922842757e-04 1.605370191513755382e-04
1.265689254116112447e-03 9.612750018471900859e-04 8.198186811092842514e-04 4.018756519031922323e-04 4.178292969368743270e-04 3.304161071609096377e-04 3.176514528860346757e-04 2.419631116168391308e-04 2.122676742671206858e-04 1.488219489930122557e-04 1.210504197772491089e-04 9.424519347270136384e-05 6.205823623321898885e-05 6.288287232872407870e-05 3.890185790804683453e-05 2.009697830583499195e-05 1.788816117258890502e-05 8.646934638022369963e-06 5.004953854033122353e-04 4.585250805022607431e-06 1.572384748025251787e-05 1.463519203836463773e-05 9.364343104057032361e-06 4.238616710994616462e-05 2.584474422706309601e-05
7.990448276436946289e-04 6.754577715708106819e-04 5.839959212227963103e-04 4.987594593509139546e-04 4.198804905474136959e-04 3.589463762393093086e-04 3.027084948940896329e-04 2.482226450563244187e-04 2.006313368693920791e-04 1.550519588474628984e-04 1.124550064144995399e-04 8.358767383972167612e-05 1.831344336510212323e-04 4.798353638891838027e-05 4.380935344351919781e-04 7.087338825603860389e-05 4.634366890915504218e-05 2.053975342615612732e-05 7.355251216574099516e-04 2.006522169214965896e-05 1.835293122181537125e-04 2.828588407437321556e-05 2.029653835289749013e-03 9.342729502139296644e-04 3.512132801584306476e-04
5.178799121670887764e-04 4.351979657776265057e-04 3.631983653724694364e-04 3.081458994163252833e-04 2.616397534518057543e-04 2.249096217656271007e-04 1.926527539306961917e-04 1.636862396684356691e-04 1.394711743607376334e-04 1.187235921769509435e-04 9.459051252048038857e-05 8.961151631110501469e-05 1.164028399381079860e-04 4.776158797014452666e-03 4.374896336298976539e-05 2.075249323982880005e-04 3.817432528923964032e-05 1.028258186597756940e-05 6.234832526195790438e-06 3.458972613955777755e-04 2.048634713980313805e-03 7.669902305065630561e-05 3.001869245350393620e-05 3.195196156762171794e-03 6.911438424227976099e-04
3.464936214411721942e-04 2.893337491654801564e-04 2.796814424306644188e-04 3.094267584433481257e-04 2.369015972025466930e-04 1.913577551553614919e-04 3.135546818250464687e-04 2.937947757038020268e-04 1.459664015714765158e-04 1.185600526474087882e-04 2.062957534697423031e-04 1.174465987836395206e-02 5.342001332947481518e-04 1.237029887321901994e-04 5.319539472388295500e-05 3.870896369495309132e-05 8.592900674893677398e-05 1.716359133605462113e-05 1.333071847736392528e-05 1.035063888364324289e-03 7.608945324456426124e-04 6.815649438440599852e-06 1.309222182972699135e-03 2.178322487607148037e-05 1.504443872996370779e-03
3.679532359856602856e-04 3.117428423023420217e-04 2.764268935156624185e-04 2.599203345005481015e-04 2.386163859107510890e-04 2.126447721628427321e-04 1.946684007478351988e-04 2.029092123138805386e-04 1.369676473850522957e-04 1.289447634990569230e-04 1.722113268839651763e-04 1.458433692324705188e-04 7.979101457120288236e-05 4.274744894282785519e-05 2.976641092195709499e-05 2.510047518295017830e-05 1.062220558510428665e-03 2.900120885369703112e-05 1.209876504025122015e-04 6.717997482552821127e-04 5.518851600648863050e-05 7.920944253888775747e-05 2.161142298863028357e-04 5.116032405924249846e-05 7.976151559329595778e-04
4.694230425895561847e-04 3.631187278453810270e-04 3.345856635066350336e-04 2.826102090518619009e-04 2.401123409092592175e-04 2.036423523313007986e-04 1.784009477372334182e-04 1.480041768928814204e-04 1.216613286977678696e-04 9.803325159041966874e-05 8.452268277298628969e-05 6.190108540638815447e-05 4.549888684790728930e-05 4.066600095319820011e-05 3.640182761504475307e-05 7.992121664169150701e-04 5.166847768125649586e-05 1.699661721556095976e-05 7.236576749688083032e-05 1.548469419659826601e-05 1.130879434260188727e-05 1.386782344892526029e-04 1.366678676014586508e-04 7.500727082741604423e-05 4.616872283351353720e-04
4.440434015592202598e-04 3.925635048298105659e-04 3.592648106123817785e-04 3.271977052520884909e-04 2.959507248812281326e-04 2.575948264257799016e-04 2.238994381193433545e-04 1.891488346898123434e-04 1.565064891322770491e-04 1.280298591146892639e-04 1.149294934201000091e-04 1.071802642349741521e-04 6.847716100490752820e-05 5.367141535701505314e-05 4.501272903319319122e-05 5.051655276886500519e-05 1.651419228715300604e-04 5.367626104310240691e-04 1.608848111942285156e-05 3.153761528079732627e-05 1.021815354997229876e-05 5.840988226583818224e-06 2.243468532051332633e-05 2.879279239634701835e-04 4.285775716233765624e-05
4.762742277798029411e-04 6.268782540854584947e-04 2.364120535481552482e-04 2.318124803588805707e-04 3.920460830228463087e-04 8.857854563091293069e-04 6.646078530074010435e-04 3.261711794861606173e-02 2.749784386495884359e-04 1.617217057666148336e-04 1.125835877987775905e-04 8.782141843180611576e-05 1.837309666736549729e-04 7.771998816897701678e-05 1.201777140505998383e-02 7.093323513595614996e-05 3.106034749928815827e-05 1.202164314849304971e-03 4.940766390364003383e-05 1.498928287398721586e-05 2.310329090677706992e-05 5.808277655116239396e-05 3.887861004902188624e-04 8.635186488286072373e-04 4.181816787016854990e-03
4.087977473569317892e-04 3.658186434876349894e-04 4.317033972058844727e-04 4.181153025644976980e-04 2.663097308820895517e-04 2.056917792753673591e-04 1.654168651149880457e-04 1.369189074067919101e-04 1.520958215521385883e-04 1.187768768880593053e-04 9.337542212083460385e-05 7.337495199299439721e-05 5.950522061613037887e-05 5.026399258035107141e-05 4.651211648795670927e-05 7.053678470316760655e-04 4.730449386644646165e-04 4.053076041974207062e-04 1.153793992850267241e-03 1.100607763867640827e-04 5.008491054923476472e-04 3.131519712360538322e-05 2.812959155904934329e-04 7.625616091857426550e-05 9.158442958971136098e-05
1.063437764136126095e-03 3.642127966032068353e-04 3.139516854307161219e-04 5.671375917391218964e-04 4.459198643061818251e-04 2.499784111332006018e-04 2.380842271654967602e-04 1.667072216774905067e-04 1.505885615552615220e-04 1.238882623591455073e-04 1.020765330412023400e-04 7.668592342635624308e-05 5.948936561988357724e-05 5.108937059629966546e-05 6.729285999635580473e-05 4.012332470962159237e-05 4.006208927757907371e-05 1.265523249049301499e-05 7.102995283916702623e-06 4.837422774755457117e-06 1.429440616103050557e-05 1.424346919591108583e-05 2.916022354618833735e-05 2.202572330165934223e-04 8.961773318693186830e-05
6.891982854240913956e-04 6.007511698917530722e-04 5.005201137253318441e-04 4.171198181145053152e-04 3.484245488373397350e-04 2.853018501779096380e-04 2.278683362997890904e-04 1.805631507403435327e-04 1.401397257223831834e-04 1.101767956212882364e-04 1.069277948138541652e-04 6.616256469448296798e-05 4.954873629789721912e-05 3.732379555840326156e-05 2.602770158734480318e-05 1.805584688855892044e-05 3.418920696077320663e-05 1.812908982877013648e-05 5.144650883267796958e-06 1.715946041298179597e-03 2.182903822109693887e-05 1.167934950053108005e-05 2.031752620525889303e-05 6.896032996790642965e-06 4.339797179162839026e-04
1.378036977396574500e-03 1.049660497151780900e-03 8.269646546174723358e-04 6.311788177697577606e-04 4.049027920210032053e-04 4.042896502928897996e-04 3.987752111666648049e-04 2.548053586578794753e-04 2.014993524371596191e-04 1.791352862311013463e-04 1.362853354438064535e-04 1.227358744807997132e-04 2.396591987147327692e-04 8.569011926347497863e-05 2.086929253257318283e-03 3.135015949784199316e-05 1.033355332905888832e-05 6.013325763048313122e-06 1.483674015279841890e-05 3.664008685819707710e-06 7.740899252150255461e-05 1.482794939662773610e-05 1.628627925526800467e-05 5.198451020932896404e-05 9.242378075781191042e-05
8.368110215402311007e-04 7.191180775657015104e-04 6.128224135340694639e-04 5.425079818160422193e-04 4.614093319577765610e-04 4.087630504123131343e-04 3.733047572829159837e-04 3.871587253574400311e-03 3.605628981201050576e-03 1.554454148578729216e-04 1.070126372086545053e-04 7.649409046052922081e-05 5.442935343543495473e-05 1.338298889742572939e-04 2.680045550556363790e-05 1.938990655720508491e-05 3.026067349125339276e-05 1.860184711956449819e-05 2.008940859709039032e-05 2.356628616411176756e-04 1.015996056454441973e-04 7.778838269249879224e-05 3.011509845943586010e-04 2.271667045017455150e-04 1.600775511887170903e-05
4.941737055690350417e-04 4.610604050100762649e-04 4.407797298946436156e-04 3.977952441501224237e-04 2.837682163165831332e-04 2.827046595030120930e-04 2.580080140908228015e-04 2.047358941173020315e-04 1.792467156317161425e-04 1.163822194577544979e-04 1.066019999555894055e-04 7.822713542729968625e-05 7.164092455926732508e-03 5.457373593399976680e-04 6.824441287246483319e-05 3.981971612867264698e-03 3.213477817809458185e-05 8.243846738672111095e-04 3.983844425922044219e-05 1.678978374356384078e-05 6.232888367430533712e-05 8.527925730704493469e-06 3.003736635431568950e-05 8.979149144350780966e-04 3.230822051175992211e-03
3.966881109342989317e-04 3.442413855663519168e-04 3.033779606608382785e-04 2.718173954050477235e-04 2.334609054004272159e-04 1.985741444804921859e-04 1.705690676225147921e-04 1.479388206482940222e-04 1.236609936246420294e-04 1.016980186744895545e-04 8.202259947932957545e-05 6.513406859481612359e-05 5.024798017611046489e-05 4.195876873198427839e-05 4.159346566965114116e-05 5.312301998936506172e-04 7.382243181008167360e-04 1.836771938040160110e-05 3.903020340435536117e-05 3.409002202621567724e-05 4.795561417062129675e-04 2.075531722794060898e-05 1.272349250903370689e-05 1.161530876527508996e-05 9.185742134042603794e-06
1.443905264672419499e-03 1.007371886651885987e-03 8.317732428976462849e-04 3.970734656913210529e-03 1.309641606690828929e-02 2.471540531756971073e-04 2.260036382297561923e-04 2.748530551153248805e-04 1.551928185989823314e-03 1.502368109727134245e-04 1.080225559430292325e-04 8.548503622108385687e-05 6.271477926698532763e-05 4.489903036216818150e-05 3.018712895218360136e-05 1.979341211968066520e-05 1.270639199002175093e-05 8.349959955653554736e-06 5.670850439371288943e-06 1.254069530036491318e-05 1.212926418263017890e-05 2.020101862393154559e-03 8.590196787379459568e-06 1.640914930408775459e-05 4.522854939513348183e-06
8.213887069258722683e-04 7.371356962750828194e-04 6.826253167728928194e-04 6.472646456809066787e-04 5.561382771251428955e-04 4.201798713195936956e-04 2.451523565038731347e-04 2.009690861490882224e-04 1.499962068748412916e-04 1.127702716539265868e-04 9.715135915008959728e-05 8.360929618639853283e-05 8.543381344212028249e-05 1.150986132282276649e-02 1.298736553300935438e-03 7.563279585964298251e-05 1.307762376078877037e-05 8.950923727247322103e-06 1.567044586543822580e-05 2.420146408574813494e-03 2.602542540694106370e-05 2.196401932909953762e-05 6.107077590497333791e-05 1.455789910975180412e-04 1.292760641526576907e-05
1.006894681842067981e-03 8.923339916653969710e-04 4.637837411506170624e-04 3.153420787624127471e-04 2.545742206270672128e-04 2.658901316030999086e-04 2.146218968614104861e-04 1.666379331116542935e-04 1.731004084325513765e-04 1.438691437722381208e-04 8.734430411140048660e-05 7.095056201717245530e-05 5.375434648175697692e-04 3.900590233347264041e-05 2.494444287109790490e-05 1.507683494776032731e-05 1.099529601209642701e-05 6.499575696584648744e-06 2.545622557443944590e-05 5.571969677579062412e-06 3.268786884204787800e-06 3.391388804954442534e-06 1.391626885081541452e-03 3.291804553063246413e-04 2.736548631979255180e-05
6.735228991989237286e-04 5.562886895512918770e-04 4.543132457154442738e-04 3.746853240734469869e-04 3.605302338302819793e-04 3.640348617613243056e-04 3.462750636104014522e-04 7.883493999380899531e-04 2.095199283574686669e-02 5.317045485128896534e-04 1.432312191825186362e-04 9.036469171769094273e-05 5.834164753451030137e-05 3.939465754666559075e-05 7.133672502431231141e-05 2.500994298310701223e-05 1.050410673836971349e-03 1.085057680203390530e-05 1.128646573226885170e-05 6.156786622110530384e-05 5.136109940553269955e-05 6.649839811641198532e-04 9.411135887693387707e-04 1.902940552520694228e-03 1.061452837013124231e-03
3.223206818542493496e-04 2.845518758621777273e-04 2.613579855402222243e-04 2.274602324477627193e-04 1.976609292751499143e-04 1.679572172184725840e-04 1.418888458735108099e-04 1.165332263091257671e-04 9.620609391605091417e-05 7.853950555968953172e-05 6.425773798021296851e-05 5.918703652807366444e-05 2.410181859040083988e-02 4.453063853690205709e-04 3.045002957955676883e-05 2.865812203040352202e-05 3.312765811462266318e-05 2.094582951616916029e-05 9.135149988119556651e-06 1.053076047479442841e-05 8.001907477215798234e-05 2.286508766480875043e-05 9.543957958710219103e-06 1.476674783689235079e-05 1.018039915213534395e-03
9.215400156118326710e-04 7.108156405747515037e-04 6.393633098106984687e-04 5.466259541142071479e-04 4.186538893153083024e-04 3.475812153219369482e-04 3.587490748923820674e-04 5.258947834684395964e-04 1.252730186899335494e-03 1.940028905418811269e-04 1.342418158481640958e-04 9.478564062609630078e-05 6.325917465518507497e-05 1.256559408479601843e-04 4.344992361746162290e-05 1.983370771491363448e-05 1.029858826387210539e-05 6.314891103824218016e-06 6.196660298107591903e-06 1.069357639478468212e-05 8.868456383033578662e-06 7.636439411486490179e-06 6.948492319415089587e-06 7.634417073588727401e-05 1.549797067068262079e-03
1.182998478960053902e-03 7.954843977185573631e-04 5.636712996405793480e-04 4.939525779621425309e-04 3.294500806027725152e-04 2.545865606900008893e-04 2.835462027128288079e-04 2.607311655381293683e-04 1.496024810275826294e-04 1.218162393569104048e-04 9.537187736085941145e-05 6.768868569669185672e-05 5.402272440982105469e-05 3.821394566052037150e-05 2.815121392706297282e-05 2.360388770075760165e-05 1.808246916287381426e-05 3.493589294062806401e-04 1.111353807753817714e-05 5.024295464299670908e-06 4.471861447201001181e-05 1.320533596634100072e-04 8.264145787310930090e-06 1.927654599095350517e-05 4.567741820586067032e-04
4.790325079849009466e-04 3.555142080118834052e-04 5.065199852145597622e-04 2.946995877213374635e-04 2.613386105790452339e-04 3.533018324807226870e-04 3.470999284371854409e-04 2.499554361373749144e-04 1.798725385593180474e-04 1.795070860663796372e-04 1.116191775829353120e-04 5.273198427915715657e-03 2.697376216311587484e-04 5.785508463528031168e-05 4.256711616897550205e-05 2.767633887352671676e-05 3.239583975018047509e-05 2.320799324851266293e-05 7.726667152441742427e-06 2.736924331906977916e-05 2.114171044479702666e-03 2.146194454343885788e-04 2.111252463648780446e-05 1.417460252870448862e-04 1.027367627431294702e-05
1.003293443615465262e-02 1.670341303624012317e-03 9.999237423268957006e-04 6.764155069558629033e-04 3.745824538818918548e-04 3.129639622280067784e-04 2.533973484951002769e-04 1.588380103091796840e-04 1.447949575455750946e-04 1.447239464925564802e-04 1.114978035156095920e-04 8.104124212061664546e-05 5.869524219371948599e-05 4.309906549707978043e-05 3.216004438703796037e-05 2.101868865577177583e-05 2.262602719549565864e-05 8.451238628756006145e-06 5.177274852761273453e-05 1.992800298794002062e-05 3.210500282517780710e-05 1.842212770324515759e-06 7.397814481294944877e-05 1.242755440656203031e-05 6.884041944321043051e-04
6.113957045680778546e-04 8.691582506947143115e-04 1.971752606587875208e-03 4.453510099195026606e-02 3.401926663647638358e-04 2.264655781453866210e-04 1.916756281596679822e-04 1.716782399812855542e-04 2.328740754108823930e-04 1.501261152366927659e-04 1.036399657670241341e-04 9.211309413388301119e-05 6.532470418294626115e-05 2.493584022096752132e-04 3.356049643186690459e-05 3.413571908397632814e-05 2.363791172751819375e-05 1.242226920028019991e-05 6.672749857149287429e-06 1.442227839998653087e-05 2.727300161162325882e-03 2.687451858473245388e-04 4.295243050373330419e-04 2.179660265230753618e-05 8.279037193862700072e-06
2.972352579037017815e-04 2.226465284460846434e-04 1.837395340887477393e-04 1.525993416620167195e-04 1.379260262693154384e-04 1.139075134906209196e-04 9.795593959169061839e-05 9.050027297861263254e-05 8.396739977328014431e-05 7.738335040747705606e-05 6.333607542705795013e-04 2.942726483757972591e-02 9.745269892501005914e-05 6.013726858233461268e-05 4.343603502259041403e-05 8.093896276004700866e-05 1.996299787619543130e-05 1.113828704158570512e-05 5.522319345706907254e-06 5.583620019098770059e-06 1.002524680797560290e-02 8.332701310028970299e-05 2.192994089772397378e-05 2.861615780530861038e-05 8.700779520209762647e-06
4.035822601079813634e-04 3.198840926586926105e-04 2.822543265019462596e-04 1.914583151114260294e-04 1.850913470513875403e-04 1.652227649267183727e-04 1.377835086717284826e-04 2.394828440711122756e-04 1.540125922266506156e-04 1.409517028268454143e-04 1.342245637844291972e-04 1.292736077617850519e-04 1.094446136855394425e-04 4.670568847901721948e-05 3.027439410520531008e-05 2.077071910693431767e-05 6.115579674254770345e-05 3.808502785702254140e-05 2.938122647921332189e-05 7.882739671031376165e-06 7.441043505755075815e-06 6.062434957781660550e-05 1.438025199539913444e-05 7.111064674401697196e-05 2.833166960486878602e-05
4.179883885389078040e-04 2.837144361701841324e-04 2.401207190881623045e-04 2.028973554545818983e-04 1.769377957943619431e-04 1.384061339610855674e-04 1.145734257777794503e-04 1.054681788806002336e-04 9.591805969152746296e-05 8.969260222923044069e-05 8.156400010295938266e-05 8.185587699288145429e-05 7.822578174221336584e-05 4.783236877876044383e-05 4.315061084813741099e-05 2.431935686433307268e-05 1.177162100891053761e-05 6.803652099092675314e-06 1.094154547204635723e-05 1.160587723262850408e-05 7.155473592310577610e-06 1.611213592479400207e-06 2.233372964833493050e-05 3.846514221553896189e-06 8.985019901000043657e-06
8.831987761507057409e-04 6.996161668278705467e-04 7.407297273145349624e-04 5.387465329261820202e-04 3.981832398640971506e-04 3.085959776725335298e-04 2.432048693988943591e-04 1.947511300721760450e-04 1.649676141191503841e-04 3.864760044939020674e-04 9.822675863276560701e-05 7.353796357230106182e-05 5.350509103814863509e-05 3.917210667310694404e-04 5.899634538297769297e-05 1.815545944898935347e-05 9.220690411544451309e-06 5.367039569379456672e-06 9.189757919623906692e-06 6.653352192218730920e-06 6.671369362521960989e-06 1.422076570603459343e-06 1.951569044049312588e-06 7.701218512484623929e-05 3.903810498198566429e-05
3.792223364151818131e-04 2.895569413774323904e-04 2.944722420736678556e-04 2.085835677191213392e-04 2.966382636629949217e-04 1.952897208200730570e-04 2.044729956048297562e-04 1.408228169159135785e-04 1.226910935184994441e-04 2.173601606183421596e-04 1.462254184786366889e-04 4.169450956824070388e-04 4.830420717939729893e-05 4.721678930242791122e-05 3.725800750397481245e-05 6.668340088839094966e-04 2.347553850579076558e-05 1.243516661686508575e-05 1.108962268653446425e-05 1.663125297548289500e-03 1.622905391587073376e-05 2.694004627946423276e-06 4.248364459340517186e-06 1.241735160431261371e-05 2.109968887823839771e-05
1.132784907465771325e-03 8.461875567887843300e-04 6.172474576948282395e-04 4.474948917225791815e-04 3.450001501667049005e-04 2.936812352515860160e-04 2.438901895802283581e-04 2.094847477665343907e-04 1.582713969141813482e-04 1.156209405669038565e-03 1.026243915733646741e-04 7.549902486527450209e-05 6.191481274994341353e-05 4.712352049264737094e-05 4.705882677967531715e-05 4.882957239927961449e-03 3.720210726693513523e-05 1.570242975077026161e-05 2.552975961613239460e-05 1.631202404340230500e-05 1.064703087469186144e-05 2.725362523341794786e-05 6.975322498838519483e-04 2.810415654212797786e-04 3.407871814314573163e-04
4.704099734088660733e-04 6.115149064393063860e-04 5.012111480044215400e-04 4.411604694358754915e-04 3.607170147593858614e-04 3.172420492902413452e-04 4.118311131015267145e-04 1.812528010492137152e-04 1.263925038966784442e-04 9.343299793615853649e-05 7.436706163875254796e-05 5.904377477116636876e-05 4.947863805629100584e-05 4.866647874144519343e-05 1.896754193276501744e-04 1.857806428370233789e-05 2.133387207995363462e-05 6.199550337355789857e-03 1.435643761485197682e-05 1.888504057195419567e-05 1.418039998159444056e-05 1.657008890920578592e-03 2.756877630272380153e-06 4.363911200443325506e-04 1.243852773940624142e-04
9.751386154159308491e-04 2.305789605665140365e-03 8.527335395963807569e-04 4.573831839690932228e-04 3.815717832724965959e-04 1.943531027281474683e-04 1.755983842221799053e-04 1.303322081597104278e-04 1.128723720832226307e-04 1.081670781570402706e-04 1.069330409877969113e-04 6.965905043822045919e-05 5.075326876619357276e-05 4.145994485351770913e-05 3.185832855184471239e-05 1.429745512640971834e-03 1.597590954024989430e-05 1.575087007864925872e-05 5.313462769060409517e-06 3.480671665549611731e-06 2.445001856067777638e-05 2.172257396896464399e-03 1.616996880919995688e-04 1.395961070795454527e-05 3.538671600697523666e-05
3.807550519609193278e-04 3.411923969693461027e-04 3.006884885662352842e-04 2.252340845478900569e-04 1.787436757098848344e-04 1.439767470910716292e-04 1.194065322783222365e-04 1.011048704393804990e-04 8.079846283440442298e-05 6.685799568320155125e-05 6.025556411752075388e-05 5.574354609742339009e-05 4.623200322438033764e-05 3.920416771124517972e-05 3.368497877378040636e-05 2.711040491173548147e-05 3.449328056368005952e-05 1.327028216746802554e-05 3.532591824157124455e-04 5.860318672905924186e-06 5.754778431569642326e-03 1.906973841428882759e-05 2.176091793570008866e-05 3.491503621043383788e-04 5.030113987032395985e-05
3.778086511424976531e-04 3.419456960366103128e-04 3.020910221592794484e-04 2.648812565049798681e-04 2.350621186518519546e-04 1.920329840738234535e-04 1.561677184867962332e-04 1.236088486144602643e-04 9.620261474498130417e-05 7.611527830644241146e-05 6.160205200115926249e-05 4.922949740885422353e-05 3.853054736247303347e-05 2.941124948674475020e-05 2.163420325869359469e-05 2.074176144458287268e-05 1.779863894179548565e-03 1.001377351311212737e-05 6.017956284624397163e-06 8.295305179277716963e-06 6.897256770406764390e-06 3.699218516935673677e-05 1.172742335566701204e-05 8.373445144458787032e-05 7.788461030195306537e-04
6.192321490070730071e-04 5.727033712865001701e-04 4.251406852866525233e-04 4.990401112746657708e-04 3.228402551035280022e-04 1.910689111234150446e-04 1.778390300126336029e-04 1.724543973548960563e-04 9.802560112716712467e-05 7.814809144145321636e-05 5.545130056907210148e-05 6.026389047552011235e-05 3.473433512735316499e-05 3.066287568290235568e-05 2.699627676987261852e-05 2.223431305362457891e-05 2.236665852003922775e-05 9.041073592366941932e-06 1.534553616099318654e-05 9.886653635135487519e-05 2.596768438511879806e-05 4.925149798221234421e-05 7.757619704064611213e-06 9.833641784113444266e-05 1.888053029025126077e-05
1.001215718230645058e-03 7.368406357313098251e-04 4.367025512109682750e-04 4.084454413415948993e-04 3.778463905369367068e-04 4.943835789295736999e-04 6.235308741578581481e-04 5.249488470828116149e-02 1.577248755289776692e-04 5.473636891932246633e-04 5.753949736809439372e-03 2.597754592724514622e-04 5.157567425910593902e-05 3.917689646637363362e-05 2.961751736426356665e-05 3.931856729989949902e-05 1.055587467572132198e-05 1.194084921708979418e-05 4.223675340195683050e-06 3.759106182443939195e-06 2.122404472215302901e-05 4.483345445140642029e-05 1.076766250486257323e-05 1.195777992492826564e-05 1.721070825790238233e-05
5.217600759980004464e-04 4.489512717821481699e-04 4.035312726293390764e-04 3.450775574515693375e-04 3.038796341184222226e-04 2.612809804922897007e-04 2.197636406741424440e-04 1.821109321590176752e-04 1.473806791955519207e-04 1.205169803400835626e-04 1.000137011118452089e-04 7.897919135852664394e-05 6.617370736730376110e-05 8.413017721928768892e-05 8.987532499166337938e-03 4.606966917494995822e-05 4.577423130004642745e-04 2.616098752111686499e-05 6.546130057808342145e-06 7.418633345332180642e-06 2.307560671379435584e-05 2.197337440111553266e-03 2.479245028506256530e-03 4.713776767987588515e-05 2.709649116120406323e-04
1.667980281103292450e-03 2.441243598679531356e-03 1.840995428749683110e-03 1.068101262951656446e-03 6.792761793233915643e-04 7.585673233256257433e-04 4.585290155643687504e-04 3.334690797890384694e-04 2.856061322542768552e-04 2.036802319806941500e-04 2.744483324506521299e-04 1.982923903306003932e-03 7.189374033504047576e-05 1.923636181366835231e-03 6.546756737492854909e-05 3.139975430641182201e-05 1.839682813173442274e-05 1.916948323929887970e-05 1.581932762125562398e-05 2.193311946919994924e-05 6.272162128380917351e-05 2.104222617222279573e-03 3.934301791500081479e-05 5.590179769714972990e-03 5.565157722603884436e-05
2.964394875345093038e-04 2.731457635802825822e-04 2.011076019549870066e-04 1.644173328902483070e-04 1.487226020798884717e-04 1.306419241369436986e-04 1.180592589162633504e-04 1.375700976298359097e-04 1.975992428007079956e-04 1.465419433754378312e-04 7.713989573632466649e-05 8.992199057168477237e-05 7.749320711774745722e-05 4.851975690979285958e-05 4.947665093716722414e-05 5.420299851061593355e-05 7.057463450474795634e-05 2.613988119614251045e-03 2.903656451468601175e-05 3.566332580852900425e-06 2.140622448832743501e-06 1.722634256391852682e-05 3.919277804281775385e-03 2.382704704087413997e-04 3.475803836540846054e-05
2.938299411259619469e-04 2.658015977346109109e-04 2.236294866698985636e-04 2.029767211675202352e-04 1.742884166311060618e-04 1.526955546765178793e-04 1.280139046825177107e-04 1.095392445710863201e-04 9.349448528480518899e-05 8.535906873110488049e-05 8.192328937576619609e-05 7.125632504424820072e-05 5.717026811537908378e-05 4.116141341474170446e-05 4.512177269241838786e-05 2.330511516179945353e-05 2.220635168791895397e-05 6.687849655917242121e-05 1.606833508382242014e-05 1.932482458002402932e-05 2.761233762845697725e-05 2.890172105274724365e-04 1.023237146346769096e-03 9.683311036131861393e-03 5.859180880187918501e-04
3.012287480989189227e-04 2.481521081451762097e-04 2.346776920361923788e-04 2.026372960150578753e-04 1.783078223827764598e-04 1.652368436913517822e-04 1.452585972522464901e-04 2.109318022557593055e-04 1.158024443785268283e-04 9.230264383629859068e-05 7.612993597905580543e-05 7.061009241769113825e-05 7.077829627852531955e-05 4.444425651954365388e-05 2.892599192058818648e-05 2.118201392864388770e-05 1.447394119550627928e-05 8.219958312433192600e-06 5.987618184708764097e-06 3.633344381156166492e-05 3.117758333119104242e-06 9.939547409711083954e-06 5.550988097083499029e-06 5.981976247148942005e-05 1.063315764361682462e-03
4.613637427764819845e-04 2.813756357097742591e-04 1.991717271870997014e-04 1.915778773865916965e-04 1.892476458129235914e-04 1.773889140942435251e-04 1.693710020542833674e-04 2.302071384085883150e-04 1.482815187143927537e-04 1.261384436113197202e-04 1.153646163052328075e-03 6.983133034052020627e-03 7.314743771427251141e-05 3.229970096969827164e-05 2.743873395982627600e-05 2.070544287609584188e-05 1.623851620974059846e-05 6.673897739004382840e-05 2.145522606295639963e-03 2.618672042022634886e-04 2.484915840356277379e-05 3.632940449881843885e-03 2.266474386351530478e-05 6.210689598427524905e-05 5.502711668723072631e-05
1.176218449429013461e-03 9.686819352359783870e-04 6.403915235934478159e-03 8.544507073714747427e-04 6.614914327910260527e-04 4.054568817003095533e-04 1.831940065265264331e-02 3.690712316729886314e-04 1.800827012440263896e-04 1.231010861311528277e-04 6.534399167925069446e-03 7.875788308430570466e-05 5.268659138710336077e-05 2.184943691190779046e-03 6.341449582470190657e-05 4.503177807600625642e-05 5.390216592119374258e-05 1.332359968905995875e-05 5.877280488658220820e-05 7.329542918785677185e-06 7.182280083053612632e-06 1.850420018988574696e-05 3.380024886556196647e-04 1.824029116671897581e-04 4.691366149848034679e-04
4.305131718267443371e-04 3.776889529254837943e-04 3.375467397784423723e-04 3.067597227655516541e-04 2.536116796872872419e-04 2.238530076590793301e-04 1.912557429946834216e-04 1.546326140560147554e-04 1.131919434783357079e-04 8.488580478108064171e-05 6.925273331587009768e-05 5.414367015463213861e-05 4.751658222373577987e-05 4.485203329591970196e-05 3.119472665361187511e-05 2.169133448500050462e-05 3.967109991235506864e-05 1.377049544147629552e-05 1.090000813906252778e-05 4.862283294493048667e-05 7.539834570123619354e-04 5.252373311685586263e-04 8.954709648511064376e-06 1.710214929880794239e-05 6.540489767639427960e-04
6.288517021019571262e-04 7.571048599824010267e-04 4.040408668308856496e-04 1.983941106484166561e-04 1.817755093766310580e-04 1.641894847032095042e-04 1.423953404696925269e-04 1.222413166610049643e-04 1.089456166333718811e-04 1.073779181072380065e-04 6.205292254739055318e-05 4.736373885250391865e-05 3.474767624672832448e-05 2.464416478190256985e-05 1.678967154987152615e-05 1.045515455856289912e-05 2.414579932599808783e-05 2.508223389987075284e-05 3.582324322585012537e-06 2.702814133851656163e-06 1.854730492233634633e-06 5.998781916276362902e-05 3.372598669828365453e-06 1.110671767747590253e-03 1.673255753485122492e-05
5.032754272075811277e-04 4.635761949629848785e-04 4.013050947490210958e-04 3.509436819055300797e-04 2.993784452003005539e-04 2.588476689611436785e-04 2.591627336656539553e-04 3.244811363970772581e-03 2.065628501434554757e-04 1.322138229438755096e-04 1.044400717559786779e-04 9.326669506656451003e-05 4.555076824852126623e-03 5.634415850639201370e-05 2.892968280160119598e-05 1.785675685860137207e-05 1.046051419464694902e-05 1.827757474592474346e-05 4.553135727062536632e-06 9.723603498940867410e-06 1.164067804190951211e-04 7.605528369390762726e-06 5.140524485150382169e-06 1.914195113660160377e-04 4.645527406764086813e-04
4.788821926865670332e-04 3.951679134711450587e-04 3.199976058661124670e-04 2.771485786118433443e-04 2.370157561437415670e-04 2.033525019366520597e-04 1.732158414368479876e-04 1.395838848580115783e-04 1.090649025920026826e-04 8.319610205735634815e-05 6.390159467285959024e-05 4.801027322168109520e-05 3.495900404049207070e-05 2.405013863671844011e-05 1.677327252877982032e-05 1.220504192614454519e-05 9.355662746292903379e-06 1.149331217295717374e-05 5.516701799488622299e-06 3.716819946412893696e-06 2.748576981823049536e-05 1.832140435882878571e-05 2.861610678959049068e-06 1.025170734973272067e-05 2.508933047553991847e-05
1.637510628987550419e-03 1.472409336191442611e-02 1.286039399881632904e-03 1.135515381263144455e-03 7.011059066581499686e-04 3.168457533827760382e-04 1.753126957018899274e-04 1.465748987264590671e-04 1.197929985434151165e-04 1.079807210713109434e-04 1.023633180719876485e-04 9.011862267249500674e-05 7.707647367219572384e-05 4.030818694741254140e-04 5.222547915474720897e-04 2.372419877714670856e-05 1.275674664086770815e-05 1.396806059765135334e-05 6.613994355885295618e-05 1.291866447692929760e-05 4.149094438679235035e-05 4.002231861360917354e-04 1.844944161094280548e-03 1.738991550007860335e-04 1.360035849357154973e-04
5.279628664511965821e-04 3.714867075394844942e-04 2.852530271309166145e-04 2.165980716385361698e-04 1.756893045464996770e-04 1.411448078629457589e-04 1.134959693162613002e-04 9.197784043015379155e-05 7.612440310156131783e-05 6.932560571890494263e-05 6.003184467126817999e-05 5.317740402047296361e-05 4.045604970704834636e-05 3.151396742126961358e-05 7.074308039042283096e-05 1.656100399070211979e-05 7.838097691971406098e-05 1.198128246001483098e-05 8.986287392422598975e-06 1.217020281860626872e-05 1.843318791763025408e-03 2.465183331509927551e-05 4.889693854358575880e-05 1.311928764908326043e-04 6.502195384439520259e-04
3.428070489178122781e-04 5.851275574607851717e-04 6.211873403722766290e-04 3.522951865695982316e-04 2.710680624158177000e-04 2.283412027452083051e-04 1.446027714628624462e-04 1.092171586124800919e-04 8.227625107113146498e-05 6.830671394115118598e-05 5.567637742153881247e-05 4.402666280843873045e-05 3.452400822594321164e-05 2.662265327520721824e-05 1.954331779532442464e-05 1.425270446066318742e-05 9.727070128038508304e-06 3.628360947244824966e-05 2.168234888104680756e-05 5.099131139036644766e-06 1.161510044554426674e-05 7.430921866256912664e-05 4.384296851762605092e-03 1.584349763451885565e-05 1.395624829500468136e-03
3.465744493983347269e-04 3.019503040572944189e-04 3.911174030357718735e-04 2.722703072158412746e-04 2.097697429913538021e-04 1.822116998173987674e-04 1.444480374014663201e-04 1.169698374834349345e-04 9.635959847155195533e-05 7.922166690015897681e-05 7.075789674558161362e-05 1.093639390308525771e-04 4.397209316204604208e-05 3.498901064622852758e-05 5.287470110351027882e-05 2.071601334250330683e-05 1.761360221409021240e-05 1.751187441553760593e-05 6.927043395160851005e-04 2.504701253649729454e-05 3.251935041079607649e-06 6.805645209854350143e-06 7.627705038748629425e-06 3.574245561946546353e-04 1.878524224044303848e-03
6.319571399716833807e-04 5.881085813182798097e-04 4.973844151446380878e-04 3.460397739658209828e-04 2.501524705613023393e-04 2.138274437355487233e-04 1.792755663820591258e-04 1.636347604300569347e-04 2.110955011781581216e-03 1.290468389485889956e-04 8.133914145392963954e-05 6.210597053728403284e-05 5.100518111759093338e-05 3.926176814031280668e-05 3.707365738989895518e-05 2.396737485361937633e-05 1.570940381194901937e-05 1.122226688521000758e-05 1.669403784801598079e-05 2.442540177520159585e-04 3.061053120989720299e-05 8.291351209537147927e-06 1.920987417462935941e-04 4.504161556896040637e-05 2.377250226153526837e-05
1.953051234911802386e-03 4.626018680032738944e-02 1.039295365537216791e-03 6.073286995154024946e-04 3.741748003217259502e-04 2.318273389844951657e-04 1.875122546986611721e-04 1.472576999135231924e-04 4.598367710613894023e-03 2.198410566514065728e-04 7.338037393098157540e-05 5.622199810769861898e-05 5.336823714424114194e-05 4.510094790227811221e-05 5.255990564818568641e-05 2.091113845711853596e-05 1.268473167630122439e-05 2.002904438901366855e-05 3.134358403565064651e-05 5.188790039535088666e-06 7.146577878559859885e-06 5.155294882693633027e-06 5.768368048840676575e-03 1.653868609373876773e-05 1.375764693882619571e-03
3.107762438343769727e-04 2.716070933697705097e-04 2.726469736569544101e-04 1.782006093465746577e-04 1.564613387458006072e-04 1.380820529792424771e-04 1.164407723393108768e-04 1.040904112779696762e-04 1.100297683251302974e-04 8.374574100014410300e-05 8.021976394917804565e-05 1.008973848311391569e-04 1.176355581325611585e-03 2.763544706555262344e-05 2.188648879549969154e-05 1.568375091630335629e-05 1.971888329115240564e-05 9.235895696247024039e-06 9.447797949725059846e-06 1.321897850863380463e-05 1.219423603361379546e-05 1.350590446676201164e-05 9.229375935841438024e-06 7.405727362602840159e-06 2.104775004580464683e-05
1.052600602670890079e-03 1.120752195534214721e-03 1.096908729676247763e-03 9.881566536167087338e-04 1.010329513340231349e-03 5.877822567528888245e-04 4.692763561155263610e-04 4.326765940270470095e-04 2.429797843004632713e-04 2.084242291793042187e-04 1.669588769529643801e-01 1.094526972004695119e-04 1.004255512669624865e-04 5.623098396498362448e-05 4.212779326830419898e-05 7.269350257374527016e-04 1.356164869244988029e-05 1.685883436138794350e-05 7.417514352480690453e-06 6.435037137472974456e-06 1.019892430968118749e-04 1.694403621964407717e-05 1.215527944945464641e-05 4.987864107140273374e-06 1.877268934889532459e-05
3.780849338806777527e-04 3.446572050514907647e-04 3.014601009008311783e-04 2.819485451039620955e-04 5.750201504010838197e-04 3.114399829559960555e-03 6.946135570077165144e-02 4.853188317569341517e-04 1.788904155878669525e-04 1.241795579181413786e-04 8.880291240662346126e-05 6.541837023211696670e-05 4.846949625431315489e-05 4.228222413689951015e-05 8.061501335409317071e-03 1.900065027825946615e-04 1.032531751669565002e-05 6.566416047034033585e-06 1.301146220702939763e-05 6.990205717624464762e-06 4.640018568176460740e-06 4.410986375058323822e-05 6.719374814398107075e-05 4.042913006725776107e-05 2.822878211925191255e-05
1.095915947830049947e-03 9.329597178352053632e-04 1.725418018965944045e-01 2.327592384395590561e-02 3.539943050875288071e-04 3.926944504392772587e-04 3.198428659420306784e-04 2.753902572137851331e-04 1.759646073567218796e-04 1.233160474067873137e-04 1.015391657860839896e-04 1.226195875333821342e-04 7.423302602429535460e-05 4.456215316404240072e-05 2.695544547982775850e-05 2.351451147514173248e-05 1.421266257708940304e-05 2.425758303921757105e-05 1.213499510428231173e-05 3.370658974199565852e-06 3.204327943847511736e-06 9.383124252350616041e-06 5.495118673548612644e-05 3.169348499935010518e-05 4.668092833612397957e-04
2.957332242079021450e-04 2.728496939472623679e-04 2.540855113320263396e-04 3.158184547904556113e-04 4.531523037013358499e-04 4.366482077326789158e-04 3.083457938989501231e-04 1.932626365943438155e-04 1.617824806470729410e-04 1.442223157134738670e-04 1.150774089410355175e-04 9.037061638164903992e-05 3.714488381326239846e-05 2.686616370115393033e-05 1.858395764489549970e-05 1.259769476456613116e-05 9.050115607629910812e-06 6.820247008369592446e-06 5.435577954810034087e-06 1.213273683540067941e-05 1.156490237270402979e-05 2.099096529140526916e-03 2.897215743445889780e-03 1.704838767961003312e-05 4.633025481564791007e-05
6.978621451515616084e-04 5.815818799989064952e-04 6.483625260201564527e-04 5.899476716228564590e-04 4.113766065213016881e-04 3.355820650211051043e-04 2.818800622520633995e-04 2.099574305498447550e-04 1.830650037344470470e-04 1.269959635148684490e-04 1.027823151455124756e-04 7.057886018090915462e-05 4.931953809159356043e-05 3.436315816222804793e-05 1.089520332128542974e-04 1.520640191917274102e-05 7.989062023012791333e-06 2.242514846316677143e-05 2.142373196461358291e-05 3.585187191260238646e-04 1.352128302740347650e-05 5.552069798269095260e-06 1.744256758708133881e-05 2.406950381892599398e-05 5.075998223180177866e-04
2.650157222229087119e-04 3.011534247343642919e-04 1.404363454457665129e-03 1.590574324890991764e-01 3.313691350039271125e-03 4.377573613502746706e-04 1.846125506815245100e-04 8.013182491827104367e-05 6.665510739674979611e-05 6.138947677437478630e-05 5.193772900156060920e-05 4.461599706404737939e-05 2.011084614576273341e-03 6.988864866299306230e-05 2.898021062137583979e-05 4.575813052314522776e-05 2.711986199425730335e-05 1.093491424811980024e-05 2.087882173044251601e-05 4.655127215057827631e-06 3.760613069355896475e-06 2.728187643097289516e-06 5.985897693468373876e-05 3.100566390871880510e-05 2.605311049535280628e-05
7.013434831942114188e-04 8.248848208000063168e-04 6.946352643789747462e-04 5.360064936383923196e-04 4.499085496327374380e-04 4.200459524140973708e-04 3.316807059000357943e-04 1.059336078448576488e-04 8.972739578784150953e-05 7.184059232855557879e-05 6.704363267077086326e-05 4.981935358388839031e-05 9.974059320172452099e-05 1.086076940513782188e-02 5.640425160279169213e-05 3.155514511957306948e-04 1.402528646136992143e-05 1.735276758820809213e-05 4.025444197730200585e-06 2.928741940392787073e-06 4.360746535941025182e-06 2.919342340738580887e-05 1.930195348966624411e-05 2.706797489689482706e-05 5.063896964601526714e-04
1.148876344945151283e-03 1.062219247313662919e-03 7.466402595822918802e-04 6.867646303386167788e-04 5.012450817941376414e-04 3.992361992910444662e-04 9.265154570727214024e-04 1.521810693259939866e-04 1.204766344266465017e-04 1.270065900947817236e-04 9.367323647027903631e-05 5.892318527509949363e-05 4.229771620589179880e-05 3.238195684937607988e-05 3.893733147400348164e-05 1.527684459024367716e-05 8.617361511224507460e-06 5.631351295304736220e-06 3.703801331530918845e-06 7.863757048633567131e-06 2.539962510500150496e-06 2.703728326699267895e-05 1.878538497714658459e-04 1.519486114469332898e-03 2.402235796111153903e-05
2.184034735013654386e-04 1.806724581529384600e-04 1.430700527985217098e-04 8.941774114025196772e-05 9.870451292305245630e-05 7.297148849750598545e-05 6.836741902896832082e-05 1.234927900862906112e-04 1.866597836740590394e-04 7.655263724126497250e-05 7.144782067130781586e-05 7.017767309961230461e-05 7.907553886904772930e-05 6.180119440854873472e-05 4.472102549242397537e-05 2.054977622238492109e-05 1.662243362963897899e-05 1.089770273802879007e-05 1.252969715042855686e-05 4.912693321684368961e-06 2.957854504115798607e-05 6.833643619447707772e-06 7.793029482820193964e-05 2.403932554584020521e-05 6.747034791196401425e-04
1.306077414851533657e-03 1.117441689548569553e-02 6.544072838601445617e-04 2.492203591851726826e-04 1.904966800099288054e-04 1.679845787744557804e-04 1.199160730804376790e-04 9.052019859650821030e-05 7.474689325389441430e-05 6.304242496802159898e-05 6.151443199756132028e-05 6.052113588116788176e-05 5.574704221153374084e-05 4.741858410663162573e-05 3.139914792007809810e-05 1.699543886356437127e-05 1.138750746708736542e-05 8.198894238965123772e-06 5.668114981307469592e-06 5.624509417825306068e-05 1.740877359534923774e-05 2.121010856602657604e-05 4.146329235843904983e-03 1.507431337543459032e-05 1.394075824792481320e-03
1.338236446225517066e-03 1.000436244866583987e-03 8.196341461718220081e-04 4.754081949532713803e-04 3.577566909047538539e-04 2.149203736131094532e-04 1.521062129910991741e-04 1.202515011232611306e-04 1.075061410280874120e-04 1.326896534992636715e-04 1.366463323211654368e-02 1.553769156907079218e-04 7.733394816875976084e-05 3.600198234365293811e-05 1.117075931557752900e-04 3.208080877769447251e-05 1.207732895794870346e-05 7.842958830525868617e-06 4.289618545697637739e-06 1.740901541704025949e-05 1.555463943781852784e-04 2.447722496128492775e-05 1.693701063691008973e-06 3.567653821078691395e-05 1.528507398262103466e-05
8.038404660633383146e-04 9.394091150993049691e-04 8.128121875221993708e-04 6.584575618555341993e-04 5.419368485706654729e-04 3.895261665307494874e-04 1.777767157565389314e-04 1.358584934331387624e-04 1.037253904500048615e-04 2.508181494698348752e-04 4.860252028821511472e-02 7.071325829932352492e-04 5.152147727390185425e-05 3.490318658795386962e-05 2.487683562169326336e-05 9.408498843123692663e-05 2.167174378775517146e-05 1.355100897076205148e-05 6.640522076902085246e-06 5.159380432057783164e-06 7.701807006863457659e-06 3.303811679698554198e-03 9.317578255975876263e-05 1.226644244635651838e-04 9.797145719904613078e-04
1.008238780221315783e-03 6.947449831218330350e-04 8.279136328385490332e-04 6.444321207660035468e-04 2.227532529268379073e-04 1.230735671124258055e-04 9.614900135674802402e-05 7.750627465437087422e-05 6.547314276306670999e-05 5.645109795528471754e-05 4.733254339493940364e-05 3.713669039544910080e-05 3.042405704292178999e-05 2.067779303915408238e-05 1.536833996917885898e-05 1.564278695508933718e-05 1.054217051913005931e-05 1.076376167618613090e-05 6.624246741844498702e-06 4.904245804145052821e-06 6.902713508950292485e-06 1.278360124671813107e-03 8.633351532031943937e-04 1.221088713684513832e-04 2.186227815494784770e-05
3.975716176951692030e-04 5.446123636504052352e-04 3.489289558987682116e-04 6.491964802272922816e-04 5.107888395763026616e-04 4.599786210829489522e-04 5.239451517221683889e-03 4.014424041050782942e-04 2.294409790623922743e-04 9.297695381786878885e-05 5.541368198534576603e-05 3.938186004075314753e-05 3.307929726320586473e-05 3.333238881450448335e-05 2.467158943763847389e-05 2.189850584087921646e-05 5.074103264113477075e-05 1.020446811087359000e-05 1.122170606197184699e-05 6.518060859819722812e-06 1.865333617075517797e-04 9.045219576150751633e-06 1.571969216854474365e-03 4.258949969488984473e-04 1.591798129562129154e-04
3.560843384498436188e-04 3.225798220032332513e-04 2.882783876125067008e-04 4.239330875213249126e-04 5.126220413494060081e-04 2.408557046940874228e-04 1.785847789354942270e-04 1.442880374568599724e-04 1.365611022846524233e-04 1.756242228210402759e-04 4.165478780856450916e-03 4.757586364160150963e-05 3.691114425508766519e-05 3.242272750361185251e-05 2.057260151744316729e-05 1.507045456623602796e-05 2.120609426026551017e-05 6.865782773841458261e-06 1.006550321443641470e-05 2.841670723849379942e-05 5.535074329485109432e-06 4.651381551157737944e-03 1.414557107973578147e-04 7.560037199880171145e-05 2.521572587089690950e-05
4.290251513766622153e-04 3.173837288744159758e-04 2.239623891338803866e-04 1.846289019197752690e-04 1.599457052916094992e-04 1.297404126606235418e-04 1.095223199951786018e-04 9.808729764156076929e-05 1.060283982924875958e-04 1.180206936710460170e-04 4.095543785564696726e-03 5.515606902731051117e-05 8.690978813589543149e-05 2.650408458785023913e-05 1.704415118182886415e-05 1.251814353480753178e-05 8.598942982832447266e-06 5.607897152549959820e-06 4.137677922027555209e-06 6.613384171196344289e-06 3.639428770373928846e-06 8.248791310188762711e-06 1.252720912183385359e-05 5.057754402645826185e-05 2.193684361177533043e-05
4.181883940170659920e-04 3.881588473963730620e-04 3.536323193400370442e-04 3.097276229178983452e-04 2.746330269407296879e-04 2.370146114453855794e-04 1.981227961989707792e-04 1.710556160027014113e-04 1.431460417887124928e-04 1.416190914315551444e-04 1.183166950615308077e-03 8.252291067583983960e-05 3.458801070799849553e-02 3.745826621453960211e-05 2.377014447560037540e-05 1.697994452383974728e-05 1.256467520341534186e-05 9.292385911380563002e-06 7.151060973270863998e-06 1.335368726433020574e-05 4.877049088863914057e-05 1.264640923542259630e-03 7.730053799929819617e-04 7.424441385956468764e-04 8.171785918770312204e-04
7.362856732422724121e-04 4.309114873459457388e-04 4.573753566765499938e-04 7.925391889999895776e-04 4.699682638265223933e-04 3.464565035126936478e-04 2.285300547379349784e-04 1.672103769318282723e-04 1.214913249273424304e-04 1.253123849478919311e-04 1.273694048032306830e-04 8.862470211775842093e-05 4.945599140428412726e-05 4.430654706790001298e-05 2.350130504019573688e-05 1.507132185278386217e-05 1.267330410763046614e-05 1.097725804578818965e-05 1.214185459941252528e-05 1.238125974389200248e-05 4.799873175137286447e-06 1.316935092301837683e-05 1.420207223292475585e-05 1.104372791001398160e-05 9.295548314626516295e-04
7.421799033222914455e-02 4.744895428011279039e-03 8.393609531457632035e-04 6.933590303687160597e-04 5.946316171583239905e-04 5.113308249808561426e-04 1.109596241704288860e-01 9.272396384455669494e-02 2.328760855478921729e-04 1.726902482553261287e-04 1.045357212487689621e-04 6.701217353431822364e-05 3.887775947311786603e-05 2.625286869426852213e-05 1.722981080378382406e-05 1.281615194949513848e-05 1.079861425537534484e-05 6.516018626549945852e-06 3.975150748403822247e-06 2.212930485950529054e-04 3.479739430404670838e-06 8.883067881956128650e-06 7.976931012780866194e-06 1.251945868367591905e-05 3.162369451630775771e-05
4.797452620611275813e-04 3.843718974599881575e-04 3.382974082058159818e-04 2.916093296352899496e-04 2.547088057064517803e-04 2.204563723616850834e-04 1.859990732215993897e-04 1.534305515936073238e-04 1.208171215693183925e-04 9.282384052858953512e-05 7.155840969777888482e-05 5.415651597016555419e-05 5.685950108044123777e-05 3.362362556196096239e-05 1.788884356823266408e-05 1.071938813429615550e-05 5.964730748948728553e-06 3.695798691925538776e-06 2.316246200808362755e-06 2.065876040049095196e-06 1.248345770005347992e-04 2.096506275435593470e-05 3.057127846888078849e-04 3.219890981125209930e-05 1.857669258023715496e-05
1.581001942622244647e-03 2.179690119339595250e-03 6.842106090984800826e-02 8.407461650443488754e-03 6.303352337571466570e-04 3.499426805651406516e-04 2.257472014118618985e-04 1.846188477014101793e-04 1.830593937756973082e-04 2.197540348748667355e-02 5.680322531406801828e-04 9.178166128542414586e-05 1.840510006483695588e-03 5.472446702667820798e-04 3.518863375515544011e-05 1.278389479417425424e-05 7.858370235456850326e-06 5.295035276290386883e-05 3.466719103567379658e-06 1.235462442451932429e-05 1.981791968383173888e-06 1.441860997479476749e-06 3.084154431828255014e-05 1.024876907075637825e-05 2.539796101785739973e-04
