4.154816206887702802e-04 3.902277480970069113e-04 3.772030924022803803e-04 3.417617788346423370e-04 2.977082484352817763e-04 2.562695865773603017e-04 2.206287947619008788e-04 1.876451189247035369e-04 1.538705711535390036e-04 1.266060805699432143e-04 1.062248838083282445e-04 8.059832370172685754e-05 5.893553182511829052e-05 4.124658618605886500e-05 2.895846544262184883e-05 2.040856823334979666e-05 1.506058972635928815e-05 1.209369205506076574e-05 9.046908713910326949e-06 6.043359477529958751e-06 4.351232766931164080e-06 3.702666847863795569e-06 2.715001074604555503e-06 1.416228098128496968e-06 9.197111326739977729e-07
5.785249519999030284e-04 5.589738889207263505e-04 4.886143429647558326e-04 4.413995930618026635e-04 3.539104906817192465e-04 2.629692505334690748e-04 2.084723790959073001e-04 1.774710175724172174e-04 1.518821699877268233e-04 1.277352708726066214e-04 1.055375286983016803e-04 8.355929045903834936e-05 6.554724414245301364e-05 4.812106031205544844e-05 3.404744249263376942e-05 2.301810053423453107e-05 1.479734106664028011e-05 9.090707460731947014e-06 5.009071763474901082e-06 3.290132126728747255e-06 2.738408614002900264e-06 2.853510470933377313e-06 3.716242691907108816e-06 3.473228207091479546e-06 1.888244169871912007e-06
3.734493965516597633e-04 3.179436239334041303e-04 2.723666556446211829e-04 2.385003456954740066e-04 2.060400423101702320e-04 1.743631159133384140e-04 1.506422266184896924e-04 1.304221647642371583e-04 1.102528307634213810e-04 9.013028884168745836e-05 7.050522431238092909e-05 5.598706620899534918e-05 4.414283251878320548e-05 3.350536089901805280e-05 2.616945561646356658e-05 2.050342368902933606e-05 1.464878601439279853e-05 1.071133020767352782e-05 7.411058748154891768e-06 5.688807523516939905e-06 4.116911106114203519e-06 2.432189515612256124e-06 1.263260930543866497e-06 8.512006317510223563e-07 7.986226673263913616e-07
3.118033940123338100e-04 2.849887606513237370e-04 2.633319515495683642e-04 2.315132531859602656e-04 2.103757694108144703e-04 1.896519317502131350e-04 1.625996184582884400e-04 1.301268000097738613e-04 1.061391145857066133e-04 8.886333048655567642e-05 7.591665796288591262e-05 6.227761827108531628e-05 4.939578232325254979e-05 3.890665332309602463e-05 3.014515254137362657e-05 2.131225161392831993e-05 1.452335381962211438e-05 9.633812668326422558e-06 6.776521452677925930e-06 4.848586467618973327e-06 3.706703225096584378e-06 2.882886115325166305e-06 2.322018754739099790e-06 1.861158883760161985e-06 1.265796685152225755e-06
4.549337429949311807e-04 3.262696967013615492e-04 2.372735403300470388e-04 2.106943539130534714e-04 1.835523223617015892e-04 1.605614070160145434e-04 1.414132522538917754e-04 1.254426492210966376e-04 1.098690941691652105e-04 8.924714775845395836e-05 7.302936843762113236e-05 6.466463486416714021e-05 5.487845748816301973e-05 4.322204159095900986e-05 3.428276647309513159e-05 2.604843643475651747e-05 1.830880909249987511e-05 1.369815867551287390e-05 1.014104088351290910e-05 6.151678499786992651e-06 3.443730035347419836e-06 2.363321195728177505e-06 1.579664688961833980e-06 1.206888698854735565e-06 1.235089052031146387e-06
6.543264998715221008e-04 5.737395141065204608e-04 4.970739114299323972e-04 4.584132211649011887e-04 4.093864257514303944e-04 3.908925403073862316e-04 3.306709371437248487e-04 2.529326919571187027e-04 2.042122597162831772e-04 1.627412023999993680e-04 1.099553345499140034e-04 7.657293911677696301e-05 5.473083834856141527e-05 3.316212726460799633e-05 2.127153113885493370e-05 1.544764231191317688e-05 1.021218330647101346e-05 6.589874143879710751e-06 4.149447155991049392e-06 3.004815179642974787e-06 2.151379115399913905e-06 1.368401721988252286e-06 8.477738892128289917e-07 5.370365806722040020e-07 4.503742381353791020e-07
3.730122991090965259e-04 3.782257984374967196e-04 3.442652326135186278e-04 2.926327104116996543e-04 2.526743339468817445e-04 2.224408388286671897e-04 1.966815147755269296e-04 1.696880220744647391e-04 1.398225668086737852e-04 1.120332330994215224e-04 9.187573070319889979e-05 7.131690490473639504e-05 5.202705726597831775e-05 3.916070802377858096e-05 2.673696798789271175e-05 1.658891517930563046e-05 1.059812136644736809e-05 6.976390689397256998e-06 4.820080897958911042e-06 3.397384847521767271e-06 2.317856759454738346e-06 1.631965764387403338e-06 1.462079702532829045e-06 2.633408129930047056e-06 4.243138366941546285e-06
5.424123711593910194e-04 4.297461542251122292e-04 3.479098290125004446e-04 2.881201789198285508e-04 2.483695467656866747e-04 2.093378318017037739e-04 1.710890638890233048e-04 1.432082945045134699e-04 1.224063378506126459e-04 1.045223509529312668e-04 8.831785919456983569e-05 6.421951529836050321e-05 4.769941289551667834e-05 4.074754583752054926e-05 3.261322484440438079e-05 2.077891145853628713e-05 1.290509672495547083e-05 7.292810227064499670e-06 3.538068323668754986e-06 1.758842183385332251e-06 1.150692007264800463e-06 7.244504178594188280e-07 4.782678976482718505e-07 3.705402333603708882e-07 2.471389197931516174e-07
2.911226778337683307e-04 2.838767413441750306e-04 2.633984502139358761e-04 2.721775574906574991e-04 2.443979823646685997e-04 2.113402503897945841e-04 1.695555689672441672e-04 1.391038399531685282e-04 1.135900807853727643e-04 9.255961554738286010e-05 7.741018874804401508e-05 6.593651798664607554e-05 5.324799009001007988e-05 4.366743278999719321e-05 3.466420266948664703e-05 2.769342119816748030e-05 2.072825020937129386e-05 1.334016366969872596e-05 8.140534986669060199e-06 4.929629298403116922e-06 2.925101020976503259e-06 1.908786801578694733e-06 1.262876339491157399e-06 1.150697056336407991e-06 1.220666731712993939e-06
3.190423924454960890e-04 2.884943259686829605e-04 2.509783947365846275e-04 2.478910238030127586e-04 2.433780292973399310e-04 2.029940424685716162e-04 1.786426825995214910e-04 1.522548301391810522e-04 1.284574689514999266e-04 1.142301397636938458e-04 1.005692286755656580e-04 7.932624911893102902e-05 6.063914078194840903e-05 4.614207293249593226e-05 3.129524281733938706e-05 1.936335042541625828e-05 1.230754869255480693e-05 8.369842639942001521e-06 5.022906585484625106e-06 2.853214722442583496e-06 1.872303671791608331e-06 1.241236224897198450e-06 7.952433328977459572e-07 5.540412112463549822e-07 5.378402834046435983e-07
5.220316973804044582e-04 4.530609714426806129e-04 4.112075546504011508e-04 3.622699955024599500e-04 3.093477169003136539e-04 2.547478539163654525e-04 2.143337672474478759e-04 1.809061869261669472e-04 1.520185806019004539e-04 1.239002983874053633e-04 9.968468673344322651e-05 8.017685300552828537e-05 6.369516364069506239e-05 4.353122644058274283e-05 2.926282571237112971e-05 1.838343155564643971e-05 1.109020598776776415e-05 6.926815307637310183e-06 4.524935482856389526e-06 3.311278512622456075e-06 2.634465032955878517e-06 1.770786693539180475e-06 1.716446690603477257e-06 2.120984113580239137e-06 2.546172582601566331e-06
4.356558015066605907e-04 3.894381612218316010e-04 3.907237345787912338e-04 3.379735262112508270e-04 2.804850731794343772e-04 2.395694028851749519e-04 2.011449061998828440e-04 1.718329486844161441e-04 1.458653496416783353e-04 1.173831904964864212e-04 9.841490163993565628e-05 7.872296688825915071e-05 6.075562538458651401e-05 4.536013742456605671e-05 3.276811476263164402e-05 2.181656947615973969e-05 1.474113306043431726e-05 8.759838125138129570e-06 4.202952697524011925e-06 2.101413044503778562e-06 1.248356680448319680e-06 7.794644321934052062e-07 6.551960363548399002e-07 4.529813834668264969e-07 3.397617132457180506e-07
6.117965030531913968e-04 5.452028842981652404e-04 4.863172131662243632e-04 4.218873033759713387e-04 3.607257202330684431e-04 3.061573892782441775e-04 2.610199899223207944e-04 2.203712981222326513e-04 1.776397285042619317e-04 1.420161805154885064e-04 1.129723581746174492e-04 8.338161065182255827e-05 6.298407232073406940e-05 4.687542917805925579e-05 3.452286503127954305e-05 2.172757557846984522e-05 1.341431597082606100e-05 9.104055022715519546e-06 5.818254605050881506e-06 3.656889761625558506e-06 3.088697459169239258e-06 3.179289884673209437e-06 4.954604595391158764e-06 4.104985005420486007e-06 1.368776044433374933e-06
6.964716556110947575e-04 7.341837908848053602e-04 4.687254265450288668e-04 3.418731222044238513e-04 3.123731039888914579e-04 2.572725804451453575e-04 1.821631530767386464e-04 1.493847980564359226e-04 1.200269908201745563e-04 9.717326465145558932e-05 8.611158153276947879e-05 7.516476734354630290e-05 6.385115690221804751e-05 4.678184669776152941e-05 2.897054647464586145e-05 1.646542090224043173e-05 1.057320158302871544e-05 6.540070554258106168e-06 3.510177821990448529e-06 2.207728355680048553e-06 1.465435158192908190e-06 8.819303832261459083e-07 6.856257464481064287e-07 4.726736019824789647e-07 4.648416539982743191e-07
4.909838062644316953e-04 3.304060214526670564e-04 2.504592437900334846e-04 2.090451371759384567e-04 1.891586487607160275e-04 1.738833557414022938e-04 1.620131244788238910e-04 1.486685493949326984e-04 1.249614424190262851e-04 1.014469484099137452e-04 8.397222595534273564e-05 7.080448032649024688e-05 5.714481584527902983e-05 4.354726767877526518e-05 2.999178610745869739e-05 1.941491900077191947e-05 1.067687195217944997e-05 5.725997215375084463e-06 2.970488890997484120e-06 2.030927166623480602e-06 1.136438908098216792e-06 9.832759991462758594e-07 6.087346234280024793e-07 4.558177948288017339e-07 3.614314030678448328e-07
3.885787045632814072e-04 3.569228872064232052e-04 3.323313170571094081e-04 3.057569105820674487e-04 2.784904080962697205e-04 2.312418932317534593e-04 1.998048423651009717e-04 1.656115842712985761e-04 1.439297680098575573e-04 1.285860154916879344e-04 1.155072057449269316e-04 9.337588176175096936e-05 6.659035531915429181e-05 4.499545377975360596e-05 2.938650679425687932e-05 2.027898375273671673e-05 1.231989280276840831e-05 6.608717566168608174e-06 4.197325166217617640e-06 3.839938759333110064e-06 2.363212733861125045e-06 1.976129677961520879e-06 1.855825559147810372e-06 1.397412989000182490e-06 8.443925459561532107e-07
3.664832434067906756e-04 2.918973078661517349e-04 2.707884155254042832e-04 2.027815464068600745e-04 1.698353620123152963e-04 1.384523704367659059e-04 1.279381610825767958e-04 1.106812226764634563e-04 9.537297332885552321e-05 9.130083683264946404e-05 9.118979066667804183e-05 8.023011444002788452e-05 6.167966109040830388e-05 4.216188939092666775e-05 2.786744203988197213e-05 1.929338234281448942e-05 1.317995029942476017e-05 7.772883410396127986e-06 4.971651047094022522e-06 3.258281849444831543e-06 2.201171448927609042e-06 1.301923813845084416e-06 9.316391768086418391e-07 7.477513032879472860e-07 5.593659574214760345e-07
4.581005996397648390e-04 3.457043528528684607e-04 3.202200518281537144e-04 2.817047980963432161e-04 2.491747879187295660e-04 2.106988323771705478e-04 1.822804587062733196e-04 1.634319581765333841e-04 1.412903309773716194e-04 1.160398432911511610e-04 9.562542481046841189e-05 8.065628409608974702e-05 6.060825178842595807e-05 4.105778261333500119e-05 2.448148279739906973e-05 1.558624890648711606e-05 1.012161043890562112e-05 6.201108253856185126e-06 3.737465235370796291e-06 2.287605269786936250e-06 1.419171556366811272e-06 1.100002872142012583e-06 7.971956905683357091e-07 5.655521912522813903e-07 4.339244317179721154e-07
3.579276455150496878e-04 3.141053358978676416e-04 2.780165596222563748e-04 2.473035657690485136e-04 2.235462447465602349e-04 1.900261525111107414e-04 1.636163884280398954e-04 1.389185192498174873e-04 1.189191010050207444e-04 1.029969508189921992e-04 8.524713992359140939e-05 6.782437969506924279e-05 4.885806368606242423e-05 3.968411379880540927e-05 2.992542213293323216e-05 2.091192887891489340e-05 1.306806905826311180e-05 7.598920417082410427e-06 5.006588928529442307e-06 3.000345774104415994e-06 1.943193388198021513e-06 1.768650231125527837e-06 1.195512586802653450e-06 1.083133596869073969e-06 1.129230887692052860e-06
4.429252185877306986e-04 3.150597472046841600e-04 2.389519624344110533e-04 1.845477405368541079e-04 1.503581504142260635e-04 1.223515877346709711e-04 1.072746173135671969e-04 9.888570263752231545e-05 9.345746713784515317e-05 8.667885461895170993e-05 8.799946193387797155e-05 6.863301498825307540e-05 5.392882672837398094e-05 4.365671176107843753e-05 3.476272392121503702e-05 2.631336582117307078e-05 1.693465174875522953e-05 1.085250470931313272e-05 6.735650829379635067e-06 3.702455989505519040e-06 2.569837044882866741e-06 1.850927381401709869e-06 1.531237364177911501e-06 1.476256842546913813e-06 1.201992065051893267e-06
4.326151956789954316e-04 3.855896422531726120e-04 3.598686482903135260e-04 3.267237882341599182e-04 2.850772189977155324e-04 2.413653076143727804e-04 1.945505446445574941e-04 1.544925812793427179e-04 1.243841747491139765e-04 1.065340479305656242e-04 8.510358188110318486e-05 6.336168056446543823e-05 5.110228622698640723e-05 3.660406580465955657e-05 2.556288574177904873e-05 1.668850458640935142e-05 1.087227243158706553e-05 6.629757051825202988e-06 4.024439801837341007e-06 2.179291805584200594e-06 1.351675123082335607e-06 8.321074716303913958e-07 5.642165706673813927e-07 4.785070560237621619e-07 5.497054592730523023e-07
3.072783684016698147e-04 2.871320336593310204e-04 2.627195746057193592e-04 2.530801258404615688e-04 2.290016204677178930e-04 1.888342881601971486e-04 1.538510360694666016e-04 1.310032178783977297e-04 1.153454843788368189e-04 9.900508184164235486e-05 8.443140910311519977e-05 6.805860651282664737e-05 5.272065862659396107e-05 4.213878171745873792e-05 3.332813107534172574e-05 2.672382577760009623e-05 1.896228329504640362e-05 1.267597273553568666e-05 8.494174863793967079e-06 5.385252578807695525e-06 3.199222286558127754e-06 2.072915734681186642e-06 1.865789095498368702e-06 1.628331373374502622e-06 1.039090231998625123e-06
2.703010581900922569e-04 2.218983719073425642e-04 2.021452637091939234e-04 1.748622130793623622e-04 1.557197694011871211e-04 1.388354631365220748e-04 1.213025230607440487e-04 1.067342020987919370e-04 8.970809753200246909e-05 7.129740009912514140e-05 5.754841811587118868e-05 4.828267282121316155e-05 4.052153089473993361e-05 3.453926849095081530e-05 2.708627999986614216e-05 2.125931223349420107e-05 1.541587044541767651e-05 1.146104821198629757e-05 7.179577712839055045e-06 4.816911885906253481e-06 3.146834605507717210e-06 2.416884178234332606e-06 2.005188587374369591e-06 1.669849129791045238e-06 1.552786919228213828e-06
6.061762955401531596e-04 4.130807773732743360e-04 3.443933381536310942e-04 2.789525560696952899e-04 2.514474760352549635e-04 2.288103452028502184e-04 1.959170202839379828e-04 1.658270751459150810e-04 1.397286613675588506e-04 1.121229811539292698e-04 8.861421821297933168e-05 7.003888799059786489e-05 5.385565321176568883e-05 4.006172431746006307e-05 2.763741510989475768e-05 1.701052995019891259e-05 1.040025999200921816e-05 6.270252869689242514e-06 3.275209471723135900e-06 1.797345850865441532e-06 1.156228873560067144e-06 8.720159074351119028e-07 9.041391503360837033e-07 6.607679988785002715e-07 4.197862749359936536e-07
4.124344619696629246e-04 3.573340837138858713e-04 2.963072706667692650e-04 2.468921566156928745e-04 2.375672504820254181e-04 2.167071473548603665e-04 1.821038463410712014e-04 1.566964494833240473e-04 1.256030174163713339e-04 9.637361022316067827e-05 7.642254385105798668e-05 6.041406225178159816e-05 4.934117567415480964e-05 4.387830365946704668e-05 3.354446597190813615e-05 2.037822781799098745e-05 1.275205613673774237e-05 6.193834136349797552e-06 3.484960147089455623e-06 2.124764108920956690e-06 1.502844803215618624e-06 1.100646093931744409e-06 7.977153169952734288e-07 4.926439769568036722e-07 3.963133280990787494e-07
5.909872811018205977e-04 4.904033442685090324e-04 4.035360474940085838e-04 4.186136656620511134e-04 3.653648518810505307e-04 2.928017639380117308e-04 2.342586140843969046e-04 2.121646532964637573e-04 1.608572409439719224e-04 1.320107851716050928e-04 1.051082542840781525e-04 8.107296713756848873e-05 5.798469763906239017e-05 3.986014927583903260e-05 2.301662965292052278e-05 1.298765263122079182e-05 7.072911597144575084e-06 3.722248955909985220e-06 2.171078194049008634e-06 1.523471312174174343e-06 1.076691112970074169e-06 8.444788114580070500e-07 8.000805370612530725e-07 8.517064020570601289e-07 5.590244140153151066e-07
2.018693535625055817e-04 1.778367369362769310e-04 1.606638493546430580e-04 1.409556993944563116e-04 1.220296035805696461e-04 1.176053204880417411e-04 1.180762070723562364e-04 1.067049004803082663e-04 8.761492151454458143e-05 7.396491698254763192e-05 6.750940453037875206e-05 5.146536890612539043e-05 4.236706661096101929e-05 3.566490238562869343e-05 2.695490765253990585e-05 2.028463802561283587e-05 1.658309932685521273e-05 1.252145354122076158e-05 7.833386304295847976e-06 5.319768434862568306e-06 4.226461903290433704e-06 3.355801226989094898e-06 3.938881352551625764e-06 3.386892133711615961e-06 1.677783961570005741e-06
4.239039691907336873e-04 3.311579207358904178e-04 2.807933345856551276e-04 2.603546953564903998e-04 2.216479020206587149e-04 2.231468775042047103e-04 2.090576647211849837e-04 1.561002307195066775e-04 1.322499850995781639e-04 1.121199705589957091e-04 9.155858321557676436e-05 7.401851026872771134e-05 5.738914044851381712e-05 4.274676372621830106e-05 2.973319481786144641e-05 1.973436255863660055e-05 1.309204604577082140e-05 7.919882715530022666e-06 5.077360261791890710e-06 3.059107494062922203e-06 1.825960586084175099e-06 1.293194661838933798e-06 1.161336984152974693e-06 1.087115154161039022e-06 6.738810977873082889e-07
3.317489231853129540e-04 2.670545332707998818e-04 2.665664292014558248e-04 2.352697218066933545e-04 2.036478290826870493e-04 1.746463043981914755e-04 1.484801988720898180e-04 1.294393612736156971e-04 1.084307433428270066e-04 8.849422526216150044e-05 7.792627717908870801e-05 6.704349662981022150e-05 5.490149703434646220e-05 4.266944579370711887e-05 3.113105777663094311e-05 2.289944244069624783e-05 1.428821809555598475e-05 9.523547823575194564e-06 5.808422908722840799e-06 4.082703495945643222e-06 2.999013907349272921e-06 1.958520890778630527e-06 1.708610823963627898e-06 2.164181365737513727e-06 1.309894893253537449e-06
3.474613787735133402e-04 2.164679688416499723e-04 1.720117494146191912e-04 1.543578213760255034e-04 1.434706952819686434e-04 1.361344199906802221e-04 1.338485936939872519e-04 1.238877591039694228e-04 1.010161544562881693e-04 8.712418578507210166e-05 7.079898276228272186e-05 6.059245620882475094e-05 4.934488850323785563e-05 3.564764847752780597e-05 2.361494506761245983e-05 1.566493883547153402e-05 1.096376586212253009e-05 6.340137551194992097e-06 3.618709424714380875e-06 2.644645436955577806e-06 1.390574022511999092e-06 9.123755375600027352e-07 6.993184939000136709e-07 4.590028962222147964e-07 3.087333916161583462e-07
5.270287391018255553e-04 3.965637262985661072e-04 2.677200211139139398e-04 2.085001823650563507e-04 1.897817124369672540e-04 1.666661343183915530e-04 1.432807050555212874e-04 1.232925350963093010e-04 1.051512953973798256e-04 8.663211126487526325e-05 6.930825725801315854e-05 5.317343115422226311e-05 4.068030140661361966e-05 2.936934897626930223e-05 2.054718021193765941e-05 1.375674604525772162e-05 8.981552436687138911e-06 5.877757592929888206e-06 3.603136206870619967e-06 2.205178526945785452e-06 1.481936443094932179e-06 9.083031965190136153e-07 6.639282703938679525e-07 6.164078812741903237e-07 8.960216227465328652e-07
2.236087439819016431e-04 2.108185926531063999e-04 2.074008146417152777e-04 1.844590658124316935e-04 1.636649929145435507e-04 1.528099917661936721e-04 1.437803410528443139e-04 1.371782879686904042e-04 1.225812045921816540e-04 9.614970810272382637e-05 7.410859513110490838e-05 5.831610328545929568e-05 4.798195141994398850e-05 3.566246307800852752e-05 2.515264233078325770e-05 1.655277998792512904e-05 1.027121712035826642e-05 6.059941994055704135e-06 3.863502031866045239e-06 2.257021967587196179e-06 1.661324113754719691e-06 1.077382052981520347e-06 5.670756031857409359e-07 3.116600755848057679e-07 1.936835496325136817e-07
1.891103550498747651e-04 1.132098596086376143e-04 9.543752412295150242e-05 8.013428788657322511e-05 6.402746592126242961e-05 5.923722372511780671e-05 5.057807433424197757e-05 4.903431287050916192e-05 4.959708682917721650e-05 5.588400878957393617e-05 5.440905614805896734e-05 5.240075232904220341e-05 4.402097627341637241e-05 3.631203874760299328e-05 3.357468179087886104e-05 2.256390717955588228e-05 1.670771546661011203e-05 1.492737231630306538e-05 9.633243384077466438e-06 4.549389679143412369e-06 3.074932654029403120e-06 2.433729635872271268e-06 1.467813176192354928e-06 1.201321028259397153e-06 1.463957726766418331e-06
4.934627509198113169e-04 3.921937040897608773e-04 3.727672386201435865e-04 3.175776203160165828e-04 2.639240172281416726e-04 2.211031451774871114e-04 1.907569757940956055e-04 1.671405636269811896e-04 1.412730631358547265e-04 1.181197316338368871e-04 9.616980885972126083e-05 7.735484469600119306e-05 6.314001277151924316e-05 4.593719979344938737e-05 2.891001179743870684e-05 1.839079647134647858e-05 1.217897387288652826e-05 7.740489205259826891e-06 4.421038523265713160e-06 2.350686584887869925e-06 1.572021942024133366e-06 1.121588653588643863e-06 8.446139543215907099e-07 5.990959792745923418e-07 4.137205454762845019e-07
4.599399793998114436e-04 4.108464197106804117e-04 3.467796889601216679e-04 2.815453191074594936e-04 2.441441502858891603e-04 2.189636507805433566e-04 1.979880946793148870e-04 1.683196059818456750e-04 1.331515596280998556e-04 1.066467697645324654e-04 8.071927218948678098e-05 6.221089891599363201e-05 4.793323759651265824e-05 3.490309661633262479e-05 2.316992070626655218e-05 1.478825347436809843e-05 9.291532093259606442e-06 6.466074374599115954e-06 4.447651133524522055e-06 2.903796791585333596e-06 2.151254166602512768e-06 1.505701936922315196e-06 9.644299568489994005e-07 8.959679939013149684e-07 6.886092135992598495e-07
2.986602939231723848e-04 2.672645561164613335e-04 2.515914415404861505e-04 2.259526724651560636e-04 1.913658299706430023e-04 1.633847251960397274e-04 1.378428919354243081e-04 1.202131417941286804e-04 1.218907378994224327e-04 8.691678330604400292e-05 6.188445716297867583e-05 4.906612457338266353e-05 3.725030186725682195e-05 2.618055119593554683e-05 1.912785637818624837e-05 1.389578972219759732e-05 9.727816970210325691e-06 6.637246360530373269e-06 4.221047961437149181e-06 2.535209369803665591e-06 1.834016989265473722e-06 1.339662514446566815e-06 1.047085370215343490e-06 1.106860974132078310e-06 1.054714775719769380e-06
2.797488192845189897e-04 2.336925795098627025e-04 2.118586679389413698e-04 1.947160355189610876e-04 1.865971286455479251e-04 1.597715329495755969e-04 1.327232323450507881e-04 1.145390276395687028e-04 1.023974378254461476e-04 9.080894020118071975e-05 7.382623604790720755e-05 5.570843408594844311e-05 4.190072223765819060e-05 3.224341234830955307e-05 2.506368190986157880e-05 1.791919070443632155e-05 1.351910771353615682e-05 9.972536204784773759e-06 7.113795320177892527e-06 4.943608709793957568e-06 3.346141915045634889e-06 2.088563178148929405e-06 1.261963643929957988e-06 8.014259716856635820e-07 7.042645904030801711e-07
2.653266030959339520e-04 2.261138916163618596e-04 1.989356342095731150e-04 1.725542543273800940e-04 1.559368042262926498e-04 1.442590886729063816e-04 1.439992068709993768e-04 1.352220585277727439e-04 1.183052080731920717e-04 9.592093800302218208e-05 7.625194713118847245e-05 6.126489709698178471e-05 4.672862754333267113e-05 3.308977229154437614e-05 2.173533225802600475e-05 1.380094817595775903e-05 9.987529627463204721e-06 6.105569710968020657e-06 4.147792361641409817e-06 2.826519587582212297e-06 2.376955609372002131e-06 2.120516498686013877e-06 1.315824200446586556e-06 1.193285758572705318e-06 1.044271576855143836e-06
4.414596774537331422e-04 3.811264138441443610e-04 2.982707400964208365e-04 2.204622623380290579e-04 1.889799692601169996e-04 1.505663397413863991e-04 1.312575476764899006e-04 1.161833135828014988e-04 1.107272272158207964e-04 1.063367288248446527e-04 8.503033714876831245e-05 6.467950027075874671e-05 4.607219646527563653e-05 3.028140024616549894e-05 1.971421083928157165e-05 1.267930391943229281e-05 8.434115209223872362e-06 5.769336657049767699e-06 4.202585249723335185e-06 2.784499085772640315e-06 1.740685424934745514e-06 8.624058025372644980e-07 4.813263243271098725e-07 3.447802823202043000e-07 4.094910071248785400e-07
4.636961119909133828e-04 4.183135475687447050e-04 3.746264520663861977e-04 3.367526094573720517e-04 2.980658459793406436e-04 2.584710524722835432e-04 2.194669526166411172e-04 1.814349967528132196e-04 1.482925591650368735e-04 1.183015547014332149e-04 9.845478167975918612e-05 7.716555139435631874e-05 5.630435582788386953e-05 4.208889267012337480e-05 2.994297499047646576e-05 1.895149279797963402e-05 1.017722406920025776e-05 5.253806018352604583e-06 2.986274245492165277e-06 2.025230172956683770e-06 1.359096619614859898e-06 1.121534758486523932e-06 1.217140190421806585e-06 2.066497368215499810e-06 3.068959539313741052e-06
2.945380960850112087e-04 2.674648415481286809e-04 2.195272305762480504e-04 1.943666341504211826e-04 1.829019124394470127e-04 1.684289812563645006e-04 1.463099350038429705e-04 1.265812620515154832e-04 1.065241299617557383e-04 8.834047007942320666e-05 7.475762319603565889e-05 5.683837843536197287e-05 4.206274326823806570e-05 3.078266049266668809e-05 2.150358483393102619e-05 1.433566440673341245e-05 9.514277084575343738e-06 6.814070483435348976e-06 4.099642162937302886e-06 2.426839986015223081e-06 1.328552807791649367e-06 9.598019049395916552e-07 6.294146278435730015e-07 5.269780738799551814e-07 6.310795866102294722e-07
2.746126919209673323e-04 2.231035904549792572e-04 1.929376472170612621e-04 1.684920151727664303e-04 1.572488307007750905e-04 1.527647151418481952e-04 1.596165865258786850e-04 1.302539142304323671e-04 9.634716470643832538e-05 7.397342694530233186e-05 5.630651132921506619e-05 4.415235934102806382e-05 3.049660915506966234e-05 2.271750122650665929e-05 1.679365556023298359e-05 1.329197978137280143e-05 1.009585786144407111e-05 7.643639528663229545e-06 4.768844658223521812e-06 3.030301818790193702e-06 2.078814767203661659e-06 1.278064666574476627e-06 8.472977558088993446e-07 4.861876471095018541e-07 3.746481940333932646e-07
2.258849015736411362e-04 1.407318412496628176e-04 1.320004573369556154e-04 1.273363944653637227e-04 1.319858256481318585e-04 1.415290951295901790e-04 1.238593575367090687e-04 1.183910478427794194e-04 1.087150788191745674e-04 9.159578163737984089e-05 6.682090578243043847e-05 4.745390955128331073e-05 3.633646540523628737e-05 2.861326827535356376e-05 2.270925291628200551e-05 1.802035725877416613e-05 1.253478360989571360e-05 6.741868899114898889e-06 3.246850601551957211e-06 1.642968502753059161e-06 1.192408058506619953e-06 1.039931551062088134e-06 7.249873507698676149e-07 4.470176928915671676e-07 2.654469186007248998e-07
4.202176213912718443e-04 3.658048968520306388e-04 3.174162470423914245e-04 2.844054807172672066e-04 2.472814580177356831e-04 2.253544502951848583e-04 2.006016969868117030e-04 1.657654975613096816e-04 1.350290692172820771e-04 1.050165334494379418e-04 7.786838633317587962e-05 5.885791123192228417e-05 4.312231497590111287e-05 3.132298929801625173e-05 2.250524484244512168e-05 1.676095718343791044e-05 1.187206054712242458e-05 6.838912032500834797e-06 3.819105791409867314e-06 2.340459294114473341e-06 1.468228996219372768e-06 1.111282050511050083e-06 7.910932742121280626e-07 7.645503553431405290e-07 5.924978567734541562e-07
2.791428234644430283e-04 2.252669103216810808e-04 2.145188438887068473e-04 1.929887844300468816e-04 1.688558254971977068e-04 1.429071781365314647e-04 1.192125653272242523e-04 9.747680867507185223e-05 8.216503233999028813e-05 6.759871788401293556e-05 5.448225821557881304e-05 4.824834621807497757e-05 4.098515574157532475e-05 3.198687946696918204e-05 2.336456343963732191e-05 1.672888455453748276e-05 1.184416309546216626e-05 7.215688822949445699e-06 3.979616745563490416e-06 2.276301783743617349e-06 1.281362981143130351e-06 7.191716938883868435e-07 4.631553767020621280e-07 3.071168853173542241e-07 2.124000078491886941e-07
2.684540920795491195e-04 2.419897141128012714e-04 2.329816607248541669e-04 1.831872019882118481e-04 1.398993604663116899e-04 1.145389947169248165e-04 1.023145571111228692e-04 8.410243077547934951e-05 7.124349303470527497e-05 6.327191845304577930e-05 5.708872557252922308e-05 5.073550087514957135e-05 4.805333557979955328e-05 3.877928436415176237e-05 2.800335520635910362e-05 1.972453172196636292e-05 1.384796642151170475e-05 8.694153239742176208e-06 4.270049975998326908e-06 2.239988148125095266e-06 1.391026430804773682e-06 9.761015936407211525e-07 5.706710328768878399e-07 4.266269457541546579e-07 3.064100713940920793e-07
4.782031495565021808e-04 2.960678152209852911e-04 2.001790540990245313e-04 1.518209040003571763e-04 1.286254528515635629e-04 1.188666662329766478e-04 1.104097109238178545e-04 1.142015191001828146e-04 1.042902318844162563e-04 8.960258603678978846e-05 8.571982971885580658e-05 6.911108371220319466e-05 4.983674409056188664e-05 3.541628420082846039e-05 2.471778971435789309e-05 1.772649832176003565e-05 1.423461574595528110e-05 1.081686297433003822e-05 8.369664703122541168e-06 5.916048244373731975e-06 4.374014474826742862e-06 2.632085310268709384e-06 1.435388657590506362e-06 9.066622782407231623e-07 6.446207843053069341e-07
3.554514784850518281e-04 3.331819079341535265e-04 2.872652508943762195e-04 2.448195872023997298e-04 2.084461596412038914e-04 1.895473125160995124e-04 1.604375202156160091e-04 1.399143270204526713e-04 1.207774510219664912e-04 1.001595130987191940e-04 8.061732862806119629e-05 6.417805046667725895e-05 5.364181035854811075e-05 4.286428528408365055e-05 2.935591201540457563e-05 1.871622607480126943e-05 1.135947442553888757e-05 7.497049054330432454e-06 5.103329273136460933e-06 3.099980345867902704e-06 2.586067326716285322e-06 2.406763913822567505e-06 1.360577796617876518e-06 9.337175880549400504e-07 7.813612426429193504e-07
2.883064574603966040e-04 2.271188983743858720e-04 1.870655513303677651e-04 1.782341347305311900e-04 1.616999380761791386e-04 1.542795096261160247e-04 1.317536752160133613e-04 1.069868713061955371e-04 9.446545467851731408e-05 9.005189928454413861e-05 6.815758877771910273e-05 5.240072822839738373e-05 4.095863589637528652e-05 3.092621260305310443e-05 2.253357842504942406e-05 1.671309804628506727e-05 1.122058690996441947e-05 7.722327280022034309e-06 5.199056631557687158e-06 3.469483237214346404e-06 2.047579486146256342e-06 1.159799150566364540e-06 7.571493273774025384e-07 5.861307291921696129e-07 5.368517476415483433e-07
3.941875480878434469e-04 3.404879143524204869e-04 2.794665026768213077e-04 2.288366861164500615e-04 2.020412932941149865e-04 1.747417418945888259e-04 1.415811579798918079e-04 1.156331834911888051e-04 9.793902720809012251e-05 8.302245584327514686e-05 6.854176106702691135e-05 5.221041765636003432e-05 4.040213418604675870e-05 3.175454287976500121e-05 2.667776411847526622e-05 2.151931745135269249e-05 1.382503359373763523e-05 8.301015062149165487e-06 5.599517006783950580e-06 3.084064591188502763e-06 2.001451683838335172e-06 1.261129971762462496e-06 8.784376488816112818e-07 7.642554150431175571e-07 5.527438911621763075e-07
4.069163974517543475e-04 3.551933657773715118e-04 3.119451390512326008e-04 2.759427853988539667e-04 2.416177651266266757e-04 2.293017714142017824e-04 1.843892747569221557e-04 1.460148370834621996e-04 1.228450167980476063e-04 9.977748818826505828e-05 7.838913430948040524e-05 6.154677555052951463e-05 4.954824509407773105e-05 4.022937203474466960e-05 3.173959282932767669e-05 2.590973235586311305e-05 1.695579010873395537e-05 1.091389781236159066e-05 7.178783311517980034e-06 4.631241866598158418e-06 3.308251310614366478e-06 2.832244558618992433e-06 2.441115476727412451e-06 2.435348080912932669e-06 1.966991861214844812e-06
6.460613949869870943e-04 3.982069009597501803e-04 2.849805080153973804e-04 2.357331590227411432e-04 2.305739765255921357e-04 2.081940709432596279e-04 1.710543756504450145e-04 1.451053599022090828e-04 1.212389854983999204e-04 1.078633303618437505e-04 8.485608358544947699e-05 6.672576145256843387e-05 4.871688681924297813e-05 3.907989507789633941e-05 2.873937061083634887e-05 1.989885518077511034e-05 1.298640430980647716e-05 7.833655965414083376e-06 4.640897920260840386e-06 2.899840721854305546e-06 1.526415750136574184e-06 8.923903130341119585e-07 7.169434978567657720e-07 6.931911404339579891e-07 5.941057350332220131e-07
3.700049544680714770e-04 3.721960634419554503e-04 3.102501251685466760e-04 2.620333562622102742e-04 2.273776677858483080e-04 1.915545316566591297e-04 1.611746605698501067e-04 1.301516874149722563e-04 1.113506165535104044e-04 9.180455884484427882e-05 7.889198412809402699e-05 6.402306223649366194e-05 4.559901870780264267e-05 3.107716869878360131e-05 2.088219049032235592e-05 1.394435377510244481e-05 9.028633414709322038e-06 5.684896675521049240e-06 3.337237532335564157e-06 1.656861556859422135e-06 9.890066651384554883e-07 6.439109926246261815e-07 4.220708376557143424e-07 3.345055782652947381e-07 2.664776895646182618e-07
4.298313298084307675e-04 3.677062876264223872e-04 3.209880851302512341e-04 2.726930028349002963e-04 2.312814913575491683e-04 2.055614865588557523e-04 1.814587221111782359e-04 1.622409532643925172e-04 1.281761417205067770e-04 9.347007761068045341e-05 7.296376722564034518e-05 5.795877341722605893e-05 4.235525967579622321e-05 3.013186076359155124e-05 2.216303162029055449e-05 1.575234117628690638e-05 1.073794745350009949e-05 5.791132648353377249e-06 3.277696091642430322e-06 2.238516453650058090e-06 1.303448049266663553e-06 9.376048756791204515e-07 5.417852013732898998e-07 4.490376029336077474e-07 2.569139038801937171e-07
3.988188548131614466e-04 3.516646094088699513e-04 3.069472406625861193e-04 2.744598727768245085e-04 2.469095379210107578e-04 2.077425119388148441e-04 1.799036128960789427e-04 1.545201143660509765e-04 1.293942924880994022e-04 1.097975357320149628e-04 8.792103818316363570e-05 6.191276882899090866e-05 4.569804472050547858e-05 3.283334382037188779e-05 2.251597205192692046e-05 1.592408466502285156e-05 9.899715164866317144e-06 4.478449418318365470e-06 2.157258032397031332e-06 1.246681953957733729e-06 9.386409889674433693e-07 7.376083066338135733e-07 6.160031802441576754e-07 3.903011144445668425e-07 3.218593925867004046e-07
3.452197346310972902e-04 3.055603691126118084e-04 2.549585905742821393e-04 2.168620087498702520e-04 1.890136443337814265e-04 1.705411920425281124e-04 1.645705564286478728e-04 1.480001760844982118e-04 1.313935052388294999e-04 1.192759043082588897e-04 1.047995355890533160e-04 8.309382837179730302e-05 5.545035755850529814e-05 4.075454462345512924e-05 2.735049240018087169e-05 1.867429100485623687e-05 9.588151503782379662e-06 5.518324376008401378e-06 2.908232654967717813e-06 1.821865495752647389e-06 1.184309889189836193e-06 1.013224299080600949e-06 1.145482411503166285e-06 6.415913671990664528e-07 5.123385448303233228e-07
4.794204188821716119e-04 4.059821218574233932e-04 3.539524819503382961e-04 3.003705608692589673e-04 2.501284768542449076e-04 2.062446584906512336e-04 1.673639047159367055e-04 1.414504106060345749e-04 1.190481612082333292e-04 1.001512126707235310e-04 8.344975508113517055e-05 6.415040674235053531e-05 5.064352352911308974e-05 3.679269508813107843e-05 2.461317231584504722e-05 1.664413809027347085e-05 1.060293493961565188e-05 6.717348806029684539e-06 4.031597727815176445e-06 2.580454799504400649e-06 2.182628431021122014e-06 1.429345275764259230e-06 1.072644664612774901e-06 1.099640713489517503e-06 8.723823919877508203e-07
3.089635447989408129e-04 2.728651034703600577e-04 2.436117030681589444e-04 2.159262170289715009e-04 1.871192718279878213e-04 1.614464806091002729e-04 1.372871146346628618e-04 1.131825448770744510e-04 9.411900917266762825e-05 7.795558417247979344e-05 6.235769596418843297e-05 4.948115874806464356e-05 3.932945227686793032e-05 2.994998690674348244e-05 2.113017758613291847e-05 1.377604521808994836e-05 9.913548962838258938e-06 7.923063311690153131e-06 4.775130284533646409e-06 2.883704198886827616e-06 1.704688426246068267e-06 9.697760476606230710e-07 6.186782754524991563e-07 4.970373446193101606e-07 4.166208627139584972e-07
2.727773295135995464e-04 2.388296024812711982e-04 2.078941044666197068e-04 1.847307524948178965e-04 1.635820460437050698e-04 1.423603480149722130e-04 1.164704437435929108e-04 9.677770965119491631e-05 8.118823747522390234e-05 6.913498225697412816e-05 5.763263129128602392e-05 4.742874042677412661e-05 3.406822004829580770e-05 2.661294484171330350e-05 2.176127181523217116e-05 1.761203820488357584e-05 1.344582819642826439e-05 9.178515031008188562e-06 5.786701710473015879e-06 2.913221486728405692e-06 1.547837403467086232e-06 1.140487497845795210e-06 8.528862898713612630e-07 5.817958554850951144e-07 5.172342405775045306e-07
2.876921888075420117e-04 2.170161674532190940e-04 1.725378962131135193e-04 1.576536031569560515e-04 1.515182597129745507e-04 1.389908616810679113e-04 1.233427127041375677e-04 1.078300199195173729e-04 1.004800855414765716e-04 8.951356198935818875e-05 7.245640113764457079e-05 5.601700292592636980e-05 4.370318223674390224e-05 3.443412460140528000e-05 2.598058236323462007e-05 1.788326368967302045e-05 1.102742637658773291e-05 6.908175966818795881e-06 4.033491179072480487e-06 2.330760829556193898e-06 1.499030400024814802e-06 1.240200383400769418e-06 8.927324183786635485e-07 5.451902230484022040e-07 4.081093501429958813e-07
7.458366387116309405e-04 5.709612557052930236e-04 4.179680528185282041e-04 2.861580698271438028e-04 2.439435435890636192e-04 1.796436104367986851e-04 1.401682503450600885e-04 1.231750940660775986e-04 1.109951251294361268e-04 1.093572320919640050e-04 1.020841701347984280e-04 8.083497769150435380e-05 6.060537773051678020e-05 4.172753655837101877e-05 2.515573137099810853e-05 1.577527673111572498e-05 9.579965740700899005e-06 5.814761971217296151e-06 3.531321280083421393e-06 2.438084232488753658e-06 2.129177825083789568e-06 1.343809389350232898e-06 6.971571507388707196e-07 6.225614837272686465e-07 4.231203911073809428e-07
3.580820434677829938e-04 2.704116559148419955e-04 2.142783406782125392e-04 1.813715949547336950e-04 1.649981535638797331e-04 1.531302005834194141e-04 1.376677797761602904e-04 1.268624051560191598e-04 1.055739780772428410e-04 8.999707810230515349e-05 7.791160902789081547e-05 6.737874622695395877e-05 5.040787177843564145e-05 3.855384567116402480e-05 2.732107538830174290e-05 1.783285930983300488e-05 9.460267476630238303e-06 5.680553342085152038e-06 4.011171093785382381e-06 2.268561408834639537e-06 1.197803115401129991e-06 7.214449693304404229e-07 5.609832258031737238e-07 5.625812035221065778e-07 3.901855086768018632e-07
3.648702673884974060e-04 3.005828930872622142e-04 2.571312587048989900e-04 2.269218719517053832e-04 1.986486780592507280e-04 1.666354828982840697e-04 1.454526597906567503e-04 1.302579045975166001e-04 1.245838096496704108e-04 8.083499901965333109e-05 6.154293807968405584e-05 4.891338802443676378e-05 3.709762614432105123e-05 2.822237025110771206e-05 1.968141719318146002e-05 1.313908285736486038e-05 8.467860567118119230e-06 5.552451104843305440e-06 3.388406376514480905e-06 2.292155809097640820e-06 1.622422126577569031e-06 1.098697147003145972e-06 7.433418214378453322e-07 4.806830483662550669e-07 3.412996498773175675e-07
3.131669865591664220e-04 2.844255204610656178e-04 2.559326770417884116e-04 2.232573725775024130e-04 1.995786180782048067e-04 1.758812196567642052e-04 1.455033262871356355e-04 1.248700225395894055e-04 1.045351442606776100e-04 8.528608920937396081e-05 6.788309088311592055e-05 4.887570983617641238e-05 3.613544094542624842e-05 2.792575949673787493e-05 2.191148202458194572e-05 1.626829715513535132e-05 1.120029516071839274e-05 6.727452840651364516e-06 4.117974702061196573e-06 2.762992040163424825e-06 1.478606373487123832e-06 8.262878080435346997e-07 6.464839080510024388e-07 7.631019171920739484e-07 6.054412523675813716e-07
1.261789714297988085e-03 1.164239630608220879e-03 9.864191833035584108e-04 7.910735542884238551e-04 5.931092312760061344e-04 4.228674980554816788e-04 2.769746324415413925e-04 1.905940699085130181e-04 1.419181533461118423e-04 1.048154062248709802e-04 7.555026928823405238e-05 5.594577864165756659e-05 4.507010089481388676e-05 3.227227608161108949e-05 2.343010193254734777e-05 1.682324452901707892e-05 1.215282641877707971e-05 8.153449310351124890e-06 5.500692006024419670e-06 3.815703750615070433e-06 2.936613275898449916e-06 1.913409380870882755e-06 1.455137400231307741e-06 1.063705870302018479e-06 9.540110143485894510e-07
5.174012256177621186e-04 4.651563570758683749e-04 4.108346098528053037e-04 3.598643435197765848e-04 3.375840944910304909e-04 2.839374835366870382e-04 2.243702745353038546e-04 1.847441046152309256e-04 1.494767004077035186e-04 1.096482353751378148e-04 7.972519724943390867e-05 5.993819438176322973e-05 4.487961823572142125e-05 3.164258301916836346e-05 2.196463559601980077e-05 1.327604139077567215e-05 8.459912490206592482e-06 5.603105622993302029e-06 3.344815308689875496e-06 1.908338511826822793e-06 1.074110764065176320e-06 6.796360685203055458e-07 7.357426723109354194e-07 4.387330585348256958e-07 3.537891520916015190e-07
4.426762571610536024e-04 4.356779764511999899e-04 3.072581183860552227e-04 2.308609454609049556e-04 1.879873866807333326e-04 1.463348080318599810e-04 1.038477625080471106e-04 8.635552335033698057e-05 7.697705831641821434e-05 6.822461941872935102e-05 5.740895353321123507e-05 4.650142395233926600e-05 3.619700268578581061e-05 2.789227896107031472e-05 2.078980261257546501e-05 1.471669516124703015e-05 9.627874088373995320e-06 6.256585753180029060e-06 4.176122001075160835e-06 2.788538846640540030e-06 2.029294569514349202e-06 1.422477682450194278e-06 9.879534123545733831e-07 7.493283978244417934e-07 9.414383437119816595e-07
5.670303170464302848e-04 4.119838688708633216e-04 3.077781581505193527e-04 2.658814534764555892e-04 2.110326934427823029e-04 1.756666034410556371e-04 1.497706728162502207e-04 1.359410817974296068e-04 1.082475215753587582e-04 8.390288966437642727e-05 6.561171298961129968e-05 5.612899838519716251e-05 4.881786057533559912e-05 4.304392405855351263e-05 2.835036387476982473e-05 1.711963925173205049e-05 9.026058226676987427e-06 4.488145926636715735e-06 2.752773736061532019e-06 1.840159224571105267e-06 1.280078934572862632e-06 9.825034442155215141e-07 6.755268228672807677e-07 4.512851648862930766e-07 3.323483693179764805e-07
1.640763427788214464e-04 1.326148207453464972e-04 1.106956748698209527e-04 9.608989520536993735e-05 8.845593651562890078e-05 8.557931982890592821e-05 8.936864206414039599e-05 9.093559237824030137e-05 7.720874497402240889e-05 6.620420086188759325e-05 5.262367187231609773e-05 4.290963690093954543e-05 3.510943850883168217e-05 2.607480136769389466e-05 1.916656408001361409e-05 1.300207882614697848e-05 9.410116859926872764e-06 7.643651934710593408e-06 5.227934985111818215e-06 2.811623960463466351e-06 1.574077583290286441e-06 1.006885069665607164e-06 8.247655515607606936e-07 6.638591701919524064e-07 4.763244954974204356e-07
2.319363945874718515e-04 1.873401569743174747e-04 1.646274074573835964e-04 1.412648138898387926e-04 1.243262888615668973e-04 1.073249860243154241e-04 8.753663378348086653e-05 7.307823194301120515e-05 6.348079785116853707e-05 5.441042053074058351e-05 4.560835031900878134e-05 3.857788178593032495e-05 3.191645251521981852e-05 2.360031266175804037e-05 1.773596714563200499e-05 1.296351422912559921e-05 8.850990773925165734e-06 5.986633926028498451e-06 4.231412659619415839e-06 2.884023293419503596e-06 1.887446713243923113e-06 1.005819911568118217e-06 5.390623838245394310e-07 3.957584479422653076e-07 3.303956007862886354e-07
2.962611410262239306e-04 2.458863464559062919e-04 2.006253658810533576e-04 1.709903006480155310e-04 1.542581932111191680e-04 1.301438566898250541e-04 1.115920752701564524e-04 9.790111332656548137e-05 8.395032496579890677e-05 6.794491785099106491e-05 5.370670442548635673e-05 4.561238118381263299e-05 3.955217177996027525e-05 3.237376811773496141e-05 2.435579475842060063e-05 1.785638691617910873e-05 1.386874025570968306e-05 1.022578213812453311e-05 7.264926784116875577e-06 5.243527561579955190e-06 3.805720526438162484e-06 2.391945092391411819e-06 1.744083919290949424e-06 1.910105944001930918e-06 3.022073515041698162e-06
3.551997022655007416e-04 3.043996737119830762e-04 2.456228424919867925e-04 2.024748096842608953e-04 1.802494477614410720e-04 1.644441807634502691e-04 1.528215215479506123e-04 1.391561375373801738e-04 1.159982790346358747e-04 9.213501836876951607e-05 7.303139475902643786e-05 5.885046164147635539e-05 4.693388782780596254e-05 3.665422392947511980e-05 2.534193121938478955e-05 1.813173490407900103e-05 1.069752745219102850e-05 5.705809091393717552e-06 3.744579904921405888e-06 2.395399309435518405e-06 1.607537647661186872e-06 1.158270615156201150e-06 8.585898944782108734e-07 7.460450167996454372e-07 5.833607463274088432e-07
4.303017232903235344e-04 3.714034574418879930e-04 3.113254728907416391e-04 2.229300688788100806e-04 1.851210413298640155e-04 1.691460783021150459e-04 1.332779247112728907e-04 1.039712727818417495e-04 9.505602442302381718e-05 8.264732702786753763e-05 6.541031115849203759e-05 4.959049652306174531e-05 3.751421763999273875e-05 2.799835004053515406e-05 1.990155052833948008e-05 1.281189880557577139e-05 8.728513927959501734e-06 5.716016640534962506e-06 4.046913796380222738e-06 3.062737094493949389e-06 2.500510081239877684e-06 2.499176726907603212e-06 1.904090176408292806e-06 9.464707217791894718e-07 6.004963835090685141e-07
2.971887855939347816e-04 2.855696092477882355e-04 2.478574434159993753e-04 1.922439002280429442e-04 1.454527129653161146e-04 1.260942979672719660e-04 1.183545342411679318e-04 9.518442969151437330e-05 8.054781098725770892e-05 6.735183752616888679e-05 5.359635519597666885e-05 5.128326684858038607e-05 4.522863357500504962e-05 3.097272533376502939e-05 2.629295806081209918e-05 1.999718484181433505e-05 1.522517850679340655e-05 9.518716302773183610e-06 5.584787363511637850e-06 4.030180085222588868e-06 2.738909452572458036e-06 2.068585865414992627e-06 2.215908181352556037e-06 2.786732338077598942e-06 1.887736463280786732e-06
3.037547566383615497e-04 2.307409664677159190e-04 1.798187125221005305e-04 1.590553367233152337e-04 1.169180425818684048e-04 1.090823691797615329e-04 9.444945503928449480e-05 8.151518736328033498e-05 6.998896487345033796e-05 6.004500339312845525e-05 5.425895971105244419e-05 4.907025745000417557e-05 3.732572482838845756e-05 3.200601564344057482e-05 2.401086081808914843e-05 1.655097813542564465e-05 1.070467423699187506e-05 6.533756960749464665e-06 4.141702220925078234e-06 2.697136276427085725e-06 1.518117017137077165e-06 8.667501790474673192e-07 6.467103370700018768e-07 5.703160366565548329e-07 3.977376456544528537e-07
3.735357229134162837e-04 3.721328045793114402e-04 3.295942358300584462e-04 2.696761172469136188e-04 2.007217737359490140e-04 1.469831163390570119e-04 1.211194714030243939e-04 1.037733547651318602e-04 8.988169369082997301e-05 8.629553705986429946e-05 7.873929863458050391e-05 5.624217495004354847e-05 4.420454882787476757e-05 3.386887099579622725e-05 2.469347001623204939e-05 1.609286663691856763e-05 1.152124753489359241e-05 7.036845274322970935e-06 3.778053010191058332e-06 2.195131329769449381e-06 1.427076249589048936e-06 1.063971268535033719e-06 7.882015367544082967e-07 5.980012738516597523e-07 5.683258371883294584e-07
3.595965519726165437e-04 2.759961595273913832e-04 2.324867258520533315e-04 2.114400045002286894e-04 1.814541546684497069e-04 1.621823853066360437e-04 1.496840371147495862e-04 1.259433545606418296e-04 9.701162343826868497e-05 8.221132615198275704e-05 6.589184942989379716e-05 5.349003973822837136e-05 4.360994077755198664e-05 3.425108275920049481e-05 3.026235815648817344e-05 2.348355085890830495e-05 1.750013418245707176e-05 1.178260697340066379e-05 6.805678938549558739e-06 4.477698810705462453e-06 3.453756469242492649e-06 3.166783801877675961e-06 2.743806391684273331e-06 2.491652015125369669e-06 2.788257771242457538e-06
6.657777827466000590e-04 4.049108834918010644e-04 2.469866159432826890e-04 1.551930408051665404e-04 1.195734718788448115e-04 1.018495221996708138e-04 9.076855375135352354e-05 8.679916465015439814e-05 7.367588531660731175e-05 6.283124314618306029e-05 5.576231819924399821e-05 5.036066656463092340e-05 4.071555748856169488e-05 3.339000856834181360e-05 2.697383160195314643e-05 2.027475525341146281e-05 1.165216073240684038e-05 6.585964659159685133e-06 4.218303839783812919e-06 2.556928245893354956e-06 1.559906567746446393e-06 1.029580554057382071e-06 8.633117315035939612e-07 5.818255039938201127e-07 4.411607734009269116e-07
5.625177264840446967e-04 4.282549614125930200e-04 3.645173000626333436e-04 3.241427844983132901e-04 3.077286631951048498e-04 2.641472030253396537e-04 1.948722088934367962e-04 1.595933594654028393e-04 1.418755253441807476e-04 1.174936988167749627e-04 9.547827535287535755e-05 7.359324312034396410e-05 5.221778949114169689e-05 3.493724358811156947e-05 2.084697708658825394e-05 1.333281828416560288e-05 9.358949513512209947e-06 5.775275795081256687e-06 3.465804178282304263e-06 2.301068944438440220e-06 1.538266289969246627e-06 1.100572567422880784e-06 9.546956561583780723e-07 8.207819560293751256e-07 8.373715149563056233e-07
5.588859461196415751e-04 4.533146922111740314e-04 4.336852818974841484e-04 3.637655928997312075e-04 2.907441370422103773e-04 2.674860698271625458e-04 2.110047635884658012e-04 1.529443695296208697e-04 1.179868768686859838e-04 9.582140155506266885e-05 7.594479720460951269e-05 5.855420269249397613e-05 4.354863930469510356e-05 3.006464670140423885e-05 1.900178600493266582e-05 1.249488652341795139e-05 8.925117605108435164e-06 6.184583833888163335e-06 4.334139812749856811e-06 3.159745759714497360e-06 2.437339774610050083e-06 1.366646808071360554e-06 8.287090802469355268e-07 4.813832932532113087e-07 4.429097651743089330e-07
3.436645314338495987e-04 3.048271281630463383e-04 2.709743275505685891e-04 2.444359686561586344e-04 2.120226132024694845e-04 1.820687230633636787e-04 1.720988885566765111e-04 1.452575167808326808e-04 1.102564306312374794e-04 8.415831324297306701e-05 6.451634258218824777e-05 4.754968703471054372e-05 3.540570614442949392e-05 2.701955269580904486e-05 1.939868735908903234e-05 1.483741021871426141e-05 9.616566243587726530e-06 6.100690486691158020e-06 3.985056843732400180e-06 2.757656532013579372e-06 2.154794129667429229e-06 1.861548745276879602e-06 1.907457567394480896e-06 1.333466710059827173e-06 6.634113691550003844e-07
3.525042262240795201e-04 2.970180301886852321e-04 2.564565306066994327e-04 2.200554754326872577e-04 2.000702322631711259e-04 1.942856704048002644e-04 1.661563138098679426e-04 1.384566682592892851e-04 1.122426498683650814e-04 9.669539808310891147e-05 7.308626307444741031e-05 5.749715750906643339e-05 4.349266106146408979e-05 3.288860646693850492e-05 2.493432186478524695e-05 1.636633586140003065e-05 9.470612617572714482e-06 5.487325836636813854e-06 2.943206670352661208e-06 1.364940038219024109e-06 8.380013021655755896e-07 7.419004348041556419e-07 7.232735939216797916e-07 6.146022845886725834e-07 4.568288702526389839e-07
2.234046113277730623e-04 2.254369169079739729e-04 1.965102365491871940e-04 1.742041731746616642e-04 1.569571000039067619e-04 1.274262972569415646e-04 1.067340953241024238e-04 8.688486872426855027e-05 8.155230132019769648e-05 7.393834055354442608e-05 6.676871836801822355e-05 5.542908569837430100e-05 3.917983477008110194e-05 3.106492966667598430e-05 2.315808873120206747e-05 1.663075243282211187e-05 1.161138936226528359e-05 7.503159529109805593e-06 3.905196240822036391e-06 2.194310142333829289e-06 1.668617168487049470e-06 1.419523966955690369e-06 9.757335136821702141e-07 5.875412916825305232e-07 4.830554826060117948e-07
2.304648088225338726e-04 2.102657883949901683e-04 1.893189626173144514e-04 1.654213999423557503e-04 1.473538795008998126e-04 1.314848664061903528e-04 1.163903025463098115e-04 9.693610740243462412e-05 8.226987838648802480e-05 7.051256622097957290e-05 5.765752648743492756e-05 4.633849412328720454e-05 3.519086504197807167e-05 2.794711858576667284e-05 2.341780177763052079e-05 1.757639003356234488e-05 1.295780819134080245e-05 9.401094717297295728e-06 6.445437095848708948e-06 3.999969923658538558e-06 2.812997757442365305e-06 2.069771843266324628e-06 1.539438549339923854e-06 1.082854093417384865e-06 1.216584569426218889e-06
8.249591819043734005e-04 7.315615795044793810e-04 6.492869031079380460e-04 5.037073877408324366e-04 3.864901425753594719e-04 2.595346671034292046e-04 1.710051148061215933e-04 1.312453294803800124e-04 1.065254849983974009e-04 8.305624621503590729e-05 6.492012534645445667e-05 4.713502266118375629e-05 3.612768493766033547e-05 2.768510239341742118e-05 1.835653279023855504e-05 1.313015820416052258e-05 9.513359053007662956e-06 5.397400105903558044e-06 3.471479610608831264e-06 2.429933098057996574e-06 1.802480822340696763e-06 1.398808207864441034e-06 9.682543011553391085e-07 9.854459570409229921e-07 9.378671838536403521e-07
1.566200583129625872e-04 1.322372578455625837e-04 9.686519505445487590e-05 8.335976615530632473e-05 6.835272087564686714e-05 6.139040139211997466e-05 5.464116285413848705e-05 5.462792659920693997e-05 5.275642046402248021e-05 5.075944361986783660e-05 4.698642945664808666e-05 4.371346688382303844e-05 3.740666853775578143e-05 3.047752255763100607e-05 2.321468187444344626e-05 1.572432138721542856e-05 1.148418345220224160e-05 8.165856597143584820e-06 5.216149043336299233e-06 3.568276742798898938e-06 2.564798336785507746e-06 1.969154387876465178e-06 1.366262536209924617e-06 1.008885474551706251e-06 6.858876064258740912e-07
2.172236332795242017e-04 1.958075518755437083e-04 1.484131313633995318e-04 1.443327785436729165e-04 1.289962868228480613e-04 1.096777281315581946e-04 9.903774418832915895e-05 9.249442092486917782e-05 6.525386470493260986e-05 5.058687992952114003e-05 4.682534557814984981e-05 4.070409278517340631e-05 3.428997905528485238e-05 2.850863923588634990e-05 2.473299903601956697e-05 1.913880985952511968e-05 1.411162000267869282e-05 9.445935269369290684e-06 6.175273390237671743e-06 3.763692685294106886e-06 2.396647640317402382e-06 1.586870327757199640e-06 1.439443994425472551e-06 1.180154377764534412e-06 8.787896129357819543e-07
2.529428821781024104e-04 1.854094214468328492e-04 1.584750611328750918e-04 1.517223523341463642e-04 1.382165072146401678e-04 1.375327356416365524e-04 1.315606058343397205e-04 1.174320177700141215e-04 1.028322119831117222e-04 8.604913680256270209e-05 6.905410582091560834e-05 6.035314985658747611e-05 4.894706130129204284e-05 3.602183475399006523e-05 2.695220610307408983e-05 1.826617112781146317e-05 1.036102391848740069e-05 5.969272951354943644e-06 3.761826829965807237e-06 2.189821438881727661e-06 1.333497906955306678e-06 9.595816789047232158e-07 6.146255072446329610e-07 3.650499418033926460e-07 3.277817478118095837e-07
3.477549378844316079e-04 3.004817142404671835e-04 2.508198111292681345e-04 2.306523463550312712e-04 2.119349452463315864e-04 1.632249777408974764e-04 1.397136040855973492e-04 1.154689286940345565e-04 9.704302070446204254e-05 8.188233816251777651e-05 6.952830221037943170e-05 5.774692401307104651e-05 4.110772787494739236e-05 2.982643674949836857e-05 2.203471166803053945e-05 1.697902123946278921e-05 1.104383570769424183e-05 7.746457438085608191e-06 5.075288184274507970e-06 3.229461141842444276e-06 2.719881187752706556e-06 2.087706622018086297e-06 2.151935290426100347e-06 2.284605469356643589e-06 2.392042679823278809e-06
2.160232285935848723e-04 1.830573333325109862e-04 1.487944587108134729e-04 1.247998159782876871e-04 1.091446088707605293e-04 8.521080775492098050e-05 7.000087702559943596e-05 5.826825785994587797e-05 4.929022222171505286e-05 4.419958957375594012e-05 3.971291094633269783e-05 3.820952717344134063e-05 3.196101202040114829e-05 2.404967670425472789e-05 1.432159422495243903e-05 9.441271528553259667e-06 6.923093818434087513e-06 5.238219749222149266e-06 3.890931047625495669e-06 3.789186722414224924e-06 2.516938750499737742e-06 1.196173265921938806e-06 6.119172067329152346e-07 4.293466175004062866e-07 3.127004215554478169e-07
2.443831472630920553e-04 2.152637397152200825e-04 1.570396149476583454e-04 1.285975589616310927e-04 1.136707315455965208e-04 9.984759899707681464e-05 8.737403006961213159e-05 7.966235532980214600e-05 7.510094026588683440e-05 6.872520064236658924e-05 6.146916351163557750e-05 4.608941405291946540e-05 3.500894587386507327e-05 2.988887626102973891e-05 2.457990749023539954e-05 1.759874444597247760e-05 1.068479468534360046e-05 5.499174510077583853e-06 3.187318688605961853e-06 2.661041865139257457e-06 1.944873146764036849e-06 1.087515128097645318e-06 7.518441885092272472e-07 4.603503255289324542e-07 3.539717857590149503e-07
4.914434094474127599e-04 3.986901421149467023e-04 3.463092601163151457e-04 3.038916051723913468e-04 2.681949591884117768e-04 1.700875474333458600e-04 1.124316546347226318e-04 8.816115028729175145e-05 6.797898852195860347e-05 5.501077810472820905e-05 4.648896626111232783e-05 3.801045209208372326e-05 3.092639594075748393e-05 2.419469082752111633e-05 1.846244677260462004e-05 1.337317571911404434e-05 8.687655045686780387e-06 4.934944939471599602e-06 2.925079658586022989e-06 1.751061882352585996e-06 1.111398986890691977e-06 7.479719691261491884e-07 4.741674447896642621e-07 3.349020948749590812e-07 2.618916186517330015e-07
4.078686822406508332e-04 3.230660470330178340e-04 2.557468796622893001e-04 2.132489569640431124e-04 1.799218598837935238e-04 1.522783934881850366e-04 1.272656916811295495e-04 1.068644044140946861e-04 8.732899113236449590e-05 6.964491444908177745e-05 5.573199216225834879e-05 4.379812922123824581e-05 3.462347984131241267e-05 2.738490066666347735e-05 2.288403062379865255e-05 1.622796481619814870e-05 9.252811312984683540e-06 5.424553463630004446e-06 3.243259756538257734e-06 2.095805422255552687e-06 1.353553595081339686e-06 9.470948251724312104e-07 6.984785876478014820e-07 5.337246069537251874e-07 3.995318580775077448e-07
3.182708807713862721e-04 2.717059614904973153e-04 2.441341204895830909e-04 2.143423858449149263e-04 1.884415559996535379e-04 1.619671063982644965e-04 1.401960882592239691e-04 1.153371702824384831e-04 9.637160586522831038e-05 8.529956830841889045e-05 6.905628935060537652e-05 5.956356281296811743e-05 3.728489073274657154e-05 2.789516768336550398e-05 1.901122962484828833e-05 1.205525201290251403e-05 8.254229102079110761e-06 5.628401553042528885e-06 3.524456915488386891e-06 1.918170920660455391e-06 1.171947312651392741e-06 1.155484978146036659e-06 8.458260647190458589e-07 6.418768450927337142e-07 3.965905743757082374e-07
2.547021296697104501e-04 2.162000640705340042e-04 2.075744904596527106e-04 1.732366739901416985e-04 1.526304869085610581e-04 1.291183185625291452e-04 1.113277526606160425e-04 9.969594714032416444e-05 7.849736672911416212e-05 6.507334097905058282e-05 5.201220954343888444e-05 3.815613635038855221e-05 3.045873873424986749e-05 2.344300778380980989e-05 1.729382631068634345e-05 1.257683917792673932e-05 9.490489491435132806e-06 7.252129802657835320e-06 4.459746490038678623e-06 2.843827777908577148e-06 2.208228596888033852e-06 2.053731205509095956e-06 2.069130387193390778e-06 1.236063759676129911e-06 6.206481432860408848e-07
3.777101759981576308e-04 2.912593704973703975e-04 2.531028742592084883e-04 2.082369239743190291e-04 1.725069507958294703e-04 1.516547649959160691e-04 1.352084886114981554e-04 1.199219348627557499e-04 1.048939163706602616e-04 8.255734966964530560e-05 6.045649778511976997e-05 4.621442964783644135e-05 3.584246655516264748e-05 2.934427695097567440e-05 2.259021093298314902e-05 1.599983959081087686e-05 1.073827317194059996e-05 6.052810879719195413e-06 3.494411371728839887e-06 2.151309697753504388e-06 1.287488327313180972e-06 9.497997672836768365e-07 7.214236827804424196e-07 5.090341545558811807e-07 4.325565322574996271e-07
2.861755661738730333e-04 2.665655839301831983e-04 2.048135952969115702e-04 1.869941106322887633e-04 1.511665443016341692e-04 1.280510908644095678e-04 1.003762002342299290e-04 8.321268648999247185e-05 8.640006388620470265e-05 7.348750147705345544e-05 5.345018068909013280e-05 4.337353253785108308e-05 3.453310162815980902e-05 2.580890144412832473e-05 1.997140388576438744e-05 1.636306337345275869e-05 1.482322921099794678e-05 1.379256765418019998e-05 9.895383331824352731e-06 6.398571268726890206e-06 4.882025617729098093e-06 3.149197755590369965e-06 2.287885245292352460e-06 1.728499509082544914e-06 1.556656875249104989e-06
2.136924555219152724e-04 1.996553156419097433e-04 1.852403157146246453e-04 1.576485794078246220e-04 1.478400175219644777e-04 1.398968707286498575e-04 1.253410767817030166e-04 1.372159573143180884e-04 9.701015650280116437e-05 8.630030675946747483e-05 6.504659936362057048e-05 4.993065205268660287e-05 4.098206260105653558e-05 3.229075254825062804e-05 2.479780904574174725e-05 1.795551807178063180e-05 1.258831340058595679e-05 8.165844356482151683e-06 4.556022711853339098e-06 2.188637701951738463e-06 1.279824065100581943e-06 7.938555556354404761e-07 5.383708541248863759e-07 3.791346296375047802e-07 2.812531368267726613e-07
2.884402317052081849e-04 2.561611747868821547e-04 2.252791821514706604e-04 2.007924562445818667e-04 1.730108976838093653e-04 1.470501344810628381e-04 1.243385948133259413e-04 1.024135774049002702e-04 8.478411369729038605e-05 6.713432574411127521e-05 5.363761786514024439e-05 4.217891855418922173e-05 3.444524003609272735e-05 2.656089530613253504e-05 1.659420882330880429e-05 1.038482885052607302e-05 6.728543832187572701e-06 4.876860490184706003e-06 3.199329161689875535e-06 1.473113855669303937e-06 9.399472292756651814e-07 9.058594289453350146e-07 9.231130216125723338e-07 7.336908430228464784e-07 4.349099154694909114e-07
2.199428069309067671e-04 1.912086419469648810e-04 1.674638083069670061e-04 1.416375122844698217e-04 1.280135961881078972e-04 1.173067276132423807e-04 1.149855191195224991e-04 1.071680935933497599e-04 9.891375925581012598e-05 8.794879558889621453e-05 8.310315283588514952e-05 6.567880630927981850e-05 4.847677548777985508e-05 3.569253348562357323e-05 2.407861286081143873e-05 1.468989464820962860e-05 9.811059154830961161e-06 6.292563162564534432e-06 4.297430689852279019e-06 3.012541629976257228e-06 2.227237523603163578e-06 1.924402826390458929e-06 1.634876197471013166e-06 9.181640931758564627e-07 5.709070211495351583e-07
4.582403993945032591e-04 3.495659065916909111e-04 2.849304900365092798e-04 2.460845426330930110e-04 2.043020529562815683e-04 1.620941168937426748e-04 1.332934611758232913e-04 1.126324102619431127e-04 1.022562898036218738e-04 7.443696812172745532e-05 5.506861887284164727e-05 4.324327461506445217e-05 3.637363318022336666e-05 2.312861562359413132e-05 1.481650070870969838e-05 9.262751431444523909e-06 6.036419386914485722e-06 3.888845493567687941e-06 2.468030650919967070e-06 1.575190722233799500e-06 9.475100352550977497e-07 6.037055184142542128e-07 4.635692822055251900e-07 3.050251473788032956e-07 2.622355208827342203e-07
4.615091267773158883e-04 3.777697687307241719e-04 3.322807226502638039e-04 3.275988249607246949e-04 2.783224249807200582e-04 1.998514343543673010e-04 1.475471293895889296e-04 1.213120904269953391e-04 1.010076670236889585e-04 8.245807479751852303e-05 6.692750569506426524e-05 5.149234138529624685e-05 3.912527395296773512e-05 3.018754766857888427e-05 2.198517607473477592e-05 1.701466063157107124e-05 1.171829137315686123e-05 7.910213434427318288e-06 4.623533243986771640e-06 2.626553049360109089e-06 1.405008481643259321e-06 8.748048273220650199e-07 6.655750888117248859e-07 5.172593067507942133e-07 5.793436013853759413e-07
2.898474958656112451e-04 2.336322717012727563e-04 2.001523907791514601e-04 1.691828708775030947e-04 1.425762070159469178e-04 1.235656840272214075e-04 1.073042435662555311e-04 8.003945362287618410e-05 6.763327083905166040e-05 5.721224751331061535e-05 4.747909302389327309e-05 3.830027357658044601e-05 3.007023814469810590e-05 2.501782894132499325e-05 2.164551285224933954e-05 1.621899619049598607e-05 1.236836294217632565e-05 8.664916479371678900e-06 5.795450375794819204e-06 3.558309865011213430e-06 2.227247440465062771e-06 1.342532605793431291e-06 8.612128246535375289e-07 5.787998033717856253e-07 4.917658567541327210e-07
1.653559350358650920e-04 1.470080932822841993e-04 1.235251840650093897e-04 1.026098818863271136e-04 8.512736277508522694e-05 7.346734806636504337e-05 6.517908045520867829e-05 5.683721911933318360e-05 5.057828015253111327e-05 4.255327372359804522e-05 3.370566969305781416e-05 2.679212600879419588e-05 2.148193744580409884e-05 1.647214634467300049e-05 1.313769442911633704e-05 1.101932232852801005e-05 9.454994169417882459e-06 7.344215793154609699e-06 5.620985179377753584e-06 3.811625012880892828e-06 2.284648433522312643e-06 1.395641626741970836e-06 9.021245241256259250e-07 8.256142943672881550e-07 4.311266051543706326e-07
2.306166943911773732e-04 1.798476986624989360e-04 1.441054780960765122e-04 1.227356949654544161e-04 1.076082422639281199e-04 9.324217421945247609e-05 7.882522740683944450e-05 6.541562460997835940e-05 5.788436707982573412e-05 5.794146143521210207e-05 6.010151049865150238e-05 4.171308562961744288e-05 3.164108058994431549e-05 2.440812675404252486e-05 1.881326488965016634e-05 1.343878221322200791e-05 9.213747914565408400e-06 6.214234221582553777e-06 3.947556836616143442e-06 2.405948875438572130e-06 1.602565698479784232e-06 1.135225572246726893e-06 8.650182475555459275e-07 7.307586720096690536e-07 5.532201962711003555e-07
5.804695235866068120e-04 4.277521471445859514e-04 3.052912799950173125e-04 2.393790550107727786e-04 1.959093765835224197e-04 1.533364782842732809e-04 1.357339539921868657e-04 1.224248735673901564e-04 1.049300752052285463e-04 8.781513563540789243e-05 7.050004974019386265e-05 5.452763029648833665e-05 4.362928794248164464e-05 3.323444384513513176e-05 2.473243617072761429e-05 2.028737781630094396e-05 1.599176812382532817e-05 1.083665240973648709e-05 7.674918710560746284e-06 6.296124910919381099e-06 6.340667024847233631e-06 6.575939026547960769e-06 5.460783029406652513e-06 2.601071371497500124e-06 1.876990427790800218e-06
2.120220608948438249e-04 1.653791992289665796e-04 1.261670408705948588e-04 1.204130725942204982e-04 1.142016504631264764e-04 1.071726373523850309e-04 1.203752553906601024e-04 1.042490304046081228e-04 9.926681453296324871e-05 8.031253431327231010e-05 5.885843223847216484e-05 3.672120742030512356e-05 2.456881700812929111e-05 1.767604649830876865e-05 1.289522476667284661e-05 9.722773922188758283e-06 6.994962015423269041e-06 4.625484171376711425e-06 2.951296669619519161e-06 2.152689671725785752e-06 1.510146878826022888e-06 1.152493101430239842e-06 8.100046770266097509e-07 4.855846107638243794e-07 4.736192310034601742e-07
3.255674643451108869e-04 2.602574094252141216e-04 2.139676538194217189e-04 1.802381157700974656e-04 1.517234663239013794e-04 1.267128989214718888e-04 1.071111936762866764e-04 9.043443377880587954e-05 7.891362906959659303e-05 6.363065091057435406e-05 5.016275056027673628e-05 3.980557557307375614e-05 2.799325711212033584e-05 2.166441196705288995e-05 1.627470735610414462e-05 1.002762618113059589e-05 5.303972717149545767e-06 3.212407812391803886e-06 2.676654768281972994e-06 1.640427097332617275e-06 1.187749725714915858e-06 9.683856584527033002e-07 6.133787894330125121e-07 4.695163191966627592e-07 3.688823067735196515e-07
2.050989878783031069e-04 1.714486666530391844e-04 1.476599165825725807e-04 1.187226867600683618e-04 1.169177705957984132e-04 1.146197759472890695e-04 9.552857493836645778e-05 8.882906984014779744e-05 7.294333333140476481e-05 6.115649567968072713e-05 4.743968130362810165e-05 3.770379884531132664e-05 2.989608518997184696e-05 2.374189656884047257e-05 1.842376214877216288e-05 1.546523550926845748e-05 1.392492097661241767e-05 9.024359246118659279e-06 5.960061556704229757e-06 3.908582040572780843e-06 2.473574685862049030e-06 1.640907921784441735e-06 1.483623126822980498e-06 1.689412036714430904e-06 1.860895356004953802e-06
3.689381544654280485e-04 3.215800794425918490e-04 2.865869310494618353e-04 2.520605334154185206e-04 2.258461075348793087e-04 1.955533532772803977e-04 1.637809550113015469e-04 1.296684004888083686e-04 1.061041775697516265e-04 8.959054294030885618e-05 7.880627232718087009e-05 6.643188932001140555e-05 4.257161701813417306e-05 2.898650901066944960e-05 1.931014711327271507e-05 1.306774435868222789e-05 9.053463488007940424e-06 6.327253830181654671e-06 4.616302294658881751e-06 3.566667319382697337e-06 2.871171896892226651e-06 2.344076561350258846e-06 2.391629646586784055e-06 2.606513549606383549e-06 1.349783446032782995e-06
4.958521426146864130e-04 4.483317475513950274e-04 3.631792646079726183e-04 2.947285887160380107e-04 2.455184014390259179e-04 2.122251418138788046e-04 1.795066671883828685e-04 1.450852543474983420e-04 1.133384203769951680e-04 8.971438487944376075e-05 7.250034113475792058e-05 5.430240013524406038e-05 3.969976749377126195e-05 3.005631881045988548e-05 2.083032057955681962e-05 1.179033580781324182e-05 6.642171998647233943e-06 3.875219635794950527e-06 2.396317542584137780e-06 1.517852119372764761e-06 1.078079679416010044e-06 8.449249528393260476e-07 6.046790874966059497e-07 4.601172964017412204e-07 4.885687864979664645e-07
2.909000391827770010e-04 2.571987960815921804e-04 2.347290883395861160e-04 1.956427975411641814e-04 1.649965435472019483e-04 1.391670070380600940e-04 1.173961597842534949e-04 9.919501501081309639e-05 8.113955584079493761e-05 6.534097089452121378e-05 5.182822355238718583e-05 4.077513910816623136e-05 3.066665868910291640e-05 2.177609697467244591e-05 1.309995758095579431e-05 8.399336171656484644e-06 5.586894798982739281e-06 3.423443892906254200e-06 2.085757644717212536e-06 1.453021330429946702e-06 1.161706420161434767e-06 1.000854828611527145e-06 1.034051274898945519e-06 9.567761252355515982e-07 6.671284843214623694e-07
3.237602067722682836e-04 2.368953096086460000e-04 1.878631595984491215e-04 1.747841208202327102e-04 1.711787861236352295e-04 1.739150158275572732e-04 1.433546875154808220e-04 1.143589548888967593e-04 9.045743374398187119e-05 7.041883274607172751e-05 5.733950502288370890e-05 4.997261730806353469e-05 4.195328432460577995e-05 3.433564730378726770e-05 2.534129250551130484e-05 1.483026589133189817e-05 9.301399745043420421e-06 5.527753781090975349e-06 3.508718186913565346e-06 2.265040711150865776e-06 1.314122211552708735e-06 7.195130501317253377e-07 4.670031182485365869e-07 3.371381483773972422e-07 2.774190352674080355e-07
4.189490224152220255e-04 3.250919665736695815e-04 2.789235136861785403e-04 2.375988973700747303e-04 1.660638132853121008e-04 1.266526002460698552e-04 9.346354308695295477e-05 6.396812058235254222e-05 4.858347062253353028e-05 3.858658814834680387e-05 3.195556010420838323e-05 2.572161149756602640e-05 1.984261318939006276e-05 1.496381574415640138e-05 1.205282947986383123e-05 8.456583881648462942e-06 6.355039529595464863e-06 4.840405330804984456e-06 3.621089513415373431e-06 2.240643895744676082e-06 1.331742437758371876e-06 8.986422819537725663e-07 6.311236282675651427e-07 4.749903856121396604e-07 3.251268466707679792e-07
1.849691512650076782e-04 1.939641272423867134e-04 1.714112824359075363e-04 1.919240726760701324e-04 1.835942353664966962e-04 2.004839849134011057e-04 1.549247311234025384e-04 1.052488759783062552e-04 8.344457156082057329e-05 7.103001502424966928e-05 6.369306337494178418e-05 4.481745990834349957e-05 3.347083383656227330e-05 2.602525550727335124e-05 1.905027175477482020e-05 1.207631447289917871e-05 7.287209928053950804e-06 4.074528135743771804e-06 2.416146757728375207e-06 1.609408716341517395e-06 9.572524388472889382e-07 6.508817240281037816e-07 4.712444361843911592e-07 3.297986300274364644e-07 2.435234335277604068e-07
2.016568556560453752e-04 1.766172683570147036e-04 1.536414223710407998e-04 1.467068435528937433e-04 1.432913611792982825e-04 1.211708469746933904e-04 1.040671450781372121e-04 8.774082965468261162e-05 6.717094332931931703e-05 5.222600226726519001e-05 4.198822259150953359e-05 3.352530876815624063e-05 2.427600023847278115e-05 1.818810043231728103e-05 1.444918288200522792e-05 1.094669504583771926e-05 9.750684665245017244e-06 6.322998178011437719e-06 4.012177334419351231e-06 2.355871183506003442e-06 1.502336082769619450e-06 1.031535299239948160e-06 7.401710796446617807e-07 5.231688974733505599e-07 4.857777298924441507e-07
2.783172214630395694e-04 2.356731198058429450e-04 2.090566376087934532e-04 1.853305882347923807e-04 1.606330563153235305e-04 1.376562667162344912e-04 1.160401372510888379e-04 9.691285454511485581e-05 7.897242373616838865e-05 6.251136650693149175e-05 4.837137212814532334e-05 3.664301277271259002e-05 2.719719117306907500e-05 1.935810088055855895e-05 1.489113748348126480e-05 1.108828751399492502e-05 8.162941634530259839e-06 6.297575647124718746e-06 4.847792291140131093e-06 2.996076629144662030e-06 1.565477904256179801e-06 8.036959098317910259e-07 4.633092696546452218e-07 2.845097557460151189e-07 2.045269298063149844e-07
1.866709432979416297e-04 1.592197791106298745e-04 1.355025703618686472e-04 1.158732557839207706e-04 9.789485717518648397e-05 8.432821169167410127e-05 7.230506499505341320e-05 6.024137714989824771e-05 5.009209164132677076e-05 4.320024351237118301e-05 3.622292145200589066e-05 3.267232554034748133e-05 2.797518570534351037e-05 1.713849341976242310e-05 1.267695523278206144e-05 9.489344158126363152e-06 6.666385087083581015e-06 4.538948735590331288e-06 2.923260458620217806e-06 1.775937338131940772e-06 1.207918601502414562e-06 1.047343144719630434e-06 1.146900257523481355e-06 6.557093754312719561e-07 4.878674561393620365e-07
1.511579378198531773e-04 1.362111636301315128e-04 1.213448702113271874e-04 1.076330251424034359e-04 9.788313093134456727e-05 8.600101725680640873e-05 8.061156816491599848e-05 7.297827617564042659e-05 6.356179125867808251e-05 5.236566109532702495e-05 4.095039397250463669e-05 2.873071099001565942e-05 2.085214834438378368e-05 1.755743901650992474e-05 1.528349365801708883e-05 1.112033082789027841e-05 7.322025505585635224e-06 4.745130382541327735e-06 3.302592939748038779e-06 2.221114533485031706e-06 1.567166575962485643e-06 1.045915407667936406e-06 7.943839834031603587e-07 7.447946733872100986e-07 5.595369020302559422e-07
3.157171868614161241e-04 2.554435336186787042e-04 1.751526637323099508e-04 1.325644087648114415e-04 1.120843575619371777e-04 8.494300520041437523e-05 7.258264764448520492e-05 6.903829512710604765e-05 6.090691230486962516e-05 4.773537394967460057e-05 3.785783164552238619e-05 3.220456388422919845e-05 2.577915443244127992e-05 2.193605604672445281e-05 1.860441692580777509e-05 1.424211661455052896e-05 1.014979515672295576e-05 6.599465207845127736e-06 4.072001238918005604e-06 2.217990034674340123e-06 1.401615170812321989e-06 9.405640741030331485e-07 6.911934965944826228e-07 4.796097566435013653e-07 3.546346416026527124e-07
1.844010737471887742e-04 1.620611731614879619e-04 1.534922727875512284e-04 1.321334689887715278e-04 1.142998867406033335e-04 1.007893566455004587e-04 9.730938455575295003e-05 8.318769392170380480e-05 6.313187343270372899e-05 5.367032785123715866e-05 4.366443993381033590e-05 3.052372687888486733e-05 2.400950258952018265e-05 1.888710430435422020e-05 1.255512661648273113e-05 1.029252297508090196e-05 7.697099102346935260e-06 5.740308542333166626e-06 4.324286844263576713e-06 3.027006074981918071e-06 2.070380407412911921e-06 1.295628261095254632e-06 7.607893489872917457e-07 5.288220245063828482e-07 4.822166021921407369e-07
1.742735147749013792e-04 1.737043759490558244e-04 1.564926227418592108e-04 1.481502397047842568e-04 1.377107838026251610e-04 1.175689712773157335e-04 1.002023276220718198e-04 9.186009672637754982e-05 6.536605707745681254e-05 4.885945061985605983e-05 4.000165503851364329e-05 3.148063153719920111e-05 2.598705804086717371e-05 2.124249874047056110e-05 1.636544174362383422e-05 1.151574366766260744e-05 7.818699458660171271e-06 4.962350793350193735e-06 3.062493083889598374e-06 1.908437675041375645e-06 1.381903551537262751e-06 1.133339521418453459e-06 8.932327992875775861e-07 8.001378788731509388e-07 7.069299768701877148e-07
3.419942529908071558e-04 2.781102164425432828e-04 2.111057351314365245e-04 1.656348095883581381e-04 1.412686582406469154e-04 1.263961734534908561e-04 1.179376410626091715e-04 1.035763837316745815e-04 8.385229330269755512e-05 7.577144510433918615e-05 6.830237605335949731e-05 5.554824637257853157e-05 4.739550411087298216e-05 3.232529554437158176e-05 1.697840971740900292e-05 1.100662998939665965e-05 6.615862069890765250e-06 4.097631608532874193e-06 2.620850769145930863e-06 1.926995727016619416e-06 1.445807323155524121e-06 1.092094369163737504e-06 9.235765881505371570e-07 7.506796914654896958e-07 6.181557844649456795e-07
2.027489796440758120e-04 1.733732606789952575e-04 1.518659153690951082e-04 1.297383719027212759e-04 1.167294146169477219e-04 1.050691672905105660e-04 8.695508565075575809e-05 6.770754987483377054e-05 6.417751637569142522e-05 6.053982418794770525e-05 5.066178871581041048e-05 3.983532685331428512e-05 3.298479629873714866e-05 2.330973142316725168e-05 1.668703458821950029e-05 1.201940475243540960e-05 9.019970781555375605e-06 7.001502120011782091e-06 5.399099863661546852e-06 4.273022092097864164e-06 3.498341561166167028e-06 2.940549659563049783e-06 2.641794994755287107e-06 2.560625987828863695e-06 2.321728576110281620e-06
3.864090941271075769e-04 3.258362966784418796e-04 2.291529567169182707e-04 1.900840598315642143e-04 1.549274849271293922e-04 1.287086007998950788e-04 1.207430283484003881e-04 1.085958711475683340e-04 9.235776305743971385e-05 7.564740923053036540e-05 6.010621519276308756e-05 4.449282064483148165e-05 3.254110170062505256e-05 2.368167913088797268e-05 1.605246303754754211e-05 1.116858499274911072e-05 7.715836038022443367e-06 4.820359533022268602e-06 2.942760733615027851e-06 2.081741746655547530e-06 1.594135867479184216e-06 1.276676160906494569e-06 9.658021711423301951e-07 8.355688374372581276e-07 5.711644909575089886e-07
