1.540497962755126753e-03 1.367203973742749622e-03 1.177562803410294725e-03 9.989044729510096303e-04 8.257708682348857644e-04 6.678866453343645275e-04 5.255536025122035416e-04 4.017581131156304670e-04 2.984581434955155266e-04 2.114265288442969588e-04 1.435799707124241946e-04 9.854962697148271446e-05 6.280360076541052436e-05 4.170852902722383700e-05 2.835472484375703759e-05 2.181778668891842313e-05 1.646288221765416411e-05 1.302237106392260840e-05 9.303862569862725120e-06 4.754320578143438522e-06 2.602527659961932679e-06 2.169707103087913329e-06 1.423940020672958304e-06 9.527951837597920527e-07 7.828433181051684111e-07
5.329374105820689237e-04 5.147177885208747191e-04 4.263412126534439021e-04 3.521028798822488999e-04 2.932529637683870677e-04 2.542193135768073425e-04 2.218326512869582968e-04 1.882884771618799108e-04 1.590786364552155131e-04 1.294739016634563673e-04 1.055798770773775362e-04 8.830448698680559065e-05 7.160801812722577717e-05 5.682004562947737763e-05 4.221887166958687395e-05 3.058079207362462737e-05 1.965578428409613324e-05 1.103779968375012669e-05 5.597597018117227215e-06 2.889273765664758269e-06 1.729930873124060492e-06 1.132563808649769953e-06 7.613648449883864195e-07 6.215124107964877569e-07 5.527437017216625851e-07
4.559236096786558191e-04 4.341842451927934799e-04 4.049950794814106102e-04 3.598087313093298063e-04 3.180179768447301877e-04 2.833137858731283893e-04 2.271806367517178169e-04 1.747096872014021170e-04 1.414674554944625072e-04 1.145791092961953600e-04 8.924768839520117510e-05 7.043469531606970531e-05 5.955249697955101995e-05 4.701839148532111932e-05 3.670488387573249878e-05 2.802846886909521822e-05 2.140521630159134949e-05 1.622259232354572947e-05 1.345419049425359436e-05 8.836801117155848516e-06 4.441163307796575960e-06 2.359784482081842525e-06 1.308352186596092900e-06 1.061313071278037071e-06 1.198383724098528220e-06
5.570989261881801984e-04 5.402554235278203554e-04 5.002960487948760263e-04 4.511374981282925212e-04 4.210889410452203362e-04 3.810346405639162930e-04 3.307908935022839023e-04 2.829990368828974308e-04 2.285602910421494129e-04 1.797600846549516956e-04 1.329153474346470487e-04 9.729386319251317301e-05 6.923624445286421364e-05 4.735660936599275637e-05 2.588809377534875006e-05 1.217683590177640282e-05 7.092828796950086303e-06 3.965064320151276390e-06 2.189403489641222584e-06 1.758593670586579314e-06 1.569336672184101334e-06 1.427280592067766431e-06 1.064969256517554112e-06 7.814250067264774143e-07 6.493105732748201536e-07
9.502500511696092712e-04 8.799222113502291973e-04 8.175432605572942758e-04 7.493737862396871894e-04 6.541955540126296025e-04 5.525236529571604226e-04 4.619944367446403668e-04 3.734739824823008988e-04 2.666979156771901436e-04 1.841957172958957022e-04 1.320214836030923202e-04 9.496499099502769131e-05 6.194317782593952010e-05 3.716633549994875519e-05 2.184479903563023618e-05 1.412839591753983911e-05 9.520539024032797801e-06 5.345517989917754093e-06 2.772152223883919454e-06 1.562341635653456697e-06 1.184464765688679959e-06 1.594648403826701065e-06 1.708398563396156886e-06 9.473001674520494031e-07 6.097173023318569637e-07
8.849093559757197341e-04 8.169977306142339052e-04 7.298321531358275063e-04 6.571799731739771987e-04 5.770121185373653728e-04 4.835492490355613798e-04 4.047215522984876275e-04 3.355275629486831812e-04 2.730961545933220463e-04 1.991875735865385655e-04 1.375901957582990995e-04 9.078223362491609711e-05 6.047693265578176890e-05 4.038574539596242243e-05 2.599832474297641039e-05 1.653924677341116602e-05 9.596070497224100707e-06 6.410095658721898194e-06 5.421025023336742279e-06 4.504084094472141992e-06 2.314060650862937459e-06 1.178798260384769251e-06 8.372407141479700855e-07 6.155199019855397287e-07 5.046910129788279054e-07
5.876563554257251869e-04 5.204958206841375605e-04 4.708193774389523049e-04 4.353023115943029727e-04 4.098273349093651922e-04 3.772580626166571380e-04 3.428739720969715445e-04 3.039218029811301212e-04 2.454206880997821688e-04 1.964872125828843921e-04 1.550863739973876642e-04 1.120136927331956352e-04 6.920868437849798352e-05 4.370871152057944329e-05 2.170632723948397964e-05 9.198540651196672870e-06 5.308010276431001119e-06 3.264411798661756617e-06 1.999157654452643583e-06 1.289602756688028927e-06 9.845937308305039284e-07 7.787962602245977189e-07 6.802898186975061025e-07 3.894322038565341799e-07 2.862090270902857555e-07
1.183252751793840160e-03 1.087100122392072954e-03 9.377816689760406317e-04 7.829986396668823156e-04 6.536735491872056004e-04 5.325364460519809535e-04 4.315169808602831386e-04 3.394070943660091591e-04 2.671542365252451605e-04 2.099201582608291609e-04 1.502660361447770052e-04 1.015946684122608735e-04 6.451857345968312236e-05 3.919398228056742101e-05 2.250931049789445585e-05 1.309014240430916651e-05 7.816412275445163232e-06 4.266699894113983519e-06 2.202174486726799425e-06 1.290336571119087063e-06 8.626315404331513315e-07 6.216743544404954069e-07 4.302266046425011964e-07 2.841541867409666918e-07 1.977895241994261717e-07
7.924554008409346239e-04 7.813592131874473211e-04 6.769954479384315783e-04 6.103736084383708585e-04 4.945709948376312767e-04 3.998664190733892411e-04 3.262365157193888366e-04 2.575107466624403378e-04 1.991017241952034562e-04 1.526020390528607989e-04 1.170840036083244199e-04 8.718307904601162053e-05 6.095168005801594269e-05 4.539470036200168933e-05 2.976547737881066958e-05 1.993126613632697510e-05 1.279304934935014344e-05 7.795329064625751634e-06 4.289279113228719750e-06 2.196430733172271513e-06 1.410982594604210927e-06 8.545861586783102484e-07 6.921204406619184901e-07 6.325469687094327586e-07 6.325679296359333951e-07
7.193289801681140806e-04 6.486436351213804722e-04 5.790931975424581197e-04 5.090427309785110340e-04 4.385078246512614294e-04 3.700900470860010076e-04 3.046335834279232779e-04 2.531922882977874554e-04 2.080787789729739840e-04 1.579963184320367980e-04 1.172196498246519641e-04 8.473939353991135498e-05 6.155644657661905937e-05 4.648094709915774869e-05 3.167360787209442304e-05 1.829839737571485294e-05 1.038131664958448891e-05 6.080013386293115202e-06 3.776117748099890328e-06 2.201661146498460583e-06 1.425616565911095118e-06 8.849053339506276827e-07 7.134793447422629752e-07 6.516351523846133822e-07 9.599797383431134592e-07
8.385682772541076238e-04 7.137599802840707223e-04 6.139762471146401838e-04 5.358429803841482366e-04 4.608666599644291231e-04 3.949954081075008998e-04 3.342996485447947237e-04 2.717945899801488892e-04 2.128633683576514675e-04 1.680095756112283292e-04 1.301267114273062470e-04 9.099798459380750921e-05 6.110640039266891090e-05 3.623808704171846548e-05 2.123078319471732669e-05 1.242671760458937725e-05 6.538330117611941095e-06 3.106853673438126349e-06 1.646904253503252694e-06 9.467865400229289356e-07 5.802554026353508170e-07 4.023023195998533185e-07 2.968817907265022007e-07 3.266649542262737469e-07 2.174566902175822766e-07
1.225161298928895094e-03 1.081133702471124202e-03 9.436067969264323339e-04 8.251293958221363189e-04 7.088969942069961189e-04 5.934904719539484813e-04 4.778294805016040361e-04 3.828266069064449237e-04 2.967558772654590071e-04 2.159074107770996909e-04 1.413456798170937547e-04 8.586646914392055100e-05 5.199960128040447574e-05 3.022752917786307927e-05 1.722702482547551004e-05 1.031739087244329853e-05 5.743946229119218252e-06 3.010550517015613349e-06 1.644762544490076729e-06 1.112304139375117653e-06 9.371755964335451228e-07 6.282728442881691256e-07 4.667957383672878018e-07 4.178334573796461195e-07 3.723866794158460459e-07
8.529427772872707689e-04 7.771371426106744732e-04 7.094869007534730610e-04 6.188957981703643862e-04 5.158553983794595885e-04 4.330598579632689675e-04 3.695835840703533769e-04 3.032051181869002297e-04 2.428629181975613526e-04 1.903656536026642713e-04 1.444584843625651438e-04 1.017741055295359477e-04 6.769426710086200985e-05 3.988368764230064217e-05 2.317271011113565573e-05 1.330751331077653383e-05 7.222170837164727636e-06 3.862283302308154874e-06 2.109906670678473565e-06 1.417597110349107263e-06 9.804315596347817265e-07 5.749030885183266428e-07 4.367602960589179341e-07 2.869185044032726548e-07 2.430553076632557856e-07
1.086173669982312424e-03 1.009014899568712407e-03 9.032142028765795250e-04 7.770621571947471497e-04 6.480774894313700478e-04 5.394117525057122052e-04 4.401670582349344416e-04 3.437295167882835822e-04 2.648320597884854704e-04 1.970601514977841939e-04 1.407896640635925500e-04 9.384451863329049343e-05 5.748635594667421276e-05 3.611912761881078707e-05 2.318551825689581223e-05 1.497208826511585492e-05 8.465561917300102630e-06 4.230795613178972425e-06 2.335362680357741245e-06 1.322906097310439543e-06 9.106551204306566000e-07 5.985302602789145461e-07 5.222818434746335925e-07 4.887853713716280441e-07 4.235573124229743782e-07
7.895628952918338876e-04 7.459534606169111954e-04 6.657534838517707634e-04 6.012458120757728725e-04 5.268371279576087533e-04 4.313374934899363139e-04 3.622549896321930929e-04 2.908378647654836753e-04 2.280657920281157873e-04 1.696788027189705963e-04 1.235300876731630052e-04 8.887170996979376722e-05 6.291484638124385980e-05 4.410742207261804284e-05 2.983220893745769608e-05 2.003920354378768915e-05 1.185633901821993821e-05 6.901528845654558513e-06 4.293546551502986420e-06 2.307954708681078224e-06 1.338779499782253625e-06 1.083722975677229851e-06 8.024441445005925295e-07 6.033370575009823678e-07 4.680139843694884963e-07
6.700633799981084307e-04 5.616820756959355022e-04 4.777124237348776806e-04 4.200254686869177041e-04 3.778655401974192010e-04 3.353319048121384811e-04 2.764714593534045193e-04 2.272476664837482104e-04 1.818240439802132694e-04 1.414972477774202489e-04 1.044059746985858951e-04 7.887408604753678933e-05 5.867118583436668820e-05 4.133669494250680502e-05 2.997630449190153351e-05 1.895177167076653041e-05 1.290081799160622989e-05 9.165081082194822995e-06 6.699842273066709064e-06 6.328524843871842613e-06 5.475565950069007008e-06 3.108438994130901276e-06 1.441580110274896441e-06 9.661142057665556261e-07 6.078645178292129280e-07
8.627749753183546876e-04 7.599477939353554675e-04 6.231498214562077769e-04 5.484363884070030852e-04 4.780180322136386877e-04 4.132532153881092398e-04 3.526134331163439440e-04 2.904589599755991788e-04 2.338071408761232053e-04 1.812889502542628533e-04 1.277365119466319086e-04 8.870005798197046307e-05 6.274535519797950535e-05 4.240959308523723262e-05 2.512634600733639238e-05 1.320263887376495154e-05 7.651807231021547486e-06 4.917845066952853994e-06 3.250611968745676198e-06 1.743141285048343168e-06 9.615369895002382323e-07 5.924686244112444970e-07 5.544392366522130020e-07 4.174096127470746410e-07 3.964402202494540342e-07
6.078838593418883730e-04 5.486737101474858025e-04 4.952003512062520168e-04 4.400766620717291660e-04 3.944097011468340849e-04 3.483272471799961443e-04 3.010132451924145349e-04 2.488850315200731860e-04 2.049676748956099563e-04 1.556852834024904377e-04 1.206170497327634946e-04 9.266444338991742537e-05 6.588520570595900443e-05 4.296459099317730612e-05 2.489942147071795206e-05 1.319769090284514417e-05 6.992512035482996082e-06 4.094777897791267611e-06 2.290297893352350666e-06 1.368929243294590459e-06 7.523086843665389317e-07 5.690907745104814235e-07 5.946403944967938062e-07 4.966668684947496489e-07 5.611468913861199330e-07
4.528523392262713749e-04 4.101455331552747007e-04 3.743537938677328480e-04 3.495185070581763136e-04 3.174165707631799896e-04 2.808124828701338729e-04 2.416803420304508673e-04 1.956880326052616039e-04 1.541011653582176181e-04 1.237746481448981015e-04 9.963161042309243945e-05 7.575479156703718449e-05 5.970886477836715247e-05 4.541824576380350481e-05 3.302684221604820986e-05 2.134842114659141944e-05 1.394976019167413230e-05 8.317439869659522589e-06 4.547552744165908325e-06 2.506625818494602989e-06 1.643775199888761993e-06 1.267578943255547620e-06 8.909795281267124066e-07 7.033164938077698048e-07 5.478759342965996251e-07
6.217216278407851045e-04 5.479462294766432014e-04 4.877478593843519476e-04 4.292724328238611896e-04 3.802421171728661187e-04 3.373303244285782922e-04 2.865768837306033193e-04 2.321413897274383084e-04 1.890751643926915184e-04 1.516237119582876348e-04 1.188384810671514223e-04 8.299210473172968479e-05 5.840503678994931578e-05 3.867975502027745253e-05 2.451188981316176815e-05 1.500741999328882180e-05 9.994366765663547834e-06 5.388566562627393068e-06 3.199998083591997463e-06 1.973413213897356441e-06 1.318911601684197461e-06 1.009204205671078917e-06 7.496430727296425000e-07 6.744489236012721263e-07 6.468333571329587391e-07
6.586703353013331199e-04 5.785330139835164918e-04 5.179759657190091552e-04 4.699714645406336791e-04 4.378092016452012373e-04 3.855953400842483843e-04 3.202192563939144595e-04 2.610850070803303388e-04 2.029387142475528401e-04 1.591163956945583361e-04 1.212950743043673295e-04 8.782234311911794389e-05 6.409863103387362817e-05 4.228059464961214572e-05 2.720995200830293956e-05 1.666586183422843061e-05 1.011244127998420006e-05 6.494890914427030952e-06 4.752394981882560814e-06 4.692297771636212816e-06 5.104426113877842033e-06 7.365903007591401439e-06 7.506161972679758269e-06 3.983342086458531157e-06 1.454978069547409024e-06
3.131320981909036330e-04 2.822165885264536008e-04 2.901845080357663676e-04 2.666071335031377208e-04 2.409402391359199763e-04 2.201354126879685074e-04 2.104341055494243556e-04 1.824138720369100793e-04 1.599251715674613803e-04 1.375729072649039956e-04 1.170203456858483828e-04 9.480245095609865340e-05 7.385758017328786489e-05 5.224795836231511459e-05 3.186708367332020362e-05 1.841432323821748994e-05 1.077029731521687827e-05 5.982080782718705583e-06 3.400583412430849731e-06 2.304079812300341077e-06 1.653435078474348298e-06 1.050459713825550725e-06 6.712810794811263702e-07 5.981751507823332978e-07 3.395276596931417797e-07
5.626293441879402302e-04 5.798994242470034526e-04 5.683612844187183695e-04 5.118078755902739788e-04 4.335833779901980870e-04 3.858106591574059522e-04 3.272253728787875783e-04 2.741074507706459584e-04 2.213269025462949317e-04 1.748067944973785649e-04 1.343766747304722209e-04 9.342187728858228660e-05 6.191680672376300874e-05 4.245150520709458730e-05 2.822389835598990639e-05 1.649283876049506014e-05 8.675706416674794076e-06 4.738970306258051481e-06 2.961526917365095404e-06 1.761423052085763951e-06 1.106002517327578983e-06 9.057025000033859413e-07 1.102306088054852450e-06 8.320918571002143156e-07 4.435495350689333200e-07
4.596921700679835565e-04 4.174066924676154695e-04 3.830185941222901541e-04 3.607097511582872825e-04 3.351988927598491589e-04 2.903539291116629078e-04 2.417393968828921217e-04 2.003920438514264252e-04 1.664102752491581835e-04 1.336615970078701215e-04 1.077671768586894909e-04 8.529271166179428290e-05 6.330843536216009806e-05 4.387404475911458050e-05 2.875398171760714048e-05 1.720746402884571619e-05 8.884395483795204523e-06 5.928768124406749331e-06 3.537580281040535778e-06 1.897657660149134122e-06 1.158671220054576467e-06 7.578774371058692463e-07 7.295146088372135181e-07 5.621495475411199432e-07 5.040069843476943089e-07
6.632352168582010760e-04 5.963758642078453766e-04 5.438904905475102714e-04 4.704034833280412611e-04 4.057936193942444946e-04 3.517077772501417290e-04 2.763485673574036161e-04 2.227163145510224632e-04 1.887354053339717513e-04 1.504424297882497831e-04 1.131931163104742713e-04 8.620582470716877267e-05 6.488427652337674446e-05 4.685108487774489720e-05 3.201597086571767857e-05 1.661721676170469587e-05 6.655343441284293876e-06 3.752877717179971263e-06 2.349997502790448596e-06 1.513889152643965963e-06 1.094292603801601071e-06 9.657758044082817743e-07 8.084992784357166019e-07 8.232201204466398850e-07 6.116838986812065945e-07
8.824112404572170094e-04 7.936443804032104841e-04 6.995993416063710875e-04 6.092275318439302782e-04 5.193048291657009980e-04 4.425739674142563211e-04 3.813708574756456801e-04 3.142903825900733388e-04 2.547129840036614135e-04 2.023666775058983818e-04 1.483747443033620256e-04 1.134115070558682696e-04 7.082560609879886291e-05 4.216914190404929093e-05 2.575698378149543421e-05 1.609102617854505857e-05 8.608925977381605668e-06 5.402132704995089610e-06 3.404831429727649978e-06 2.412739563876671312e-06 1.525490374221858963e-06 1.283439719372303217e-06 1.199722383572207510e-06 2.868433358810335267e-06 4.362827924055507808e-06
7.537811719813851050e-04 7.042142507832623109e-04 5.923202859292011268e-04 4.875131091803426293e-04 4.230475220748101039e-04 3.764569720031933219e-04 3.170384421927580597e-04 2.585273147809089532e-04 2.092461180326037464e-04 1.607775522625769736e-04 1.151008353141407659e-04 8.392218423880846827e-05 6.075193777192640512e-05 3.901968529694836620e-05 2.345391927511561466e-05 1.301278884202671216e-05 6.954487638550144849e-06 4.488908152892119928e-06 2.390906219057749074e-06 1.352478190166476117e-06 8.454609423575536546e-07 6.376249710679483422e-07 5.998817778149189996e-07 4.331882820359251999e-07 3.527300318004003583e-07
6.657397194830263695e-04 6.144737655111753198e-04 5.550616775526882483e-04 4.840612858049137923e-04 4.256158041727737922e-04 3.738914355352558659e-04 3.317565988084978496e-04 2.719444796408178777e-04 2.162515130542236579e-04 1.680675953935567384e-04 1.251339277955810679e-04 8.338103192992230895e-05 5.891939280100187871e-05 4.186770533664781641e-05 2.941883703722185134e-05 1.979984457208580533e-05 1.276349429896638680e-05 8.269619515248298548e-06 5.330172908512763885e-06 2.802764638515122585e-06 1.711144031283254349e-06 1.111837892416951239e-06 7.789840123903312047e-07 5.306052519753961743e-07 4.209491066610534769e-07
4.307786350714116791e-04 4.092471626018099533e-04 3.666648792119590406e-04 3.394975987248464674e-04 3.196351091282904682e-04 2.924480373208152234e-04 2.512600153763831128e-04 2.111961795654755821e-04 1.712647224899910303e-04 1.404991987405123125e-04 1.115433235001593175e-04 9.261045847472408306e-05 7.041539221285329612e-05 4.625958358399868351e-05 3.004621990526617004e-05 2.153379738716792039e-05 1.298245161936289067e-05 7.103137588056873387e-06 4.402243438776749742e-06 2.381334160903463346e-06 1.494558133917211229e-06 1.280690499607075315e-06 1.123895509030687434e-06 9.226464594744948731e-07 1.045772947322675530e-06
6.112197631588576997e-04 6.254214149185162398e-04 6.328454841197388072e-04 5.985132188289760515e-04 4.957535386956057367e-04 3.961664100118113827e-04 3.398309442413529171e-04 2.998186579693672854e-04 2.392313675552344991e-04 1.844132642566179148e-04 1.213544366853106779e-04 7.972826316435983071e-05 5.072136577711162719e-05 3.135807661546719210e-05 1.951698020541390747e-05 1.185743837546284267e-05 6.622536791385526054e-06 3.952598630388359071e-06 2.295042103038742858e-06 1.439137082606714623e-06 1.118656420921241368e-06 1.053045982737029049e-06 9.590962479866533024e-07 5.856302691472384204e-07 3.601715447129716308e-07
5.225496546060475096e-04 4.788007876004380845e-04 4.618742966051951875e-04 4.416594980586881040e-04 3.991256904261391777e-04 3.391540635630894561e-04 2.924601807740966216e-04 2.666984772599877694e-04 2.048747573216053467e-04 1.526638978435243391e-04 1.124095928849253592e-04 8.176908028185662502e-05 5.952353352989676161e-05 4.079487514355310726e-05 2.781621250872741815e-05 1.849961485524261403e-05 1.035647365232852046e-05 5.520600748017115878e-06 3.657615156506824132e-06 2.003444704057110471e-06 1.148864123714085097e-06 7.630819014732992882e-07 4.553610010032436604e-07 3.118209843593247351e-07 2.939606090010083981e-07
7.063803345341353613e-04 6.259073171024353297e-04 5.381036519348181496e-04 4.649295191574685272e-04 3.942831458121862109e-04 3.314515509618305429e-04 2.688093144844431602e-04 2.222530326395008311e-04 1.889285033435601281e-04 1.617952390353330906e-04 1.231710931869758397e-04 8.957839077417193417e-05 6.430678534814307534e-05 4.551539972115762922e-05 2.942326601158925080e-05 1.946876072855356282e-05 1.213251963585549021e-05 7.101608643315431704e-06 3.329144846331170686e-06 1.809971691255295883e-06 1.065447499529522893e-06 6.385432407051846272e-07 4.496520626918486980e-07 4.293626394477972740e-07 3.323698432543757108e-07
8.023022618882995295e-04 7.596478609579145665e-04 7.034133614314614291e-04 6.027094804182117150e-04 4.899926346493467142e-04 4.082051795036648338e-04 3.350295337035186422e-04 2.720788123194625425e-04 2.163337886929020881e-04 1.666074938883949021e-04 1.232685935293202553e-04 8.844933207458406438e-05 6.029268809114840240e-05 3.779482008499882869e-05 2.376051577640101613e-05 1.444579192278096264e-05 8.019127257801397457e-06 4.105887877370806364e-06 2.311091557028348883e-06 1.531912874229023528e-06 1.360986996452455164e-06 8.198079687778706633e-07 6.590967388469492944e-07 8.142471718766936954e-07 6.020926382659352059e-07
9.046473869964505787e-04 8.151812332620274239e-04 6.975554721166116320e-04 6.067634652918677159e-04 5.313858825469406884e-04 4.569190709141096205e-04 3.797177924443672975e-04 3.092386786128430935e-04 2.356050174617831095e-04 1.775401080467192065e-04 1.291098038271082285e-04 8.969186392614174493e-05 5.973361793213073569e-05 3.814519381516589690e-05 2.414545071562882068e-05 1.429218560865915556e-05 7.556399125777548594e-06 4.197176392692241212e-06 2.839687834166181740e-06 1.973409431720358364e-06 1.362860669890697344e-06 1.224710728632607887e-06 8.482609353348157695e-07 5.122629010615783927e-07 3.364282227745810424e-07
1.037233009860514133e-03 9.415718111364549748e-04 8.147243757783441658e-04 7.047314673262114731e-04 5.946853105386213636e-04 4.977973631407038319e-04 4.074760752638238053e-04 3.256932977910856819e-04 2.571516824986382305e-04 1.964430042263198178e-04 1.412632325017866011e-04 1.002992689319285078e-04 6.462709121529209080e-05 4.121370551831487149e-05 2.648708609976946731e-05 1.604021273295630040e-05 8.154077046945348433e-06 3.595638940963331148e-06 1.816846763091760592e-06 1.259453376985448119e-06 9.051382109761049221e-07 6.216185712373867355e-07 4.786984829930779090e-07 4.115435903619875677e-07 3.240285462752796630e-07
4.824723233189684522e-04 4.457448860967000090e-04 4.157421945212078215e-04 3.872107733351449728e-04 3.435172094522025957e-04 2.958295735114196729e-04 2.510648988705617576e-04 2.117371263328294336e-04 1.788314039292613321e-04 1.489834706692159158e-04 1.162750686131256729e-04 8.374059265208636351e-05 5.749837404890431505e-05 3.796218625400156108e-05 1.957308728708060958e-05 1.015796270684877022e-05 5.860143513378775130e-06 3.151828182833745538e-06 2.217410064278922677e-06 1.719927177534754187e-06 1.392725130817982385e-06 9.981047278576055251e-07 9.206002208242119495e-07 9.532349464924515766e-07 6.847027162208289958e-07
5.582684323220129348e-04 4.799360138763976782e-04 4.236983867724442260e-04 3.944714581841258648e-04 3.579035058746180388e-04 3.304173781538396267e-04 2.885257230087509930e-04 2.379461757056002718e-04 1.989984768379469298e-04 1.601931172125529393e-04 1.203276058814802289e-04 8.747216113754055858e-05 5.897312324136218991e-05 3.836904207100805232e-05 1.915498713368940541e-05 1.029615373244225377e-05 5.876809784393723066e-06 3.145969177265972083e-06 1.943929219497420458e-06 1.452352484335392082e-06 1.151121054727010508e-06 8.693330640876717881e-07 7.642473248416641993e-07 3.159609290698053219e-07 2.148061949524254587e-07
4.837088766088889504e-04 4.435656172740381846e-04 4.115960058642104515e-04 3.606415465847261342e-04 3.150218204466047702e-04 2.950464731248809416e-04 2.592837166546462890e-04 2.164400174336905940e-04 1.768337127352042628e-04 1.404778196407163455e-04 1.134945317471849885e-04 8.891095141782917827e-05 6.072694896173113646e-05 3.226517578917334868e-05 1.817899748382380498e-05 1.064960959782378237e-05 6.318598175985764872e-06 3.744183319028147146e-06 2.146896638794928583e-06 1.268134128864242016e-06 8.891690765553123093e-07 7.540829730417249204e-07 5.394776199229673361e-07 4.433715242464025743e-07 3.745765080849599937e-07
5.313468883618112284e-04 4.879546056740302683e-04 4.520618577009858307e-04 4.072317992546085463e-04 3.606123576284297008e-04 3.105291968108269481e-04 2.580128812682943511e-04 2.267626097130229440e-04 1.935055264907820810e-04 1.547083886780407989e-04 1.096174861621751782e-04 8.773060062821873956e-05 6.743801609115973649e-05 4.658376553119018078e-05 2.776216292721478618e-05 1.637303614180653493e-05 9.682990111853979993e-06 5.708883562975678586e-06 3.510797000500892551e-06 2.564006035520087452e-06 1.581958679047939509e-06 1.197225100851635030e-06 1.129889817308135538e-06 7.815000270405646679e-07 6.122419203051243079e-07
7.346168020882884757e-04 6.426321815434848581e-04 5.520394474873115739e-04 4.754728265480222499e-04 4.051145360331695499e-04 3.458694265876095342e-04 2.944135385008599397e-04 2.477005646579496872e-04 2.072895453469414742e-04 1.663439652207230940e-04 1.228503416437498890e-04 9.483988846737964140e-05 6.676668145560806541e-05 4.739267612266996648e-05 3.093304531425967232e-05 1.780027403799177416e-05 9.876332492054645817e-06 4.632013496149980431e-06 2.584029255853401876e-06 1.634376989110371607e-06 9.484545049001626976e-07 7.233173073942433521e-07 5.641464073855575610e-07 4.695880926467171979e-07 3.994854742268379965e-07
4.736800732373759940e-04 4.287405727127392035e-04 3.886936598053389595e-04 3.447037317143293957e-04 3.030924964848368897e-04 2.652652828380385689e-04 2.284667843299254474e-04 2.022534974046012615e-04 1.664647820738978951e-04 1.368650020016657992e-04 1.173465130070126545e-04 8.464851928697391520e-05 6.127284913819200363e-05 4.365465661823334973e-05 2.823800818599263456e-05 1.707831545433480161e-05 9.260247901001800676e-06 5.970754804986890397e-06 4.392402121550843355e-06 2.868519768032774953e-06 2.475290904636472708e-06 1.828940125595979100e-06 1.231063225756881390e-06 1.123070507659056798e-06 7.525467618365701865e-07
8.544606323775116039e-04 7.117906414341962449e-04 4.913872722607804657e-04 4.417364594447880689e-04 3.433001254009331233e-04 2.995496712522338926e-04 2.636653686010008543e-04 2.169147064874739003e-04 1.790079855005601342e-04 1.451353445493835026e-04 1.118853617476257275e-04 8.234309244727980597e-05 6.321600889474176740e-05 4.870140766084057047e-05 3.082845200359970035e-05 1.658073012280152284e-05 9.392627617431112020e-06 6.281867113852366262e-06 3.969190214395303835e-06 2.135771666882237623e-06 1.394750492388346557e-06 1.021575135278723815e-06 8.731028059764067086e-07 9.949141596966702050e-07 1.175861886379364518e-06
5.451794590366972363e-04 5.130736166787726749e-04 4.909041771810406874e-04 4.638905493653182159e-04 4.289847041798780210e-04 3.523685877020583902e-04 2.855539540504111232e-04 2.508067059549697855e-04 2.098757748606104275e-04 1.592863830158683901e-04 1.203057374163005291e-04 8.132361989447046545e-05 5.477829300091450879e-05 3.401042140560452500e-05 1.921238056990708185e-05 9.965379453212181988e-06 5.769355528071883257e-06 3.311818624192267165e-06 1.856665006343099011e-06 1.204072744631487900e-06 9.098878534491499644e-07 5.937695869996583676e-07 4.135300736610575707e-07 2.933226240875674024e-07 2.247181870882841308e-07
5.088540208080454897e-04 4.066863203712074975e-04 3.722072281294783029e-04 3.310288352938456228e-04 3.076588408021249600e-04 2.842154395397603712e-04 2.423828560339469861e-04 2.086219651409850970e-04 1.790462512101959622e-04 1.396329613812740626e-04 1.116461630765680995e-04 8.598393138077543504e-05 6.276011841781858967e-05 4.595113245810728876e-05 3.190580121183216392e-05 1.968018495166365560e-05 1.158415006115659351e-05 6.951914104078238537e-06 4.254409182941860762e-06 2.765307035426578308e-06 2.011013572041567288e-06 2.128884773023045429e-06 1.871083431281141142e-06 1.234306681108489433e-06 9.976096517993322360e-07
5.373165941912728212e-04 4.766903266678746537e-04 4.193077378552764463e-04 3.689674851094201834e-04 3.219234864063848971e-04 2.748079003932961764e-04 2.485437503954893938e-04 2.153094915669510521e-04 1.717985603321008385e-04 1.294393777202993930e-04 9.865521692979073681e-05 7.397246652667500077e-05 5.323278694658030262e-05 3.922813251160185461e-05 2.788725303365522233e-05 1.673552532105014007e-05 9.890164861930573364e-06 5.380122031288120308e-06 2.843057018310845929e-06 1.533477630400124147e-06 1.061690238519705842e-06 7.662667785961971139e-07 8.314164353278828554e-07 5.453153952205300437e-07 3.333747655165770721e-07
