6.976072031389278158e-04 5.795673140514644292e-04 4.870922746491825246e-04 4.282641714748458561e-04 3.886397520124323913e-04 3.508877736534260754e-04 3.012077820582754030e-04 1.927219389719143569e-02 2.157703257794553627e-04 1.603852389551723844e-04 1.389934106654477626e-04 8.698728749884432408e-05 6.839004067132393484e-05 4.895554388170293421e-05 7.917753188985883830e-03 7.421390229224282282e-05 1.541505619351864372e-03 3.110262012043019174e-04 8.473106542645614909e-05 3.742756539153993447e-03 2.367895451277588230e-04 7.312279836118386637e-04 2.235930204004913941e-04 5.695271575796222348e-03 1.276715283728540543e-03
4.219139690500130278e-04 4.021632644201251507e-04 4.827842651168811846e-04 4.359084845590613204e-04 4.155862931777167652e-04 2.946900337302028341e-04 2.299877631547602981e-04 2.128405768788858355e-04 6.158889975199570259e-03 1.303882799524225440e-04 1.109441982921283366e-04 8.586647450215613474e-05 7.370575791455077561e-04 2.923937886361200082e-04 3.812844518531111922e-05 7.303468066619146640e-05 1.471338670075189332e-03 1.851334478185483233e-03 2.964351232321205294e-04 7.726331951710559663e-03 1.301898928304643776e-03 1.218297805836063155e-03 9.367097057973705057e-04 8.238649914947000340e-04 5.069319720501274176e-04
4.435363662649094776e-04 7.227319599733360691e-04 3.840349645103146637e-04 3.891379788527605773e-04 4.033580194648092501e-04 5.109553490946192088e-04 4.695581085594036736e-04 4.425787189169189464e-03 2.356794699418012710e-04 2.005222282084335843e-04 1.608319719097867063e-04 3.336096868888217132e-02 5.702016108182395189e-03 6.592617497521806303e-05 2.253368068507907685e-04 9.872824279038004171e-04 6.905164947464236121e-05 3.267624269145414241e-05 8.978424729937991167e-04 1.289753388496720602e-05 3.216030518059603501e-05 1.848378611563193663e-03 7.636953863512896748e-03 6.096081132085647914e-04 8.826364108188081495e-03
1.521246167335558574e-03 2.106033079170782554e-03 2.080474179933475797e-03 2.993972924204336885e-03 1.565801871638199680e-03 1.997393757801194276e-03 2.886345819605824954e-04 2.331358902468073262e-04 2.278988297129357055e-04 1.504335579213809167e-04 1.824962267226391257e-04 1.104046495027205771e-04 1.882753820230581077e-04 5.743909657030540574e-05 4.075446266756192613e-05 1.768018488505705937e-04 8.661475395471956041e-05 7.665769372563935227e-04 1.286324496696261376e-05 1.838899426670018516e-05 3.959042508895790598e-04 3.507308311154341222e-05 4.602620943077106400e-04 7.340709177158489217e-04 4.182855740866582139e-04
3.913813302189179640e-04 3.313172267584414232e-04 2.829583566032949451e-04 3.006497573007189342e-04 2.529244753024701992e-04 1.874397155182418704e-04 1.685069932960752087e-04 2.585201905702756904e-04 1.767099051141862286e-04 9.496367661850455705e-05 7.327979002131724629e-05 5.863059005428590792e-05 4.741189674365326882e-05 3.750693983295388918e-05 3.126056472482693509e-05 1.900728263280556285e-04 5.929085195885361325e-05 4.719938786710709130e-05 1.503803785269171745e-04 2.118313056946400101e-04 1.652881314856057384e-03 6.293957458697615678e-03 6.485981038269490045e-04 6.782754013947153379e-05 8.046422426230668721e-04
3.362685863536896960e-04 3.198841273024679265e-04 3.195193529142774879e-04 2.453682546853173637e-04 2.452151034206622414e-04 2.781203807096274791e-04 2.698147798693447232e-04 1.729256470976724450e-04 1.275600165409829711e-04 9.806504575210123523e-05 8.231930187364986577e-05 6.686723691881824505e-05 5.309667326312011466e-05 1.036871701077954127e-03 2.126729794882766867e-04 4.278313321125746144e-05 3.728910441482011858e-04 2.534956634899500520e-05 9.258515102913693774e-04 9.253728503367163400e-04 6.097042194294792820e-05 1.014209338701310074e-04 5.514056090961722998e-04 4.518994926863835709e-04 5.891097901965237883e-05
4.060709482793507449e-03 7.408570502050057733e-04 2.724785935826187560e-04 2.265904362067488196e-04 1.961254672592832235e-04 1.690859968849195817e-04 1.510094745970139683e-04 1.361288182033206428e-04 1.235122093457248027e-04 1.137382058605789100e-04 9.132085932065350700e-05 8.021346453241395857e-05 8.448984391790217768e-05 6.562849252953267755e-05 1.397477058930817416e-04 2.348785362274302669e-04 2.383302824678469947e-04 1.878602249495119330e-04 7.273386825928140399e-05 1.638266653937882182e-04 1.807723059301780783e-04 2.375024361791521811e-04 6.767019218623429025e-04 2.707693338142313252e-04 4.503295891624222087e-04
8.854977133660675613e-04 6.135745958714927499e-04 1.225894577569471792e-03 4.992983793219128719e-04 3.739187603111438982e-04 3.189760688869995695e-04 2.650661681344985651e-04 2.426843896007016988e-04 2.070621666502448638e-03 1.252611998498274776e-03 1.285499887706305767e-04 8.024513305639045151e-04 7.301035247989614890e-05 1.904614139301449393e-04 1.247833816299977975e-03 3.215396221786058083e-04 4.030551475073514763e-04 5.802441627179539348e-05 1.405631017507350950e-05 4.012015145910897800e-03 7.710863884445545539e-04 2.855591909173856198e-03 3.699606181540084429e-03 9.789789902197095373e-04 6.281036734957008054e-04
7.834144083532788893e-04 7.741004264141893368e-04 9.871756139531223575e-04 4.824268662283797077e-04 4.109788321655532032e-04 3.509213079890515495e-04 2.982748264244306901e-04 2.514453176540128372e-04 2.114844532104037591e-04 1.728479063004602779e-04 1.311159426924671180e-04 3.807982709251790015e-04 2.218374238084261081e-04 2.106580940239888376e-03 4.739008463734339027e-05 1.315220944621495745e-04 8.310689516382879121e-05 2.753831866770036104e-05 2.062869236588639032e-03 1.361926587171057891e-02 5.797595063336598450e-05 5.823379833486213263e-04 8.171189865203498182e-04 9.049161744551292375e-04 3.194479907651422840e-04
4.811706629938006501e-04 4.334787703084140055e-04 3.940953828381566436e-04 3.498091586736837549e-04 3.093588105621228215e-04 2.800724059688527437e-04 2.434944908412320494e-04 6.135139331740669831e-04 2.220193732361266600e-04 1.750844506771671275e-04 9.490895445349308707e-03 3.472249775324564376e-04 7.374693620119707302e-05 6.086221529138209976e-04 6.137137713935669672e-04 2.990819857098734897e-03 2.030699796224829219e-05 1.260561007486189940e-03 3.905776650117811274e-03 3.033789908971383032e-04 1.224520520478884376e-03 4.788263374775852781e-04 1.041758515985514132e-04 3.652072966121805517e-03 4.115290935235773337e-04
5.442113682157216289e-03 2.721698222704552889e-02 1.846394862440247807e-03 4.883896460517200278e-01 8.711258430004886885e-04 6.474707859951435700e-04 7.597850126608594878e-03 6.873715247958303706e-04 2.004913033752050294e-03 6.316867037971610199e-02 3.211235870060589331e-03 1.038846692365891705e-04 2.039506337172383287e-03 2.062865245377553444e-03 3.991478281953391778e-05 5.916222278230775502e-04 2.034150717646129457e-04 1.124038025993780182e-04 1.151421733901366362e-05 1.891578825865419334e-03 5.755376188748228508e-05 4.082451567613372607e-04 3.444376246064058313e-04 8.246389890733939209e-05 9.821378271437570303e-04
4.652256806439868109e-02 5.939261470778991331e-02 3.838298581484155259e-01 2.430223105091181696e-02 7.170557540611867267e-04 6.464200037486447130e-04 7.287918065722153848e-04 3.970232778142998684e-04 2.235397510185522813e-04 2.206021779108888799e-03 1.643207473124275913e-03 1.209488427306102656e-04 1.468907584098167168e-03 8.275219171240634844e-03 1.587148548091884192e-03 5.772760605136447072e-04 1.291506486247761447e-04 6.640747609483419259e-03 3.960512624625796632e-03 1.913503172863082998e-04 1.588593448178775844e-04 5.704215562250573385e-05 5.990053936041485707e-05 6.696563771054446631e-04 8.554767882034664504e-04
4.498539474959553641e-02 4.864234585932025712e-04 5.437035806329817804e-04 3.508994152556525661e-04 3.208023284833452565e-04 2.961026507266648999e-04 2.530428673621118018e-04 2.099028490199794129e-03 3.599847050216532958e-04 1.914742794741840465e-04 1.233954434951573670e-04 1.002057839316997947e-04 7.031524076337082206e-05 5.667241359049142658e-05 1.125526583605713409e-03 1.626834486032333049e-03 2.384136842852727754e-05 4.745282236958267216e-04 1.797876489623235954e-04 5.925930339655339271e-04 5.680739564608699175e-05 8.345640582219185930e-04 3.793207659187773423e-04 2.406036422859061962e-04 1.445525375518928312e-04
4.304259863531669623e-04 4.821176057797284687e-04 3.858616140129473497e-04 3.353840031311814437e-04 2.763464527702271943e-04 2.684286763025424231e-04 2.402403627745892218e-04 1.873643419456245702e-04 1.491124065813387376e-04 7.662623525857767404e-04 2.687273387596649226e-04 2.523331061443848458e-03 8.368596038291484576e-05 1.343006822207844231e-03 5.858514352786209665e-05 3.187381566118053621e-05 1.873328513449533167e-05 1.284886330012894741e-05 1.176801470559940382e-05 1.426549901801365671e-04 2.241187706095567751e-05 1.048879829111650170e-04 6.720645358245213577e-05 5.735109492792776374e-04 4.492525733810448204e-04
1.327331900953309740e-03 8.908609836908873642e-04 5.313906814066721553e-04 3.744629061286484538e-04 2.952243681171923999e-04 2.438521457388634914e-04 1.833199898410242342e-04 1.533348084791630176e-04 1.287108197240892588e-04 1.091933778834181564e-04 9.340367318951090393e-05 6.872124294598141525e-05 1.069836240279825016e-04 4.698565259775555728e-05 7.080256642676058037e-04 8.371154726162234301e-05 1.196851736916183155e-04 1.080064487954936295e-05 6.023661444802451835e-06 9.133259562507601361e-06 1.617628969398964337e-04 2.847386541981309260e-04 7.333397428614432103e-04 9.183348291623228202e-04 1.164297137795890431e-04
2.508491697756862898e-02 3.808443675581863787e-03 6.324454167330373702e-03 4.421874259577876672e-03 6.109492178167800179e-03 8.291433617241999229e-04 4.221171968294305105e-03 2.061471034499582386e-04 2.043847199243547228e-04 1.270616599856204984e-04 3.444321245556576129e-03 1.511577849953827594e-04 8.543737811486758411e-05 8.355515093963949893e-05 6.058503301662074520e-05 2.952649325126531932e-04 4.266113365789629143e-05 1.719181309256674595e-04 4.635369315255950654e-04 2.810859827296569111e-03 3.862226380956043257e-04 2.880269066399161748e-04 3.256038921257984123e-04 1.512050104441464184e-03 1.410427159513817858e-03
6.876836430275615588e-04 6.360580067251645885e-04 5.581119162207178082e-04 7.728356160667696840e-04 8.655614920762466549e-04 3.412497876486463499e-04 2.244076658002831868e-04 1.978043107706350208e-04 1.703002805870463740e-04 1.826711502953746969e-04 2.130164942386760624e-04 1.348465571270377166e-04 1.080148164318098258e-04 6.528360027670662615e-04 2.365899056019364361e-03 7.999317579445010078e-05 1.345215248214176509e-03 1.134198512970827771e-02 1.205681880125562822e-03 1.924924670604006560e-05 2.273659976471869106e-04 1.687845124089970171e-04 9.294568141466546878e-05 2.982072630618654084e-04 3.264005184453055639e-03
5.445402924860583095e-04 4.818180889976701417e-04 4.240814651607134221e-04 3.733712760567915213e-04 3.266939975032666973e-04 2.794440552107846777e-04 2.754465351314977148e-02 4.441192639442019356e-03 1.029278218603217132e-03 2.490724794864646692e-04 1.245813524663836268e-04 4.617987012750677731e-04 6.093550452099639694e-05 4.613556110437584418e-05 7.782231573265020654e-04 2.811482931857256420e-04 6.013340073793289723e-05 2.118510278737421480e-05 1.817708053880259201e-05 5.247756687177951538e-06 6.747689732143555546e-05 2.530355430401670658e-05 4.875682226600294190e-03 1.558517809224711044e-03 7.127062522662623665e-05
7.934569031608910191e-04 5.461233004587049290e-04 4.887164253031837718e-04 6.027004938291001838e-04 4.112895237516176611e-02 6.490270360631535942e-04 2.593102319329830280e-04 1.990872953350661628e-04 1.680325355981412841e-04 1.375019375627353172e-04 1.053820762410729591e-04 8.848917942078923316e-05 3.718676187224149456e-04 5.068797978800109588e-05 8.288845123954302315e-04 5.439716623346091146e-04 2.305122176118138680e-04 3.656277735347560255e-05 9.163078329295129193e-06 8.463458867718990706e-06 1.595810705655877938e-03 2.871118988577772544e-05 1.394300229702012195e-04 1.415991224733309560e-03 3.076380623109008488e-04
4.861475510263059971e-04 4.085553856845696840e-04 7.129395466347316192e-04 6.278866658906114484e-04 4.111144334235800881e-04 3.469632551754391471e-04 2.272613369218133160e-04 1.922452422832819923e-04 1.648050236408813178e-04 1.346789779841493393e-04 1.822622702041958075e-04 1.947976436872747585e-04 5.273341023826521234e-04 5.675028281809988253e-05 7.277705657596209889e-04 3.251325834114227997e-05 2.107923154196832688e-05 8.009946148072779725e-04 5.041221992471394265e-05 1.907321846596036238e-04 1.359656613857824754e-05 4.217615786300426020e-06 4.154338880322972112e-03 5.275090181794147952e-04 1.462988547409668891e-04
6.241387813046992078e-04 5.532951880903830928e-04 4.936383699415379262e-04 4.285066929241599927e-04 3.672063864862325244e-04 3.138166611399837618e-04 2.698936247584290179e-04 2.355774394495118254e-04 1.964653654264179633e-04 1.623924032414512432e-04 6.619465062632029712e-04 1.810198647965138635e-03 8.423760161190100302e-05 6.895247190956662123e-04 3.069028912917602311e-03 2.742441454823464782e-04 2.233203826987049029e-05 7.037569330891898600e-05 4.085906106863503549e-04 4.764881746286375144e-04 1.140755097893649157e-03 3.858429224717176343e-05 2.778803661279049468e-04 7.206968102452151591e-04 7.913042500111644928e-04
3.778693186331042678e-03 1.066376002115244775e-01 1.292268640138989275e-02 1.407797573775715870e-03 1.844080624819395336e-03 2.593389979933562531e-02 4.093634777844003042e-04 2.055722198208529837e-04 1.376097060991960026e-04 1.113610001125852950e-04 1.544269173305569138e-03 1.984384623721021127e-04 6.418809267719831693e-03 3.611010598106049389e-04 1.768630925076691883e-03 2.554635353949154171e-05 2.402601295954327808e-04 5.609984250273895509e-03 9.946420357557915926e-05 7.199213950830074277e-04 3.964029725825616505e-04 8.559597117859915247e-06 1.387285140875883479e-03 3.143306094722312359e-04 2.216074197388762730e-04
1.464102196755016037e-03 2.204692106951845667e-03 6.279488736032705874e-04 3.407553268283791247e-04 2.586666415636930741e-04 2.870394828240487007e-04 2.133329084542798433e-04 1.910116780369500362e-04 1.465085395633462058e-04 1.137292990592863223e-04 9.929070672855102653e-05 1.255386218231779264e-03 7.853510837765381117e-04 5.599248102116129167e-04 4.437748126007928578e-05 8.370260762817990658e-04 1.303285923640695992e-03 8.112517990432938948e-06 6.853912083373005814e-06 6.445112558012256430e-03 1.166017625213735615e-05 1.286699918155525873e-03 9.195852736748305991e-05 2.085136243454647955e-03 1.152031253099705516e-05
6.313052969898385117e-04 6.078604040905851011e-04 5.852961432138790304e-04 4.112008415614958035e-04 3.105822420913412793e-04 2.472922447562663373e-04 6.915438516446685210e-03 7.541946845650327217e-04 2.515573971846271650e-04 2.671793691437922324e-04 6.416303967913879625e-04 1.750212143010356500e-03 9.199774664663500209e-05 1.406831129585865573e-04 4.609831286843805759e-05 4.291546915399800156e-04 7.460686532332193202e-05 7.864459278430381691e-04 1.878199966229236858e-04 5.291537042739537407e-03 1.235295282539865388e-03 3.662479930206815715e-04 9.509562632589694002e-04 4.789486117125241497e-04 6.041497879324602555e-03
8.966966979355593843e-04 9.554884126186901890e-04 8.873359741447501637e-04 4.307149998420728605e-04 3.558978933002721707e-04 1.865647075022850950e-04 2.797540384130210874e-04 1.593509679046383528e-04 1.394353544451774549e-04 1.406600507274073804e-04 3.653954263936986038e-03 1.128239915679407255e-04 8.217310193574217225e-04 4.523933178261212162e-03 7.713352423953842552e-05 1.539102016393466103e-03 1.018024357351289126e-04 2.090211604025692279e-05 1.663762716662326488e-05 2.370493737459597586e-05 2.810032499591398700e-03 8.213639238430681024e-05 9.565189551235550678e-04 1.810066413242220106e-03 5.447816655943397762e-04
1.124836710268960118e-03 5.275368525177242737e-04 5.481007811662129197e-04 4.927029228463810457e-04 4.374394387596535253e-04 2.963515525185184411e-04 2.435948132857273097e-04 2.013861891974198966e-04 1.695834158354517175e-04 9.469998703588329830e-04 1.236824189933100309e-04 3.404798981012093721e-04 7.056677540703618892e-05 4.660699696797814434e-05 2.960405287691593291e-05 1.265842899796674819e-04 1.517075417411254594e-04 1.483294586368291431e-05 3.097660336866386584e-05 2.953930635324121014e-04 6.391071723028553180e-06 2.310050255769567664e-05 1.139386646987468283e-04 6.158871946322094044e-04 2.536761053180480534e-04
5.083614303059638554e-04 3.367011181300463949e-04 2.879500979347915488e-04 2.587254498564538056e-04 2.869787121117379743e-04 2.032016672278459939e-04 1.706487304024606781e-04 1.444472211314554806e-04 1.302973937653880288e-04 4.802599404234467358e-03 3.017971229452826466e-03 2.061887601691455001e-03 7.253399894427693911e-05 2.615613109020595750e-04 8.177179465294619372e-04 3.097495251104348708e-03 8.994670999074149548e-04 1.483689273970438435e-05 4.219227060392448945e-04 5.625659395512412972e-05 1.764404768363310317e-05 1.457197322848183003e-03 3.240036047807718029e-04 5.851448774394750344e-04 9.900464400878100125e-04
1.847128073232035634e-03 1.284629506405353654e-03 6.518056711431537316e-04 3.212888737920452614e-04 2.504088255017514609e-04 1.958385994878438245e-04 1.709779854488045346e-04 2.031566147590735264e-04 1.880919987443611247e-04 1.933164657130674981e-03 2.254209979829999502e-02 1.987793290520908885e-04 2.583406798674721849e-04 6.254296931535650817e-05 1.259802275714194827e-04 7.393854008914038829e-03 5.661539310263468501e-05 3.473464511189492971e-03 4.592620115659341320e-04 9.329931957227046346e-06 5.052014679648428102e-04 3.280894174202750850e-05 4.120947361441758381e-04 1.164270660856438818e-03 4.082493323716354910e-04
4.531737975544783718e-04 4.024785780783790069e-04 3.744112756086022962e-04 3.417283318283720903e-04 2.961343979414604176e-04 2.640020663709336489e-04 1.994327115411854122e-04 1.570853595274514616e-04 1.264356132339043216e-04 1.155877595921177915e-04 8.768831391661414335e-05 8.725208322735581779e-05 4.668729111848472584e-04 3.848748568196144466e-04 3.400039058978151943e-05 1.882931688237870029e-05 2.907978606479061064e-04 2.137804635561502554e-04 1.069905116745319910e-03 8.047405709658554226e-06 2.168269038475534403e-03 1.124676536691556476e-04 2.461511816239373611e-05 1.702164866342085407e-05 4.561956862836165838e-04
5.556601668374712769e-04 4.493397436688510434e-04 3.649908151186482381e-04 4.614099500243397140e-04 4.681413450196896735e-04 2.129065692562018394e-04 1.662090816337547221e-04 1.418965137519050568e-04 1.366418330378250630e-04 1.091932043081926881e-04 8.991142692188812760e-05 7.385049494307668232e-05 6.422417333876874045e-05 5.174951304011750515e-05 5.043697778359077801e-05 8.511136727389035598e-04 1.997369014327678941e-03 1.718899515243882739e-04 4.604261599682196867e-05 3.205520885824516934e-05 2.540866331554164355e-04 2.452073138358531643e-05 1.736321584955852291e-03 1.987699174806598936e-04 4.550003702544826731e-04
3.057737279568185375e-04 2.597565886590438573e-04 2.259427216081745537e-04 1.955898018633223513e-04 1.706216221402235666e-04 1.484127200242091750e-04 1.276593970473771189e-04 1.131218050650440653e-04 9.474632965123574242e-05 7.671187404177419661e-05 6.272351195757503643e-05 5.226214899783977085e-05 5.076581303822954113e-05 2.480958197390725089e-04 3.293501473874297714e-05 2.291294906933460983e-04 3.446202036702817614e-05 7.785060581460632578e-04 2.556800559832742145e-04 1.940706756863491201e-04 6.234019049225806523e-04 2.507008781622372859e-04 9.891228089086430246e-04 8.291677573421530863e-04 1.510633342299125400e-03
1.948758615859658714e-03 1.557312138571492104e-03 1.117139317607616922e-03 4.133312380177361261e-04 4.436974592928645956e-04 1.037325260196466509e-02 2.316754090756108220e-04 1.841765829069739980e-04 8.677378037092216148e-04 5.059702279445426991e-03 1.663437355127169457e-03 9.104804992562259575e-05 5.852969333224348011e-05 4.321029836449228695e-05 3.458023673282705098e-05 4.490287294921382839e-05 1.236652183426219767e-05 5.232608598590704079e-05 1.072378549351824255e-04 4.064449120600326859e-06 9.219457232601133633e-06 3.999241322483676506e-06 4.728082613020423853e-05 9.809574219704531202e-04 6.341986288336772838e-05
8.836680860416349682e-04 6.928378183091532614e-04 9.180252908034495108e-04 4.261070261423569473e-04 3.860041170091337319e-04 3.124865526180748386e-04 3.749111093986609903e-04 2.551780314015218362e-03 4.410673343298159043e-04 1.501023597939621682e-04 9.155058740906000820e-05 7.306179862587273304e-05 6.401169773417627045e-05 2.134568065434458515e-04 4.087122705372399622e-05 2.822535832635287119e-05 8.284653638415193219e-04 1.126567176464205339e-04 4.454486300265151841e-03 2.983056366634523497e-05 5.194677909826999306e-04 3.316003853163534271e-03 5.260158573468180082e-03 2.210665795585579788e-04 8.939418494677880338e-05
1.994135325094403832e-03 1.407764006621821731e-03 9.689051607627009429e-04 1.669833512743374992e-01 5.367813945483587180e-03 3.974032045429324971e-03 3.088588323424900760e-03 5.724740992468248940e-03 3.930622290023828673e-03 1.506697410816132073e-04 1.234585147012241693e-04 1.039455264973111840e-04 7.969679095975850931e-05 4.765741902222006728e-03 3.657905597479005295e-05 9.587968651592341162e-04 1.466180821107298615e-04 1.294007933625657687e-05 6.268584235090139648e-06 2.895548925128439092e-03 1.450464872288405999e-04 5.764988704312981604e-05 7.937832811515032282e-05 7.174957653535933740e-03 2.996530606300657320e-04
2.371715549906221404e-04 2.054118730656400631e-04 1.845859131424618950e-04 1.585211352592759296e-04 1.308698623522705484e-04 1.274730596997619703e-04 1.276415537982899747e-04 1.150277917232713290e-04 9.522352189517488278e-05 8.394500712592106576e-05 2.838723973156161151e-03 9.495361138427702366e-05 5.332935046348600812e-05 7.922257257650063868e-04 5.376934254776825358e-05 3.382132096966784362e-03 2.559589739214123642e-03 7.766204230591935813e-04 1.403297217098740599e-02 1.201998830380541583e-03 1.734449081385621653e-03 9.372918353076966638e-05 4.231104121758887224e-04 7.192240297413858650e-04 1.265793600602990818e-03
1.133492255158847660e-03 5.766721266936998807e-04 5.112299427606182504e-04 6.824584087567979636e-03 3.039808012724223006e-04 2.979129947737839228e-03 2.875916971818357729e-04 1.757906054807881430e-04 1.473169086626101721e-04 1.234525291635815204e-04 1.620830860495652459e-04 8.158777406137378535e-05 6.103011430268172338e-05 4.759469499548013718e-05 9.102529725857669805e-04 2.727869842582844473e-05 2.179393667714815414e-04 1.168413838592127822e-05 2.150856834621377742e-04 1.025186519136340476e-05 1.762033536172267210e-04 1.527455531210648214e-03 4.689467809540541162e-04 1.887795351870715996e-03 1.061655601488898292e-03
5.804100270828193393e-04 4.322867616872619703e-04 2.601644234401496308e-02 1.104487511485571696e-03 3.698953524271847882e-04 2.321324343717947648e-04 3.065196205368337745e-04 4.757121433417412643e-03 7.901938216299605675e-03 3.914365847171981058e-04 3.746280166974645968e-04 8.339310783332723725e-04 4.251759858997068708e-03 6.282483935552179294e-03 8.130017679848370107e-04 2.287052754166529062e-03 4.454533023851916937e-05 3.569730521295081012e-03 2.304656093698319888e-05 2.080117843331201645e-05 2.119600095447623893e-03 1.641587161242883305e-05 2.993047970044370427e-05 5.062285835329508391e-03 2.954472820508729190e-03
1.614099171315942251e-03 5.424418092198531874e-04 2.448116223072916331e-04 1.803463349968985590e-04 1.948312365658705358e-04 1.875328514377406716e-04 2.347911979207511135e-04 2.562192442957476608e-04 1.500976509586264627e-04 1.339705208838957691e-04 1.019533166524963291e-04 2.538887514680775084e-03 1.425164672775800813e-03 4.158511652126582053e-03 3.560091159837081107e-04 1.555348304411936539e-04 8.606787691630146675e-03 1.236166454251392715e-05 1.145887627205146403e-05 3.636310544173881974e-03 1.724269372882093049e-04 1.174819125572623387e-03 7.720909886845328052e-04 7.576773343885745589e-04 4.797893175310661618e-05
1.069239513411231746e-01 1.119413350784934178e-03 5.348935425964469834e-04 2.463596612688196265e-04 2.078058837130571112e-04 1.801069587843305477e-04 1.537291582432615033e-04 1.307038302022753870e-04 1.108844040392650756e-04 9.111332299170601956e-05 7.554318329608702661e-05 5.776063993987169248e-05 4.468258035075949784e-05 3.383771870383951914e-05 2.429208029256279408e-05 3.175382505016710773e-05 6.213989023713243395e-05 5.459051692947354149e-05 1.470311134969355053e-04 2.408453058961960573e-05 9.270220585904914018e-04 1.457103366705410440e-05 1.082322542272731848e-05 1.480893223680140760e-04 4.348150416460019852e-04
2.410224643847497543e-04 2.305904063614670719e-04 4.960696014159386670e-04 3.604755715584073944e-04 1.919852349575307119e-04 1.944196767742711017e-04 1.682377377057060741e-04 1.817729954328306671e-04 2.461363732853197447e-04 1.222365834405354811e-04 1.119203080312167165e-04 6.908619847646549914e-04 5.921082042486023461e-02 4.443518468961953180e-04 2.737838992596589157e-04 1.268974652837229016e-04 1.572692384214318840e-05 1.021888567250501228e-05 1.010521061490844165e-04 1.593988041876558264e-05 5.144110934616617954e-04 4.477182740032047484e-03 1.036071921931990989e-03 1.351313180891588854e-04 1.407960987314903754e-04
1.035707938301139554e-03 5.976554967682608547e-04 3.345160275199394757e-03 4.681833640684951859e-04 3.046926170012117813e-03 8.806751505624515379e-04 2.468118752176965943e-04 2.504996801504268122e-04 2.158881319372319091e-04 1.711651904935165283e-04 1.376015361163134519e-04 3.203818412341967849e-04 1.102260255298370179e-04 5.005758577086788584e-05 3.196356862216639364e-05 9.681621225246750352e-05 1.112402000547198455e-04 1.347146305895555156e-05 4.261215735536759837e-05 6.866274396141349992e-06 2.510113671955840987e-05 1.254868041635212117e-04 1.517947946127594253e-04 7.765970868242327450e-05 7.593163881870216225e-05
8.578062255812689621e-03 4.235565633989473930e-03 4.279476036637286027e-03 6.014032184404086937e-04 4.007793375486685202e-04 4.596822166448085323e-04 4.500873284902879245e-04 3.891722260692090374e-02 1.483288764284306773e-04 1.208219392508999031e-04 9.584242462923233796e-05 7.910013179958030817e-05 2.620650669968863566e-04 1.026484186795712829e-03 4.206097924514184613e-04 2.869692097569705646e-04 7.062998655492876469e-05 6.434530845679205854e-04 3.459153589994869957e-05 2.391177761863945845e-05 5.331267088509925159e-05 1.062547002793276952e-03 5.495882021673501050e-05 2.518541587372055408e-04 9.763352884708232336e-04
3.413292371088959645e-04 3.068942167533036123e-04 5.320633420933462091e-04 4.368714789242432797e-04 2.473207548036893697e-04 2.178729154145365489e-04 2.651771631266239835e-04 2.410523783392000494e-03 4.929981907300790001e-02 1.422116418293722971e-03 6.502130496514698559e-04 3.587334042624846218e-04 9.491891731630792972e-03 2.253678321811585091e-04 4.822353117409619903e-05 4.558042896548501424e-05 4.400406910203111168e-05 4.855075735685952191e-04 8.306876770400092717e-05 1.741479622900073468e-04 5.229083851437388297e-03 3.229984577775010324e-04 7.410400842165866528e-06 4.706027553285984191e-04 2.802075964116678645e-04
5.686926986789937657e-04 2.918276181793751306e-04 2.423690913884526965e-04 2.195676125842454759e-04 2.738576945944525020e-04 3.985419824965023730e-04 1.506338470367079511e-04 1.322122425294443499e-04 2.058903924011783323e-04 1.258313885305427761e-04 9.413730205602034295e-05 5.939378616838637771e-05 4.540091755469576225e-05 4.041589956735940986e-05 6.488887359258895351e-05 7.100752402055001376e-04 6.474254677929868309e-04 4.662005854862077492e-04 3.018248391085905969e-05 2.733889268272844133e-04 2.693500421049431904e-04 5.275401559968370511e-05 3.826051501223698306e-04 1.841891376510038710e-04 4.160226302096263419e-05
3.240991427280578356e-04 2.698421336749680225e-04 2.349852137810385538e-04 2.079508881231631598e-04 1.921503776501963881e-04 1.916915575028156052e-04 8.232978828209672889e-03 1.072666033822431732e-02 1.089019130653165902e-03 2.289805204219573661e-04 1.234344869209194921e-03 9.251988601391258730e-05 2.031213019679739638e-04 3.543469436241787097e-03 3.120836304502199972e-05 2.159356761845057524e-05 7.484569553647806581e-04 2.066503385978727777e-05 3.031660499895035753e-05 4.881675181314999615e-04 4.425053211586822688e-04 4.333254647164405974e-04 2.206876266304252457e-05 2.226459895886877347e-03 2.591013238191846972e-03
1.074316773257986144e-03 1.094409243194370204e-03 1.130275277808387002e-03 5.573536303954273888e-04 4.000294300925720590e-04 2.480029250942588346e-04 2.251932632468784756e-04 1.881950833190469165e-04 1.367382926525452817e-04 1.569142237000368048e-03 2.590144819592441177e-04 7.506562524273868720e-05 5.323842579100663408e-05 3.696052200900677893e-05 2.564321596768021698e-05 1.927273586357510605e-05 1.152433615543907230e-04 3.633299181195899475e-05 5.489080743906433546e-04 5.228250132232370630e-05 8.399254217104105621e-04 2.229007052106159830e-06 6.562017020678777659e-05 1.467450671222898795e-03 1.109299980692101751e-03
4.703095023889393412e-04 4.249172065339437807e-04 3.838050301308141058e-04 4.048814688680130473e-04 5.476307392874575457e-04 3.313785023191930337e-04 2.866179929541708420e-04 2.400270101444122717e-04 1.741129963629520260e-04 1.378449073030989745e-04 3.456500659845867986e-04 1.181927073683792942e-04 3.811449482181784366e-04 1.535824075688902715e-03 1.537013775530575953e-04 1.388498392453728532e-03 1.359262169297250268e-05 7.463791746583310861e-06 4.768824572655474505e-06 9.896507558642681889e-05 1.158487239475885454e-05 2.988915975177356836e-05 6.114154029244000384e-06 7.259437077371218901e-04 1.955346595436014464e-03
1.064265870665785131e-03 6.042591160025053906e-03 7.986659035169849140e-04 6.232903183929202956e-04 4.609847044085707015e-04 3.483323123501051700e-04 5.279218262727813915e-03 3.703785094297356293e-04 3.296911272900644057e-04 1.539579694843145816e-04 8.968870243480326710e-04 8.148768841890185468e-05 6.909746799630764737e-05 3.766854053810589917e-05 2.911770162063469477e-05 1.794983291973838589e-05 7.438918372318859484e-05 3.109134546950997104e-05 1.492447433909039047e-05 1.878695022227238980e-04 2.132716705517831110e-04 2.413367116671866154e-04 3.523222990055317522e-05 1.969618413246926932e-04 2.748955927329899910e-03
5.637520467374794930e-04 4.792879272210113497e-04 3.147033560968542053e-04 2.356160466337454647e-04 2.034356747046784048e-04 3.971897200218399968e-04 1.435060312456677978e-01 4.348688824356520405e-04 1.763064895943946913e-04 9.888271967522802778e-05 2.147832650836781459e-04 1.911574494177783199e-03 2.766435248537970075e-04 4.906268749857929824e-05 3.961103285362968279e-04 9.271013336599001641e-05 1.333485351746145154e-05 3.398639568110551181e-05 6.493697453073995736e-04 2.382021457044995391e-04 5.301826546784178416e-04 4.309506014690121138e-04 3.674997428359279414e-04 7.721537695129610337e-05 5.050855602787096641e-04
3.384135146144727317e-03 9.168584852246906098e-04 4.385782793789542305e-04 4.935535480420113856e-04 3.530081436715025163e-04 4.582890240176801678e-04 2.053715651485718302e-04 2.369810550585858778e-04 1.442922504205742715e-04 1.271792117489077925e-04 2.128420192363267901e-03 5.819484769683637638e-05 4.547303194643742167e-05 3.465907246543333388e-05 1.024802754971762141e-04 2.599879391277747285e-05 6.949644344820618829e-05 9.099175499890087857e-06 5.652442637074916524e-06 4.642343179965446924e-06 2.200319019404848176e-04 6.277964883315210716e-04 6.989561781643742391e-04 2.101783380307060324e-05 5.155681939642549301e-06
9.459956585459257297e-04 6.330083889603128596e-04 4.551594658322207897e-04 3.408414251574732310e-04 2.607368067274361202e-04 2.362588724406577631e-04 2.073882077574659894e-04 1.708173871761639335e-04 1.469647224962217019e-04 1.155356271673608619e-04 8.508298443421795018e-05 6.695366585058828328e-05 4.901064389083346033e-05 3.641232929645289484e-05 2.691275712545555069e-05 1.986939048980231680e-05 1.538335774281975217e-02 1.974003288611317678e-04 8.957379630641058255e-06 5.391992399279848950e-06 5.969694824942063755e-06 9.153855761014195042e-04 1.072657794687723239e-05 2.719697309151851449e-04 4.572667312409061172e-03
8.966879166860438743e-04 4.351053125155252064e-04 3.285383773208618019e-04 2.528892134108905328e-04 2.085954899568948301e-04 1.616453083079555559e-04 1.302641152461369049e-04 1.033257647022023487e-04 8.602734612876811160e-05 7.079859922886281426e-05 5.716758295702108558e-05 8.573903159342767619e-04 1.726091666751032551e-03 2.373638185775301518e-04 3.074131912438975145e-05 1.835446807173728468e-05 1.386016419870354284e-05 9.449216256934206808e-06 6.701566785351794414e-06 2.968701136930793264e-05 8.181359615709828716e-06 4.355198825054672279e-06 8.289059239737848052e-05 3.607778254199915039e-05 3.056374691991069908e-05
6.750688426865248575e-04 1.073134746882552877e-03 1.076039907116526414e-03 7.634784555314460576e-04 2.832054647672920043e-04 1.397816436674979184e-04 1.367038927675965395e-04 9.852125770194992244e-05 8.199654833330225856e-05 7.083259062388548111e-05 6.612206201998844385e-05 1.068109180433744634e-04 2.312645306883616501e-03 6.209946764654712692e-05 4.022643391610338350e-05 1.839456164267528780e-03 4.033741501628608419e-05 1.217141486919936372e-03 1.279649141152068352e-05 1.387505350355733152e-05 3.869938013727170726e-04 3.616592150410407290e-03 1.476830273659493389e-04 2.631564610141723251e-04 1.029609189728034703e-04
7.686172807012254778e-04 7.873628173992593907e-04 7.217850937899431127e-04 6.448285332998017396e-04 5.229143748361917907e-04 8.720404421127753505e-04 2.926115345348439395e-02 1.836541367236746729e-04 1.561429362437469280e-04 1.486297943794870520e-04 9.258904011675596346e-05 7.724810509970724698e-05 4.127506162397426639e-03 3.141298546710298827e-03 7.988776728618138484e-05 2.770434053421675562e-05 1.058091395021020658e-04 4.765813757961832441e-04 1.764689432079550365e-03 1.110942790807500975e-05 1.977568773785841414e-04 8.022261924487081655e-03 1.296745062175876399e-03 1.358906723661621298e-03 6.062936139331006908e-04
6.735124322622428441e-04 4.537205177474873115e-04 3.795280377293750872e-04 3.259771752971580552e-04 2.749146808911186244e-04 3.024698508699772662e-04 1.810544716749397387e-04 1.227931527736230181e-04 2.521547796855450074e-04 1.544178564155960012e-02 1.261619088389652433e-03 6.396115322909996066e-05 1.184262197201857870e-03 1.294543786758193095e-04 1.383712690387051397e-03 1.919626671723636364e-04 1.768990352873386587e-05 1.185520370713099662e-05 5.435575040002241102e-05 7.157879772952262546e-04 1.066654332484728547e-03 7.820624704970138139e-06 3.142719413783651598e-06 2.366006539838019657e-05 5.885950746749319534e-04
1.050056223903537153e-03 9.618809101158999880e-04 1.484641201396173912e-03 8.276592538295195894e-04 3.650258519380998688e-04 2.932776135377756967e-04 2.349569268963325327e-04 1.656159292727865206e-04 1.385760820296891489e-04 1.127487793539042597e-04 8.589884219169700668e-05 8.067975788058289431e-05 6.996736930512110055e-05 3.767654849873277114e-05 3.233366989471337408e-05 2.714378108681146545e-05 3.979295385230001642e-04 3.041417313749624515e-04 4.902380379078554590e-03 2.069559011198561017e-04 1.914750076123475256e-04 1.409725375967462585e-04 3.908391628495928903e-04 1.964699705515682640e-03 8.201152466967465311e-04
5.627656924892980106e-04 5.073834822610291022e-04 3.650526371296016685e-04 3.273398884409416966e-04 3.903048113462498510e-04 8.130887524017275155e-04 7.242702206264981391e-04 1.187447868352839442e-02 4.613444864977689699e-04 1.389536523290621690e-04 8.809818951637257516e-05 6.992919443934438690e-05 5.492580746841350345e-05 6.214324273101755477e-05 4.707937649390454181e-05 7.304602898482989715e-03 6.732695301479566484e-03 1.886629269163256332e-05 1.509405071544402252e-03 1.398458589607531790e-04 1.793408512037700608e-05 8.283395861303833631e-04 1.718812634597413581e-03 9.326704942847393589e-04 1.674741105907356009e-03
4.411629694509902957e-03 1.773440781236529937e-03 8.308685483607792166e-04 6.776473924135676492e-04 7.888161472564442526e-04 8.303360077183477572e-04 4.249910384905380110e-04 4.932958638824641931e-04 1.618200645432231889e-04 1.315227852584314593e-04 9.341832491282133085e-05 8.956335340254500358e-05 5.845991528146162174e-05 1.879243602155060465e-03 8.622786504190725913e-05 1.255261114975807712e-04 1.349492913984703067e-04 1.256718956177983049e-05 1.265962773339577827e-05 1.670501686352048737e-02 1.362217694577950696e-04 8.237114955211307212e-06 1.250233360585581042e-03 1.251202642265439270e-03 1.131786940654951469e-04
5.813493601061172278e-04 9.081516996748473019e-04 6.591158356726786738e-04 4.049175579870429361e-04 3.410059210765991797e-04 2.582005029774856581e-04 2.327690303785761943e-04 1.622353985866057996e-04 1.604015020632604434e-04 1.146426498020992316e-04 9.628053576389969577e-05 7.185846464961247583e-05 5.127854439154463305e-05 3.836177411414445719e-05 2.534322998550409865e-05 5.885378998072872126e-05 1.101338236024929857e-05 6.735128835633970910e-06 4.838092433472323140e-05 4.822967069029820751e-06 8.782450166257315107e-06 1.598287519206775725e-06 4.346144592060480442e-06 1.215767449388788744e-03 8.180168002699947719e-04
8.517168002748028892e-04 6.529157556744966161e-04 6.797386996226210563e-04 4.566169345189735108e-04 4.194508666800603777e-04 3.673756543407001389e-04 2.117907413351485183e-04 4.550937990090054446e-04 1.399006363193384061e-04 9.993953195524671784e-05 7.802382147214786815e-05 6.495754830402676973e-05 1.301798047414657548e-03 3.288144005775743794e-05 2.420264713331070686e-05 1.882431098293253557e-05 2.622032358554860103e-05 8.632603019666338997e-06 9.334796351335375312e-04 4.893315170176075132e-04 2.070995683168395425e-05 1.005276594083269600e-03 8.547016087032660835e-06 1.193912063332990426e-03 3.193812207228423171e-05
4.242381602316007329e-04 3.656040638518798431e-04 3.169808550121353831e-04 2.919570427354280131e-04 3.273635183925037309e-04 2.146147176173674007e-04 1.857899500140399894e-04 1.600054375540528693e-04 1.335556809208966983e-04 1.127204330092478475e-04 9.089726456599189731e-05 6.398011591007565313e-05 4.727917882118135202e-05 3.502342952710745124e-05 5.622541669352934974e-05 1.804938598931170329e-05 2.921509092308992024e-04 5.559865010096358296e-06 1.095731901477332956e-04 1.831049788952094361e-06 1.514885967757630266e-04 8.286115849546273103e-04 6.545482389643830258e-04 4.745537357364510057e-06 3.625182197162374331e-04
3.900301763661460572e-04 3.427496613638875318e-04 2.851296378479015181e-04 2.786574330488926152e-04 2.214337515355424221e-04 2.016164416406859925e-04 4.634161634625002320e-04 2.081613466403022113e-04 1.633391404653558479e-04 1.394000760012659634e-04 1.212092304025204651e-04 1.172273871384429066e-04 5.681227311148407668e-04 1.463142503214740668e-03 7.833355586869316723e-05 6.083392755076267970e-03 1.565584356588975692e-05 1.792902541495430173e-04 8.651302389619855066e-06 7.014070991258886784e-05 7.926565056816980482e-05 5.117718348794493772e-04 1.686125892858551323e-03 9.951468267906772927e-04 3.075951710699686005e-04
1.620246221374526015e-03 2.854407016701979421e-03 4.099303414922374016e-04 3.249640816563952018e-04 2.686914834565164579e-04 2.215091748788986306e-04 1.758394727884751805e-04 1.517186119787350082e-04 1.255464071223690546e-04 1.044610615354424604e-04 3.664053128990287216e-04 7.520286382903609585e-05 2.445040280042765665e-04 5.038946930877093058e-05 2.894237390506141134e-05 4.535541967534346183e-04 5.771273845619823888e-04 1.635335257136768429e-05 2.029156845452024420e-05 1.785066222935508787e-04 5.197200338759765809e-03 1.797937939495295519e-04 2.640776397163157132e-04 1.687903417122467789e-03 1.711614255351420755e-03
3.115182621381697809e-04 2.752808537491329473e-04 2.466695034566132919e-04 2.192494161494500788e-04 1.901613900365823207e-04 1.637521080036234331e-04 1.394504744300290098e-04 1.157509526935789822e-04 9.706225734490427049e-05 8.263966260165346925e-05 6.616732544393805269e-05 6.662693465605004715e-05 9.538219000661192796e-05 2.438591719677720565e-03 3.061190560633856515e-05 1.560455338799725600e-05 4.155906910511124623e-04 1.243733735479453546e-02 1.827914531063331327e-05 1.217420676773642291e-04 2.874241467268921833e-04 4.285197746902439219e-06 3.790464458983801657e-06 4.320155637604594884e-04 2.868060355955745315e-03
2.894789166559129270e-04 2.567335146742200005e-04 2.299218920472896697e-04 2.218672442004734229e-04 2.515519671180572190e-04 2.339532661053734554e-04 1.319972920755301470e-04 1.039931659276369921e-04 9.039504945163133866e-05 7.810876804062135467e-05 6.256696469803980508e-05 1.938765672503782109e-03 7.545033994507959092e-05 3.874560667106456322e-05 2.864748603647500200e-05 1.335303490306176443e-03 2.196709793073209823e-05 5.284214852004696201e-05 7.175260625404577175e-06 6.786129555760948015e-06 4.838737495149663206e-05 1.886471957898861601e-04 8.012963762097638151e-04 5.179893201247691989e-04 5.399060501426587602e-05
9.284239190236483587e-04 5.881132897974438800e-04 2.549183419789744637e-04 2.731634262473474632e-04 2.435866598562874577e-04 1.781616981196501191e-04 1.572933482860922950e-04 1.313664474368025632e-04 1.332434784626257049e-04 1.206316753645645973e-04 9.101077670567149719e-05 6.198308471881458417e-05 5.194714348223050752e-05 7.903769372298383850e-05 2.911027569940394390e-05 6.300904262025535350e-05 1.306706524909900317e-05 4.204771788714237418e-04 3.766868523850778089e-05 8.435409896550950608e-05 4.237430204458341381e-05 3.685880525675577714e-04 7.315211595536220827e-05 1.656513290442323757e-04 1.397942672300250301e-03
1.024789144179533845e-02 2.695698426207103742e-03 1.614647362627838001e-03 1.267544944842107337e-03 7.658527252767893465e-03 3.200917126078876157e-02 3.330799539241244387e-04 2.013030386031984444e-04 1.795040873035474017e-04 2.813461327668452007e-03 5.753331468807618143e-03 1.154045708020063639e-04 6.638545571219407748e-02 4.229554346495261255e-03 3.695418145333175626e-05 4.654835433241191094e-05 1.332980678131205771e-05 1.627450407625692855e-05 1.244466945114854319e-05 2.284938743307210734e-04 2.136493705959899986e-02 1.859905288051178309e-04 1.870669148120348278e-04 6.767586510664295486e-03 1.374628981456741750e-03
8.327068631232678510e-04 5.495547227414328403e-04 2.584225710739207504e-04 1.974293833142397748e-04 1.800243769620168684e-04 1.919330586233465000e-04 1.597136547877944270e-04 1.462813512699671112e-04 1.216365523000905618e-04 9.598548268084865600e-05 8.932371907823487538e-05 2.388962888993913323e-03 5.800365734842090831e-05 1.573193250374077447e-04 3.253623645275063717e-05 7.778921810892832159e-05 2.599521463191992434e-05 5.793003596490157146e-05 8.263038676201105853e-03 1.394912186171303630e-04 6.656437302186187497e-06 9.401887021951949800e-06 8.806578585606324953e-04 3.259318947112423408e-03 5.711781876544161070e-05
4.362926794489069846e-04 3.591640753320641871e-04 3.692398798832134286e-04 3.362548243999969135e-04 3.078641892087148634e-04 2.748610601425147170e-04 2.712147340130777857e-04 2.356332120674251560e-04 3.570119874064066334e-02 1.204962290442371286e-04 8.649584993331595184e-05 1.247252672001018163e-04 5.129559325381891630e-05 9.831423852175957508e-05 4.286749853403372455e-05 3.304621387892726718e-04 1.528263402010670278e-04 7.841534757416558936e-06 6.851583926391169238e-06 3.415560406896064497e-05 5.207884053885690560e-05 6.606205947906905506e-05 9.875681197276097454e-05 2.275783228253261520e-05 1.831694980619166953e-05
3.822333677193037347e-04 4.002679360232641549e-04 3.461776288523139475e-04 2.527061434766885947e-04 2.549919519914579805e-04 2.898480633602138791e-04 2.010554972660027399e-04 1.815809034582548294e-04 1.598974770125422766e-04 7.787494566702066624e-04 1.193213559364873907e-03 6.566521539346555775e-05 4.643481907293128840e-05 3.794628114452463840e-05 2.956942205170592892e-05 2.110181184517402356e-05 8.508773391322726305e-05 8.402217307329228993e-06 6.092969933659366054e-06 3.303090585054829407e-04 4.240336567944462977e-06 7.388620208287296962e-06 7.714952532311960209e-05 6.137495853522146379e-04 1.053734614443712454e-03
5.481552663193108282e-04 4.935410781915765960e-04 4.500831667084828408e-04 4.169582365298799801e-04 5.767687467388406264e-03 1.148160890473125390e-01 6.336487580940756894e-04 4.387835004151394917e-04 2.249814494623542452e-02 1.236257788868585031e-04 9.492734712708935556e-05 7.193657591263029913e-05 3.108569578417609103e-04 4.704427533507953810e-04 3.060658510812093100e-04 1.942176304045836245e-05 1.967901818520902758e-05 6.444583562950998573e-04 6.147806815877991662e-06 8.418166201666542757e-06 4.980198984378942208e-04 6.058519146507990530e-05 1.466321911289556260e-02 1.232295444319583735e-04 2.452395872129007151e-04
2.817066480122020281e-02 8.306773305580172212e-03 1.113047540550261283e-01 5.384759405812269417e-01 6.860571810844760896e-04 1.867736732746002161e-03 5.021248547267458204e-04 1.488629081697842062e-04 8.907871046470558398e-05 7.693062233480089072e-05 6.749947992949829521e-05 5.237024423605350919e-05 4.185444588680001932e-05 1.178784312750952518e-04 2.482822297422496036e-05 9.100793040823652977e-05 1.516900196692006718e-05 1.055831867928010774e-05 1.114445768273888179e-04 3.444397738497368403e-05 5.163615107932022214e-05 1.541739632245167860e-05 1.348105898799696367e-05 5.696849951487794510e-04 1.987682106920675169e-04
7.373869137122064481e-03 1.108992442338453677e-03 6.870224198750561877e-04 7.487948821309056485e-04 4.167302022938147049e-04 4.892265712219551373e-03 3.133179937471184165e-04 2.346532355386340117e-04 1.571627823207730201e-04 1.602748583188981512e-04 9.148773540955465065e-05 1.010583267270419810e-04 1.770694435797105283e-04 5.513049148205173729e-03 1.645707123916280391e-03 2.672393443600657047e-05 2.207114625173747227e-05 4.024028101389366083e-05 1.902519609159502358e-05 6.134322426060719246e-06 4.829574873916862458e-06 4.162939744499273044e-03 9.206335048662274236e-06 9.744760541027504362e-04 1.639361265726024504e-03
2.134288288263964484e-04 1.560714522989335804e-04 1.204310884242529452e-04 1.036210442576530465e-04 9.449696614737012647e-05 1.333809873851992105e-04 2.321506898942360744e-03 7.452669476334532238e-04 2.765488898690854238e-04 1.289860204577014658e-04 1.118899471678154103e-04 7.609097528807527385e-05 6.630243364311513973e-05 3.940088989233001351e-05 3.210731487097869913e-05 7.042981822378687417e-05 8.297529918363790932e-04 9.266880148586677246e-02 4.536567984060549548e-04 1.283187717376804883e-05 2.863196398051960203e-06 1.243689016922482002e-05 2.041667250780693568e-03 3.609969017228126676e-03 5.181996229868153503e-04
4.180392095192411901e-04 2.435062434098578309e-04 1.856744178882897389e-04 1.554485027032304490e-04 1.352403844317287324e-04 1.174376064864262595e-04 9.511879682160111215e-05 7.835834244950802498e-05 7.005844824876716415e-05 6.076702745259084223e-05 5.188136835468214479e-05 4.419410400148474901e-05 3.487213669393069804e-05 2.581467763973466326e-05 1.930973690093831810e-05 1.459311403182797201e-05 1.122776144176706847e-05 3.796213014820098649e-05 5.959667375687940475e-06 4.919273463221945123e-06 8.051745446769682140e-05 4.930626449056039253e-06 6.623618326694086091e-06 1.218309091028546253e-05 5.286515273820670442e-04
3.594769333011354432e-04 2.756036939811742545e-04 2.145802662232854910e-04 1.828431799210522026e-04 2.074051108297550114e-04 1.715318466289604278e-04 1.474869570028144007e-04 1.291225607085560436e-04 1.146135971582097981e-04 6.131592765894385835e-04 9.035525315875060680e-05 4.838797475595316182e-05 4.313420672301449720e-05 3.735754916522876891e-05 2.835046615937533007e-05 4.161525182380240370e-04 1.316851537666462310e-03 1.924859211922535452e-05 1.206847614632384465e-05 5.776749899864800806e-04 9.626441562287476467e-03 2.333493880439274398e-04 1.178976268317605794e-05 7.439575742282016426e-05 1.721408831563435091e-03
6.638901663911461835e-04 5.266444279135331068e-04 8.339707395082885484e-04 2.969176009502926244e-04 2.702930979687791484e-04 2.023322376461742509e-04 1.983119995160162647e-04 1.793052814684174400e-04 5.746354982622216626e-03 1.480547287396652076e-03 1.085347559148142651e-04 9.329612014266297168e-05 1.000643628846128173e-04 4.533950115608238502e-04 3.998017654312019717e-05 1.001449369458529023e-04 1.376532321030399956e-05 1.038290577365571173e-05 8.783075707808930753e-06 9.531523533907588873e-06 3.350274419530600481e-05 1.663580131994424512e-03 1.257363394546462636e-05 1.956550513678127854e-03 1.685807951731747335e-03
1.421069339988774828e-03 6.551428566602901515e-01 1.834980914537363145e-02 3.612643488345766707e-02 5.575005149454393153e-04 4.716570704940870767e-04 3.149635807827444608e-04 4.706675012998053076e-02 1.247465079576898955e-04 9.654196280935316873e-05 7.220794981686516850e-05 5.451854545973658465e-05 4.037969883896036093e-05 3.203597023054669560e-05 2.253613286118912783e-05 1.526158578039027064e-05 1.489073017503442880e-05 9.484094239727274694e-06 5.604815252131763551e-06 9.472783534762884068e-05 1.472222749121637640e-05 4.975771432894347032e-04 4.263555451541601021e-04 2.121087344474667001e-05 8.887683450216030427e-04
1.017162705541719506e-03 1.049158879939083742e-03 1.250729472901864489e-03 1.039112989271931322e-03 4.356435599513054191e-04 3.025890550753724032e-04 3.513482085777473837e-04 1.881085118823492609e-04 2.498770279413105267e-04 3.941209014103943045e-03 1.194942073761464518e-04 7.667690259825763778e-03 1.757287896169293460e-03 1.996330652056946893e-04 1.937465900573125599e-03 3.818252063597218834e-05 6.668566226090911955e-04 2.209115555160674383e-05 1.267346607643382746e-05 6.299550437559820956e-04 9.170996761225404649e-05 1.969339619978481819e-03 1.966332999601331339e-04 3.628114930606976454e-03 4.747614866364150603e-04
1.507605777608761206e-03 1.040246322732591615e-03 9.292400058086827588e-04 7.850187042044170669e-04 2.546871957528036383e-04 3.323814079687642683e-04 3.050650311957761943e-04 1.872997370486114983e-04 1.534200374418812518e-04 8.782208732052757233e-05 9.407153925995730040e-05 9.084222446765018513e-03 8.817719398870876987e-05 1.596254207768663461e-03 3.790813948205205136e-05 3.391610675918524040e-03 6.281607277143020154e-04 8.945200520394536864e-04 6.815765666910059610e-06 3.833439090555992144e-06 7.428976199770872083e-06 1.040973999348186028e-05 1.384560621989845057e-04 1.886493766109594483e-04 6.375045386693198432e-05
2.409924126892120429e-03 1.551414605779553348e-03 1.328180999771633305e-03 1.166410815063436985e-03 1.175208701444414340e-02 1.498095078712749495e-03 1.721348389537731430e-03 3.506971788122281741e-04 3.043139568966100298e-04 1.546495634332227965e-04 3.261450067017459663e-03 1.225129829254831184e-03 8.211517588005553744e-05 1.533434257912168587e-04 4.355286726621880031e-05 2.465763741101949903e-05 5.647117792053059181e-05 9.225204073625463072e-05 5.071726121248454527e-06 3.889672964162033141e-06 3.481684677980266840e-06 1.950103996510123348e-04 9.138353590539613621e-04 1.826805360241149387e-04 4.542764199907171029e-03
2.101110081977129729e-03 1.602542362811293364e-03 2.888562642889180160e-03 1.284998122155496742e-03 9.026191068123509686e-04 1.129890724129009767e-02 1.478532295552309819e-02 5.207506476888711447e-03 3.576527034063958169e-04 2.952852969342965438e-04 3.381228215796224759e-04 1.761276436462629047e-02 1.150846802844857644e-04 7.288645738550964101e-05 6.258097817994371032e-04 4.173805995179209895e-05 1.119724707339429543e-03 9.332492352713269722e-06 9.917206249410237334e-06 7.059925949749692720e-06 2.001197405367612873e-03 2.024915830454694651e-05 7.677600457202090126e-05 6.456161238032096104e-06 8.295517359142736899e-03
3.572480994131071465e-04 3.188990753901019140e-04 2.858969635331656367e-04 2.884857149751224553e-04 2.612169924726121103e-04 2.109139157136483730e-04 4.918510848489985590e-04 4.931843020348914818e-04 1.513441798413617256e-04 1.002819547829985648e-04 7.623500410212169585e-05 5.784984902049923784e-05 5.303084004380567425e-05 5.650377733109436052e-05 1.383106687813687131e-04 1.524541403766411715e-03 3.255559841923461875e-05 8.961985469800807431e-06 2.073457638788363797e-04 1.118811090398533303e-05 9.086412259214010970e-06 1.524650728546107564e-04 1.306803522260721780e-02 1.944890013934589277e-03 1.376880941549103363e-04
9.400579050071121131e-04 7.571595259848025667e-04 1.332347467840798005e-03 6.514872044571202525e-04 3.508140823472424884e-04 4.614154052561440854e-04 2.316045160598844961e-04 1.680795353044363719e-04 1.296616855636368291e-04 5.673445669760029605e-03 8.129180100773903772e-05 6.551848108952080575e-05 5.410422490268770965e-05 3.931271426128914452e-05 1.505503357234850095e-04 2.910405050159551015e-03 1.114020384438277636e-05 6.786210435257352518e-06 6.614352349184224143e-06 3.134332774316926575e-06 4.654700950926502361e-06 1.889325182683833956e-04 9.119765868461918645e-04 1.724756211067616542e-03 3.716489655632359505e-04
2.180231208871675954e-03 2.325429562903447329e-03 2.665064061927620558e-03 8.643994134356352763e-03 7.803661442458974251e-02 5.215638929856404538e+00 5.570335736831170254e-02 2.604115097992886645e-04 2.710363429247574906e-04 1.325206106451592872e-04 9.272946363247912824e-05 7.244456439889324865e-05 8.755312131227550431e-04 1.446599328304682373e-02 7.953161081220904772e-05 4.852031040545873845e-05 7.134028291941803789e-03 1.415403244367584410e-04 4.330526152174289352e-05 1.940149066804910515e-05 1.948155666518429721e-04 2.044616037020079461e-04 5.619294966715553574e-05 3.547142464558596976e-03 1.751867274434771725e-04
1.244573961812932804e-03 8.698995976674948546e-04 5.990619384436478940e-04 6.990396474178728250e-04 8.186512820693989719e-04 2.672805921428825812e-04 1.933803157274917805e-04 1.454344909670501136e-04 1.245687334308588016e-04 9.701175812884432650e-05 1.993047789867723326e-04 3.458572550956047747e-03 5.770057115816353672e-05 1.054178556158033570e-04 2.986674834625701404e-05 1.321739526765418771e-03 1.495341872838104711e-05 1.276340681412781473e-05 8.526941086682223003e-06 7.045511984854114129e-06 5.539717879784175625e-03 2.053891610382738226e-05 3.130430358298810778e-03 1.858432446871485268e-03 1.170233959837553095e-03
2.846502336944570764e-04 3.010588075697745512e-04 1.821416449899522386e-04 1.460845024096776282e-04 1.565470204603568692e-04 1.022042008041896952e-04 8.991149507924459528e-05 9.352327228961390335e-05 8.524703246049528907e-05 9.791937256409399153e-05 1.019850003919859841e-04 4.217953769295693101e-03 4.468292261081963351e-04 2.493905955972754336e-03 3.225741596549283754e-05 2.016483603353248289e-04 9.096616873681380384e-06 4.243353116713444493e-05 2.681744973405462799e-05 1.665708974592981957e-03 2.539160405990374941e-03 1.474400476217639282e-05 2.965582007826936758e-05 8.020730595842017927e-05 1.033816036542524408e-05
7.881900829591391520e-04 4.043774262071713160e-04 4.227507316814512698e-04 2.526040345852737954e-04 2.297780870404187445e-04 1.972937323615644284e-04 2.110811076768312716e-04 1.657493153658512193e-04 1.175368772933048633e-04 2.511205644120780012e-03 1.023299615052133548e-04 2.217468034006905495e-02 4.104445390588999507e-05 3.303787872607757487e-05 6.433546656560682777e-05 1.378032527090340255e-05 2.941654042652485149e-05 2.137346104303777783e-04 2.607171695708634587e-05 1.650313415975992529e-05 1.255688630433797407e-05 6.931200342220195099e-03 4.583423735061692818e-04 4.360918965540993598e-03 5.328973945079810287e-05
6.605643579576923365e-04 4.226043700184001239e-04 4.715299324819434857e-04 3.097932722422372105e-04 2.079895334587788364e-04 1.833240259162991989e-04 1.528281843920085872e-04 1.751705980248126045e-04 1.258450455184932431e-04 9.269310313307625889e-05 6.335536877692421898e-05 4.884348618127199219e-05 3.762336253220137751e-05 3.099652339255185951e-05 2.747322638867731828e-05 1.484523487388662161e-04 2.655282233958391634e-04 5.363440682000060130e-05 6.147020900926672445e-06 3.812654877588670527e-03 5.918091872149248354e-06 2.622218820143101963e-05 7.125702353917134349e-05 1.715403315354083126e-05 6.400051921289807164e-04
3.370437207161451078e-04 2.603286116203067471e-04 2.383347601056261310e-04 1.625185078479817987e-04 1.927088143700678938e-04 1.759047928529115540e-04 1.767077587971268714e-04 1.297575011838155703e-04 1.134329226861856694e-04 9.933462129570195989e-05 3.157447772055963636e-02 2.307779072968748539e-04 7.748247369088774453e-05 4.829432396027544402e-05 3.047606807878409325e-05 2.605318523736917464e-04 1.947895931212287616e-04 2.679853960829935145e-05 5.028465947489300534e-04 5.765878534732661041e-06 1.969779235394813078e-05 5.940238874109578151e-04 8.271373970629982905e-04 8.359966144330682747e-03 1.278563647218152691e-03
1.198503178690252116e-03 8.552457474084316147e-04 6.960195644683244906e-04 5.944946640097422547e-04 4.913984498738685047e-04 2.873138859402487666e-04 2.367235282180554399e-04 2.468695407466614620e-04 6.766651299276524832e-03 2.014670360249068404e-04 1.396318118354416507e-04 6.295926953778439557e-04 1.080961885303148920e-02 8.068613870600816569e-05 4.432109758176363781e-05 1.788103650144320887e-05 3.046626922903630883e-04 6.132915688012538123e-05 6.202440857253987471e-06 6.228516333578907649e-06 3.654163127438015838e-06 3.694802188060478226e-06 1.371069644358372203e-04 1.332533276117866537e-05 1.065663086679708230e-03
2.305505760249855431e-04 1.827065206070513197e-04 1.450326866058070845e-04 1.128370691258555428e-04 9.027200697740210100e-05 8.064053416770502341e-05 7.900049218127168642e-05 6.617208605428980895e-05 6.031669187131800535e-05 6.373697424025598812e-05 3.796626847311441517e-05 3.028161549992778939e-05 2.460401336725358317e-05 1.877928339493648263e-05 1.518897020820229868e-05 1.274196654973891579e-05 7.659632012822173864e-05 8.744408083065011760e-06 7.864518971654341570e-06 1.394330877092309251e-05 1.207183121163837164e-02 9.880764429659360035e-06 4.277707488252186895e-06 4.082898743155030305e-03 2.106010751185060658e-05
6.548691916285932909e-04 4.460515234902000161e-04 1.806058643988930088e-04 1.347731712676167933e-04 1.139872339776381319e-04 9.808777435111432855e-05 8.498353342587712804e-05 7.350361338369301733e-05 7.106310747093579018e-05 1.943960321700430240e-04 1.068572775309718781e-02 1.874216663730439479e-03 6.969615022627475708e-05 2.851328166321138332e-05 2.180730014162944201e-05 1.520505427753482292e-05 1.018005114783927421e-05 6.986634040865085732e-06 4.720488434241142792e-06 5.577712638693963376e-06 6.311471338033838255e-05 3.335099970352573554e-05 8.112334777648160617e-05 4.379736010259913754e-04 2.658155164941385031e-04
6.798663656220459844e-04 5.460143079155092187e-04 3.404760391277772283e-04 3.322273780269104906e-04 2.790236962763119853e-04 3.089280676788867266e-04 6.757254611278958089e-04 3.241406908877978148e-04 2.953731814664745299e-04 1.787550970968157548e-04 1.163406810849388820e-04 4.658940506650616187e-04 3.351922172439362178e-05 2.288500938037688222e-05 3.861236890244632881e-04 1.847280173387654169e-05 1.201745803311576425e-05 1.908904099615126035e-05 9.537352270370499222e-06 5.510329214650663788e-04 1.133967503097960915e-05 3.012310995220717391e-04 9.908241979333070996e-05 1.076109283392830991e-05 1.250584917204847560e-03
3.839636471836130934e-04 3.344217633631499831e-04 2.988995301081006305e-04 2.640440417050176486e-04 2.949370780605991074e-04 2.379410432242794388e-04 2.219013135476756589e-04 1.439170294254063639e-04 1.358316377896188554e-04 1.090754406723031000e-04 1.788583520864016471e-04 2.126239953030521421e-02 1.528663620705137717e-04 3.431167047410430693e-05 2.694112412767404619e-05 1.830615770073782121e-05 1.541588559239633551e-05 1.063101464693530005e-05 1.021195788018729456e-05 5.981331995110737460e-05 2.882155370446407017e-03 5.509590888268896995e-04 1.569300202933795888e-03 1.487516115935127526e-03 2.478574275239119138e-03
8.747020494911213672e-04 8.415814946110688902e-04 6.713532724903888355e-04 5.238028959112233252e-04 4.317076370387404219e-04 2.441844034385108261e-02 4.594402817547447852e-04 2.011219981418926666e-04 1.394272184198964190e-04 1.048057785852132796e-04 9.178699906508969576e-05 6.500097448234168406e-05 4.292075092133686002e-05 4.552815827156557373e-05 2.362098749462918784e-04 1.933584605137289513e-05 1.164259515619181562e-05 5.213615346728510083e-06 3.609333460097034975e-06 2.714795300188572120e-06 3.151526990097973857e-06 9.911920373704568871e-04 2.707585132537996688e-05 1.512823985966538855e-05 2.150170476617276755e-03
3.061210893503078789e-04 2.703967475158926140e-04 2.854145760878494639e-04 2.325977664358739097e-04 1.824284799220041511e-04 1.526497156663050891e-04 1.241840622470196612e-04 1.044797577535239093e-04 8.476694980209796852e-05 6.839149943358237055e-05 5.565614941258578924e-05 5.102400801045866809e-05 6.867226424412573537e-05 1.747712958493081569e-03 1.710214248059449183e-05 4.620863266612583665e-05 8.452619482771957368e-06 5.942920420882990610e-06 5.098863626687574319e-06 2.749333281216158156e-06 5.769381916726556503e-04 2.598294145404897597e-05 4.985311158889962901e-03 1.044963292189975330e-04 3.805369399680285871e-05
3.903056535220282932e-04 4.848241010574079577e-04 5.145886169398464997e-04 5.981779635643145760e-04 6.295715952361592921e-04 2.677022615959416540e-03 1.018903620706586993e-02 3.307615434765197554e-04 2.022951001729606792e-04 4.320762144567842958e-04 5.610324722232318956e-03 6.034889184317655824e-05 4.283717270143897523e-05 3.044799850705051227e-05 2.321984713048592299e-05 1.516241923809290824e-04 1.203143052258584873e-05 5.376978555906573186e-06 7.319755796809900661e-06 9.062542792150989589e-04 2.337776445978978533e-06 6.704803750195722211e-06 4.575012932405474138e-05 4.954665284943753810e-05 7.632781048385926879e-05
1.940179970457828185e-04 1.641900615042651531e-04 1.410957386196377459e-04 1.218300184117662699e-04 1.256968763314711586e-04 1.040050908773475761e-04 8.791914201317275633e-05 7.696013474575209455e-05 6.444588977478662962e-05 7.942607923704392292e-05 2.720488686230873414e-03 3.814140992954442779e-03 4.609941963047711234e-03 2.051969044179806912e-05 1.534000793542405198e-05 1.177979908225338495e-05 1.037593026102439415e-05 6.122383505403561029e-05 6.367872961959309823e-06 2.938753152167752360e-06 2.818961785187944966e-06 4.652218756314094317e-04 6.384675590836891811e-03 6.449449636530908063e-05 4.792670715720411310e-05
1.560585932730374295e-04 1.405194032621974259e-04 1.266223674593047732e-04 1.175860784911558039e-04 1.135050213573620781e-04 9.548524886893076469e-05 8.873329536816974773e-05 7.964044961047830006e-05 7.272432727135550020e-05 5.822755812774844838e-05 4.796617915216697277e-05 4.040974882371107244e-05 2.617524893710001138e-05 7.688110283076831242e-05 1.670588592573434526e-03 2.061548479708177683e-05 1.078725888848616979e-05 7.027088817502434120e-06 5.781664056838378078e-06 3.511947080599508209e-06 1.075435549156050405e-05 2.745025292953700812e-05 2.023938837390316052e-05 7.858316533408719006e-05 3.728632707258449242e-05
