7.721164620445385802e-04 6.953594634096622006e-04 6.129174289155943801e-04 5.245341658210362669e-04 4.553247375264866123e-04 3.819779189311135270e-04 3.113776287036674659e-04 2.446837863977192298e-04 1.906972791130881722e-04 1.489647043588928992e-04 1.142022025671669133e-04 8.678438248291188027e-05 6.584541070220730017e-05 5.100630403542126865e-05 3.579280518821580537e-04 3.374644457793718645e-05 8.804385663765990381e-04 3.306805717820989615e-05 2.682421465691969692e-05 8.381341230151717885e-05 2.603901834444547142e-04 2.186152886731445178e-04 2.567480692549253848e-05 7.090575816120168844e-03 2.665344949017081763e-04
4.814446272043710479e-04 4.314113312865828901e-04 3.754082662005907940e-04 3.270609332987674820e-04 2.826323979905380956e-04 2.412926650697965641e-04 2.046118929757687380e-04 1.729391472486605224e-04 1.423767104053973978e-04 1.181221886287542365e-04 9.685544870354627649e-05 7.735207600546663742e-05 6.733689125080641270e-05 4.513142194704905643e-05 3.629727659200083047e-05 3.102394037659441501e-05 4.434510967964635651e-05 1.608404319144540566e-04 1.353357414912476899e-03 4.419123019269691915e-05 7.897486744283666168e-04 1.307210891333024751e-04 1.650314210682627758e-04 4.081972938060090986e-04 1.884044625309547714e-03
8.660082245027367473e-04 7.896492071602139113e-04 4.991765395362529611e-04 4.230761405784478485e-04 4.380487566730961063e-04 3.781967626685283431e-04 2.752133467241320536e-04 2.245586130241562046e-04 1.886217490976693474e-04 1.690612773832699174e-04 1.625497559383319015e-04 1.190755115317963396e-04 1.174247201245295913e-02 7.324675833677329645e-05 1.490888715023403930e-04 6.641967761732475196e-03 4.516744791960164033e-05 2.842534241902388062e-05 8.139418792495802532e-05 3.418023468255884222e-05 9.357784680599870339e-06 2.175123990773022379e-04 2.096283243176327599e-03 4.597676634420393149e-03 2.032273769458258958e-04
4.542105119815704507e-04 4.132164259007543839e-04 3.759960355252491069e-04 3.308445598272943366e-04 3.100502586504582303e-04 2.800698512265500538e-04 2.331027042203034417e-04 1.866589892037517353e-04 1.494010205960505150e-04 1.202844778286062203e-04 1.046186167815563774e-04 8.262101811052439937e-05 5.671617561903410980e-05 4.048346150847156709e-05 3.089286243747937775e-05 2.369300947070111780e-05 2.082823554536010377e-05 1.786867596172007886e-05 3.960898264323118619e-05 1.032392020399489042e-04 5.422966151166106011e-05 1.013998396675439570e-03 8.022558781206898324e-05 2.063896694089912973e-05 1.544002955935211625e-04
5.282345985900673089e-04 4.231703110781984676e-04 4.266746732299874249e-04 2.801341064462833995e-04 2.049501146608946243e-04 1.691855570400672580e-04 1.422393061216160708e-04 1.214685607863333415e-04 1.042941479745655313e-04 8.850989427248569610e-05 7.726535548525684488e-05 6.982312127737537520e-05 6.607632216812873158e-05 6.327438580722648904e-05 5.394182636998244324e-05 4.440596886705307971e-05 3.773803580583832583e-05 4.141646009720708959e-05 4.572194230106931792e-05 2.217247898442282095e-05 6.165058429538962945e-04 2.382433436351087536e-05 9.739476693570498942e-05 1.541674747500093479e-05 1.184162401954096089e-04
1.332292470639504477e-03 1.040424180654859207e-03 7.945165906046203251e-04 5.424400290408266457e-04 3.346321890088159402e-04 3.357588231102746749e-04 3.558924245295953565e-04 1.783626025935672625e-03 2.473491823670936549e-04 1.572535681731885584e-04 1.279565903312913434e-04 9.439409637971447593e-05 7.056284370147379017e-05 5.440569068622462231e-05 4.872079466444428734e-04 3.476386268265512164e-05 2.780569615731701982e-05 2.047302822916436264e-05 1.489309395430663658e-05 6.823583231837948553e-06 4.262418201003824285e-03 1.529615476871894929e-05 1.419405430117271329e-03 4.899390993779158352e-04 3.233618423936894548e-04
8.422053573238918881e-04 7.294315026934358173e-04 6.104061737121298280e-04 5.165560930957142352e-04 4.339763697344798830e-04 3.592380907895584394e-04 2.961636921570953143e-04 2.459077667986492776e-04 2.055405755303541014e-04 1.645454443646174672e-04 1.313171727839814210e-04 1.078110344947464164e-04 8.194190714724419744e-05 5.280837241790753412e-05 5.092177837965921916e-05 4.831464463056864983e-05 5.622836802968888870e-05 1.752309167406787451e-05 2.694344800578356625e-05 1.976409351489783937e-04 2.028066161380639727e-04 3.884534491879650515e-05 9.147385544857042957e-05 1.401157750247932941e-04 1.176574342490697289e-04
1.196453154062757443e-03 2.418556019937411188e-03 1.082106781471493199e-03 7.100684988816982190e-04 6.603350248249091224e-04 4.334929481660465479e-04 4.584641472089701726e-04 9.373438894439881097e-02 8.305546793949047935e-02 1.707122453894118624e-02 3.665033187053741252e-03 2.265121349294010151e-04 1.808547169891652100e-04 3.334445844396027934e-04 4.143077518324725833e-05 3.714006939764086620e-05 4.965416585704361696e-05 1.019268530976626477e-05 1.029812520708256473e-05 1.921406907174897012e-04 8.183113151555922215e-05 3.056728064862984217e-04 4.347848305680046484e-05 2.541817722171711192e-05 4.075879000174690257e-04
6.032041781026307135e-04 5.186429533296847650e-04 4.461294766466724596e-04 3.798259346636201307e-04 3.238594061976268214e-04 2.789026344070268375e-04 2.365097065125766141e-04 2.037098460235522372e-04 1.775601215225257399e-04 1.499895338718354421e-04 1.161333162931861486e-04 1.090425504846685137e-04 6.554496823678571842e-05 5.121631433740958213e-05 3.770709387911035370e-05 2.242507373371361269e-05 1.482608724918818704e-05 4.632076144840021324e-05 7.123064615470654391e-05 6.249593743696746015e-04 4.611723575392048108e-03 9.875998330940950407e-05 3.114060773581591780e-04 4.790890566128755813e-05 1.653464038317747139e-04
8.381304037558587978e-04 6.585331147773988399e-04 7.623393958085741828e-04 4.346434286384215427e-04 6.000682040774088771e-04 2.988418033080397643e-04 2.275102309932629241e-04 2.126100418041372586e-04 1.501856180504174034e-04 1.390593436261376335e-04 1.569795800372406666e-04 8.244200833943546520e-04 8.682168907717386210e-05 2.590973727216347683e-04 1.228660367032011723e-02 5.298531689439877842e-05 1.640617404760453049e-03 2.662057704564914761e-05 2.237780216325381319e-05 5.748364427199525051e-04 1.208725424971039619e-05 2.809553139552107629e-05 1.205534853770341576e-05 2.358437491601581151e-05 2.402055858450092315e-04
8.767535749194640049e-04 7.143916200441715898e-04 5.976422932556078481e-04 5.120073760252423891e-04 4.173475233819365728e-04 3.186005641341726905e-04 2.588149672810299102e-04 2.074353308201682517e-04 1.660201082720879772e-04 1.326600114094461083e-04 1.025254871868338966e-04 7.735727511828476000e-05 5.513107107823971378e-05 4.050208563769167356e-05 3.005846900890232523e-05 3.822027316093054431e-05 2.207745522442965678e-05 1.592972670461674970e-05 6.914094841746639882e-06 4.164526436343898207e-06 2.796938602008620925e-05 1.937608375324743581e-05 5.448534248703938406e-04 9.538202644034122154e-06 1.391988488798843688e-05
3.567086157038876280e-04 3.115402045081836239e-04 2.767466962602256044e-04 2.474872682623856777e-04 2.165432661282273689e-04 1.913824619761356552e-04 1.714047597106210189e-04 1.574905437757487519e-04 1.341290422477405735e-04 9.353678090542228319e-05 7.517448372090523195e-05 3.581048970893553683e-04 5.806794092724467315e-05 7.013011700323288061e-04 8.865781547567564899e-05 5.383381060779512543e-05 2.666648181629447151e-05 1.356021960593614173e-05 8.915425018386092997e-06 1.039786546559143778e-05 2.314241139844434647e-05 1.158405450542643387e-05 5.760859327130467012e-05 4.215362680242004060e-04 2.264022665084324340e-04
6.827963271386193076e-04 5.850002373265095895e-04 5.185043613448517535e-04 4.543869021471120422e-04 3.910491393918738329e-04 3.354820144249278974e-04 2.983065269454018365e-04 2.465678440707149604e-04 2.216039708403405866e-04 1.644617185846557238e-04 1.094922876255726931e-04 8.056973173956806142e-05 5.743619607359309539e-05 3.915751786260180474e-05 2.780525561212945365e-05 5.297527508252102522e-04 1.408133252961866092e-05 1.157602013172378295e-05 5.364991655120019693e-06 4.368526028309810507e-06 1.345341664004253463e-05 9.446006163720940528e-06 1.222602387365363027e-03 9.015203086016941678e-04 1.926851059642319729e-05
1.007666412717023044e-03 8.696989911025079182e-04 7.386293806112399860e-04 6.007941823917161859e-04 4.862219076033463794e-04 2.371407810874484872e-04 2.184852478049800740e-04 1.728691091892189469e-04 1.360246745123537646e-04 1.786001957502210229e-04 1.677718458919694427e-04 1.029438983076897155e-04 9.141334598792332975e-05 3.163485571362254986e-03 5.717403338981556229e-05 3.929073709501130314e-04 2.458535848984403084e-05 2.410282858458776423e-03 2.022507691110058973e-05 4.495976094333005625e-05 1.022634143536241013e-05 1.093529047337690150e-05 8.441742419795070685e-06 2.546650391226729717e-05 9.092536541131259181e-04
4.200046779847792385e-04 3.462186686657797805e-04 2.917282602189592779e-04 2.474140380466390812e-04 2.098762803106079308e-04 1.777971476040080554e-04 1.469008556409742987e-04 1.235813592346998973e-04 1.108626018913053883e-04 1.093794740844959148e-04 9.291396650806204281e-05 7.305677062119306502e-05 5.812742037584102417e-05 4.643270724647620569e-05 4.171613472076055344e-05 7.742224311398837513e-04 2.686821435078165583e-05 2.552532578827661233e-05 2.203805124504228899e-05 4.104201857640009062e-04 2.076045207456582236e-05 1.183399880850365640e-05 2.195506560751610939e-05 4.342571829201926237e-04 1.674311038785806539e-04
1.894212104896439994e-03 1.339685982721915093e-03 5.976607605216190632e-04 3.242642866133043766e-04 2.697357246717462811e-04 2.524479837860027932e-04 2.364800790019942495e-04 2.207533671659183750e-04 1.732058789389866486e-04 1.518746954105326013e-04 4.106863671785962455e-03 9.680451857396670337e-05 6.384516050038649621e-05 4.861169557990672178e-05 3.465599555498386907e-05 5.439606764508782928e-04 1.817763968737017108e-05 1.678163242925210600e-05 5.090829843049728175e-05 2.859412622571000481e-04 1.004737061024765257e-05 4.520701645025029824e-04 5.528196190576860477e-04 4.481501080881883804e-04 1.046048285791179592e-04
7.417479574055900948e-04 5.945688783414000093e-04 4.496854327924036557e-04 3.766716179488291774e-04 4.313969883520948965e-04 3.207832692738932169e-04 2.595013916070165435e-04 2.123741302947926247e-04 1.739824267342851040e-04 1.376960307725278408e-04 1.575101035406118225e-04 8.934024377676016645e-05 5.445021668409166506e-05 3.870161140085492604e-05 4.452864108688680135e-05 2.494892760869346117e-03 3.010764634420085261e-05 1.836513769024887593e-05 1.179135042984898700e-05 8.297799669650293404e-06 6.877554519643161153e-05 1.028601238298067341e-03 2.035734373406110362e-05 2.863273962876854584e-04 2.369882874591933727e-04
6.183982266487390942e-04 5.299800293453630446e-04 3.900843407406007343e-04 3.128183629729460510e-04 2.711008794551146659e-04 2.368659278923515804e-04 2.336900198288274842e-04 1.915867094916867198e-04 1.171364919667090831e-02 2.127938730738750985e-04 1.297659282213784783e-04 8.117311016416457270e-04 6.496591510560564386e-05 6.055954600009214462e-05 4.508737408340852309e-04 2.695206363531293310e-05 1.782545670188722826e-05 1.523546444700752627e-05 2.172420905846770525e-05 1.138050355074178497e-05 1.786714398367534486e-05 2.842613596531222943e-06 7.161575853756967352e-04 4.748652668623283384e-05 1.991019450520769250e-03
5.208011757866039043e-04 4.554597010196443697e-04 3.823445317239303047e-04 3.217854201040099525e-04 2.808660640066520876e-04 2.561769055850100785e-04 2.280850135350931808e-04 2.170282423437099018e-04 4.233061509162489282e-04 2.403273849185148889e-03 1.543223548249829033e-04 3.734677596118023265e-04 1.223967425283209052e-04 8.610578374707536942e-04 3.936343819700642674e-05 3.261348143165395649e-05 1.395549776354910478e-04 1.784239867910210569e-04 7.809582693847705865e-06 1.605916226891759529e-05 3.132049309828327277e-05 2.665572415993646489e-05 1.565643195696857400e-03 1.283394961670207644e-04 1.361059235225605345e-04
1.147418973830204936e-03 8.572234836154139391e-04 7.236124074670674620e-04 3.948674791068373458e-04 4.008970847221767506e-04 3.249994973263937948e-04 3.098868395584041284e-04 2.336278938333327118e-04 2.042214915493462655e-04 1.459484296106341149e-04 1.175922604861383508e-04 9.175081009163001491e-05 6.083459534723551372e-05 5.778427038194905641e-05 3.724243301656564493e-05 1.945744118871345517e-05 1.675656806130821822e-05 8.449387743557398557e-06 4.027535592476108378e-04 4.409354473211482951e-06 1.400945538780566336e-05 1.349990700370853058e-05 8.198919747738199511e-06 3.974553758744921980e-05 2.209390769395916336e-05
7.934663742150369374e-04 6.706358313017166378e-04 5.826338345573849400e-04 4.978553959006195347e-04 4.200415573300770667e-04 3.582679861605175082e-04 3.022911982478894010e-04 2.478044862849518824e-04 2.001239224064605608e-04 1.543265717237983080e-04 1.117358894520998361e-04 8.283543966551460975e-05 1.453513104179684004e-04 4.697751335426414166e-05 3.678390617854845109e-04 6.049866348940337470e-05 4.168716940391238883e-05 1.937433819516232275e-05 6.288444636936063375e-04 1.848673925075263900e-05 1.587951678696787291e-04 2.767386605346717240e-05 1.808584766841668089e-03 8.476046798071193000e-04 3.449065090831648591e-04
5.153584469587729928e-04 4.326752535333424190e-04 3.614033972081950961e-04 3.063223085276596774e-04 2.606175021578397669e-04 2.238156075765520691e-04 1.904885271317746144e-04 1.617932778561760837e-04 1.383504279367436601e-04 1.159546018205526158e-04 9.294983631325953743e-05 8.639175248999614299e-05 1.108633987127519138e-04 4.278205911310769237e-03 4.181806716793419720e-05 2.082767597588357830e-04 3.281883580290047140e-05 9.616808087423831769e-06 6.021521976213678419e-06 3.296159190704736511e-04 1.934902470748788104e-03 6.305153812811616759e-05 2.520218931337319209e-05 2.889466521329854976e-03 6.105108887513371538e-04
3.345139001831445922e-04 2.825775638740424039e-04 2.705001470896734104e-04 2.897392976685127892e-04 2.286910983140731603e-04 1.872048627963131869e-04 2.773813249932293693e-04 2.726802283474776163e-04 1.428198896387572231e-04 1.158752336038401947e-04 1.990808535420471250e-04 1.139723620790659628e-02 5.017874725069774045e-04 1.100738146349484076e-04 5.156282582158942812e-05 3.740192730917182910e-05 7.586005796047999811e-05 1.681722176222436935e-05 1.302203851614707072e-05 9.097189652607077419e-04 7.227403617928346595e-04 6.268436401410712936e-06 1.238495234410190307e-03 1.953156594750975940e-05 1.279897055746257763e-03
3.639750420477050503e-04 3.110725539148198474e-04 2.761318491288522361e-04 2.575947246244473469e-04 2.352809780159892232e-04 2.091231429826972119e-04 1.897832439209119878e-04 1.911663699402999027e-04 1.351037775670597821e-04 1.261575946006332754e-04 1.574562277717346786e-04 1.376942651072240152e-04 7.584546264230229229e-05 4.195687641184399277e-05 2.885977137627482211e-05 2.407409070180654612e-05 8.741031349897891928e-04 2.621898840886089751e-05 1.228260472712067034e-04 6.139303200628022693e-04 5.422605642535983965e-05 6.320919326174586456e-05 2.356265177969735485e-04 4.588714906274209246e-05 7.173953968837350897e-04
4.541223985768894837e-04 3.587254660498253645e-04 3.284807351550879276e-04 2.808613854174146513e-04 2.388856628809965272e-04 2.010819185106571625e-04 1.754687666654085884e-04 1.465490573911862543e-04 1.206485327421734968e-04 9.714177647672114725e-05 8.230001590130797500e-05 6.075149636787937035e-05 4.481428172683692244e-05 3.874080581000944256e-05 3.510109488289897718e-05 7.335150966722959413e-04 4.589622347202974937e-05 1.641117912632354835e-05 6.613023467326278849e-05 1.486810135650711973e-05 1.046074166814729693e-05 1.245689740735954419e-04 1.345735610124809917e-04 7.639374422298422242e-05 4.287609833989750800e-04
4.399455570711118045e-04 3.914640762380416006e-04 3.540447663278179619e-04 3.244689791460087500e-04 2.926794140943909462e-04 2.550218535532499677e-04 2.215538914331823548e-04 1.877908236350060527e-04 1.555276148461214752e-04 1.273054249422393030e-04 1.120722009394146506e-04 1.018837346778620173e-04 6.801254556409194827e-05 5.312657892885348429e-05 4.436533787493659249e-05 4.662329907828236002e-05 1.420900294185793787e-04 4.377781350352733230e-04 1.562044151537027401e-05 2.343326813780473265e-05 9.782503880037053914e-06 5.751972896222773991e-06 2.073234310499083054e-05 2.438212753151352955e-04 3.894250110197579882e-05
4.499132764244750796e-04 5.213461839959057566e-04 2.368912941511902548e-04 2.262655312004622143e-04 3.599718720657871501e-04 7.512202845243380438e-04 5.592127952721129324e-04 2.889044115269679552e-02 2.557086103338253617e-04 1.583380171685957018e-04 1.103753898540142236e-04 8.618942531279950305e-05 1.521445341064748939e-04 7.329435082667449413e-05 1.021282287975461452e-02 6.623919306438060450e-05 3.014929090654690054e-05 9.204868369520694807e-04 4.214084270339506146e-05 1.376369108737029866e-05 1.949716097762445267e-05 4.914028965115626414e-05 4.726421858143160337e-04 8.037662381907098065e-04 3.878471447241755438e-03
4.000165306218263174e-04 3.584575530978358288e-04 4.099939065845419105e-04 3.752994396403534186e-04 2.595069133327371365e-04 2.037301497562755525e-04 1.641065691678535447e-04 1.351962898738813252e-04 1.440441763400647480e-04 1.125555094714590887e-04 8.950712820467134816e-05 7.185071659958182301e-05 5.865705406014505710e-05 4.918970926159812193e-05 4.471209985767968958e-05 7.585430343330598103e-04 4.336376031603373857e-04 4.418290210438483327e-04 9.263113020141901070e-04 8.501129638918264984e-05 4.673038551964144114e-04 2.832749007697259652e-05 2.350101820756364296e-04 7.176296855231275586e-05 8.321477228592343706e-05
9.219269477175282565e-04 3.540446607200563311e-04 3.004700024030897186e-04 5.185028151417537959e-04 4.191973429866798070e-04 2.383634746642947482e-04 2.233049895057191855e-04 1.624539324559732319e-04 1.464340841777099424e-04 1.215442481856067236e-04 1.008403411997623898e-04 7.540060635643784149e-05 5.893326255627593502e-05 5.068924991146755993e-05 6.308889573009551354e-05 4.023221090704549396e-05 3.585609123651025310e-05 1.184089684531488946e-05 6.784418237861766856e-06 4.561614171899456165e-06 1.292349173948809407e-05 1.337522554430545086e-05 2.633971418401026709e-05 1.710042713505628871e-04 8.627988379148351071e-05
6.874766763655408477e-04 5.992170485293932649e-04 4.976284098791671330e-04 4.147276060859168487e-04 3.462870120733449008e-04 2.845803295195550777e-04 2.275763520624744470e-04 1.797908722716898668e-04 1.394390451851488264e-04 1.096252154443795894e-04 1.011758506923575869e-04 6.576420886635665362e-05 4.931262376754590746e-05 3.701435185711548045e-05 2.583718772322579545e-05 1.788923685248416999e-05 2.765465088422213336e-05 1.658006026776395495e-05 5.019143908869007071e-06 1.452165951720560486e-03 1.952709807032837580e-05 1.086243262929190709e-05 1.845274335696443901e-05 6.329301291573023965e-06 4.285919212594317814e-04
1.330358641989396341e-03 9.773628580886225756e-04 7.726639059547563484e-04 6.006007298331827830e-04 3.993034083229272230e-04 3.899103537198078239e-04 3.713926376225718320e-04 2.481071594201572118e-04 1.960028124087481282e-04 1.708361425705814008e-04 1.332846139372621461e-04 1.152219776296609143e-04 1.856813549494264453e-04 7.679264615115175528e-05 1.729851571309522175e-03 2.850450093652799673e-05 1.011922163819874650e-05 5.871690215205518797e-06 1.339586471221297610e-05 3.469973563442316949e-06 7.604694231015019402e-05 1.375698878096269119e-05 1.436861867146356718e-05 4.732069367650953805e-05 7.630080171432373744e-05
8.326298794464315721e-04 7.141812112784029064e-04 6.068065437133652283e-04 5.390646309621523321e-04 4.620817249088498353e-04 4.086774475060441338e-04 3.736383975172063022e-04 3.476231979096482475e-03 3.166463060597882184e-03 1.547214024715600920e-04 1.066038457520221362e-04 7.580474473761842497e-05 5.360911499426947223e-05 1.028721565548737743e-04 2.653525493576570717e-05 1.901997321090390954e-05 2.659101982096099734e-05 1.706517058827757707e-05 1.853554705221388665e-05 2.346548171960626840e-04 1.013044142416434331e-04 7.429582347378413582e-05 2.800570873945788298e-04 1.959643554392221591e-04 1.493824180874408415e-05
4.766661388766711151e-04 4.478273403276044565e-04 4.100820515921462807e-04 3.710470637655158711e-04 2.799182135362523051e-04 2.723497856989543745e-04 2.387013814598086905e-04 1.889848350478869358e-04 1.654834318989946104e-04 1.108060903821250792e-04 1.007362392184327205e-04 7.327300134618440930e-05 5.799215743121887735e-03 4.112132257331399792e-04 6.207022237510940901e-05 3.010713710221512174e-03 3.098854354549138049e-05 8.022716261209370155e-04 3.724838363484865372e-05 1.632708914039291055e-05 5.923115753332621662e-05 8.097082394818195953e-06 2.782872280557104047e-05 8.112704289182264602e-04 2.420851499295489408e-03
3.950948732339592314e-04 3.423748557538342755e-04 3.024664913652669296e-04 2.707968620970183527e-04 2.328972171756271486e-04 1.977722693428777569e-04 1.697677512708414382e-04 1.472407296449869873e-04 1.229669633634606610e-04 1.009958633650605601e-04 8.130491505570677769e-05 6.449883975104926063e-05 4.967416884721607441e-05 4.064864781851681497e-05 3.979158637539772657e-05 5.016431881787775408e-04 6.521816321322238940e-04 1.773622928188319059e-05 3.609851696669652787e-05 3.162113407660380394e-05 4.130951450606112430e-04 1.949317751765475187e-05 1.098725277482240867e-05 1.048700030722799256e-05 8.763748219361109786e-06
1.202759626624590834e-03 8.944528605990055862e-04 7.179892642342476953e-04 3.050534925461141026e-03 1.190891485128699016e-02 2.388057508438448911e-04 2.188785121576792094e-04 2.576834316181548243e-04 1.619309231805177033e-03 1.457524508157931667e-04 1.071713383792587978e-04 8.484677032178607528e-05 6.215230735153404542e-05 4.437821366225523428e-05 2.983570997465725228e-05 1.951469796522341493e-05 1.253671838789255553e-05 8.191493187026357341e-06 5.548080022682518007e-06 1.130761076346434191e-05 1.144924685715957978e-05 1.675921782171777572e-03 7.985916761290761192e-06 1.533972475411820056e-05 3.988664409820189192e-06
7.736103155058919080e-04 6.744445417923909626e-04 6.061273188905990728e-04 5.736248830834032864e-04 5.029530684912135625e-04 3.837519694760800279e-04 2.344887244156304096e-04 1.888554767717806723e-04 1.472784981423651751e-04 1.117222541454995793e-04 9.520164542351148272e-05 8.097366307713064983e-05 8.051228499701880035e-05 1.026070065825514070e-02 1.237043848650521772e-03 6.817054584623433449e-05 1.276496110959649079e-05 8.716741170028624594e-06 1.417951959010515115e-05 2.136708325319969931e-03 2.298153003184577795e-05 1.914315804299028824e-05 5.282383502822074212e-05 1.553567241311288878e-04 1.124441084413041367e-05
9.768473942745080959e-04 7.601920384967082375e-04 4.379533425609160343e-04 3.089861471268300053e-04 2.539762575146196498e-04 2.504749601419534524e-04 2.032180190349852492e-04 1.620407255545466602e-04 1.626285667383234551e-04 1.354766052290532234e-04 8.615358557094368998e-05 6.967061095546632813e-05 4.990301271456312878e-04 3.797983461367784175e-05 2.430917353440583301e-05 1.477135869962602166e-05 1.037170750968737843e-05 6.370349626470056743e-06 2.266231966829082499e-05 5.080854814977110650e-06 3.140475878234187031e-06 3.311017684509652023e-06 1.210550968320663360e-03 2.737864056239670157e-04 2.301495919752964545e-05
6.598300410380823593e-04 5.493815164853962712e-04 4.513042397154616472e-04 3.716177614878165723e-04 3.507207005187421380e-04 3.410818100622820329e-04 3.132354737996083036e-04 7.146370731902897209e-04 1.899427278847115597e-02 4.658314455719581200e-04 1.330746003144047198e-04 8.500543895625346997e-05 5.628351092815253175e-05 3.795756054538198485e-05 6.503196480293277142e-05 2.313089798045795406e-05 8.870712551972863898e-04 1.053477398489405004e-05 1.042662323417079026e-05 5.392853926236029386e-05 4.573140859862111045e-05 6.461393370938779863e-04 9.436403326005265860e-04 1.555587882160167600e-03 9.629525118757102133e-04
3.212633002103022729e-04 2.836839465433995018e-04 2.578772800196414781e-04 2.255914089712487687e-04 1.959003064674106308e-04 1.665562111467628573e-04 1.408934624420836305e-04 1.159582086082944197e-04 9.547101060863780978e-05 7.815949783209317104e-05 6.384303275785016215e-05 5.699092444040566933e-05 2.022637649463659981e-02 3.826490977076350483e-04 2.895015749615132604e-05 2.574477266660617927e-05 2.885288884214641758e-05 1.885369081684812662e-05 8.281028648869069936e-06 9.584744276720249899e-06 7.467907244494581564e-05 1.576443657621675394e-05 8.841119560481443103e-06 1.349811128268773277e-05 8.833945989183368194e-04
8.995861034995790949e-04 7.051289273021405261e-04 6.213200876303482572e-04 5.310129880158456555e-04 4.132245407472332453e-04 3.459335970284865272e-04 3.498166148134266499e-04 4.627885023535742133e-04 1.164592019549930786e-03 1.844938022358272040e-04 1.303307999805751992e-04 9.286243823056653337e-05 6.240323892475955320e-05 1.225361386643807797e-04 4.076689996381614598e-05 1.903435689209259440e-05 1.006287034374163614e-05 6.141805473598397497e-06 5.663684750729937030e-06 9.437951978917416481e-06 8.149120101767570674e-06 6.701384803959520561e-06 6.528259955451119089e-06 6.734559630845717503e-05 1.399312527079349779e-03
1.052082660895410637e-03 7.538536013357097091e-04 5.296054033478873662e-04 4.677060037565284787e-04 3.115266871907056644e-04 2.482926966476659870e-04 2.710054646164720841e-04 2.542719601085228825e-04 1.477373765510363898e-04 1.200712537832844767e-04 9.356665368948778496e-05 6.637940803776592482e-05 5.198676696602470696e-05 3.711310069485905554e-05 2.773531448537998252e-05 2.285954455375404100e-05 1.740785936650026105e-05 3.092258607146004985e-04 1.003851861321205996e-05 4.881997424030831986e-06 4.415037621646048026e-05 1.381638970853480211e-04 7.429393986782255643e-06 1.775579311877577897e-05 4.013925304294218297e-04
4.352913143790770553e-04 3.397226169065363098e-04 4.154637107442898957e-04 2.893558836242491120e-04 2.475611693703171252e-04 3.158710814043725126e-04 3.038936088541824157e-04 2.319589550450317373e-04 1.726817655499673812e-04 1.671124994433046882e-04 1.084883754825531941e-04 4.760927165026798517e-03 2.375114708565704321e-04 5.668095955520092793e-05 4.131373115562846218e-05 2.722314611926243832e-05 3.001531570787186617e-05 2.109392222428450387e-05 7.003351059690611549e-06 2.358571200522752788e-05 1.922962364549189729e-03 1.925127172135730801e-04 1.847167680669784380e-05 1.119082050823959844e-04 9.133951152717653712e-06
9.807383738236717663e-03 1.540369512285881233e-03 8.997189162189600563e-04 6.266165636273087576e-04 3.674969026772228250e-04 2.914162621461779913e-04 2.334944421118038157e-04 1.554837872798356586e-04 1.410939409488506957e-04 1.395708150688205627e-04 1.097044035968222821e-04 7.989857394063712220e-05 5.812140348875238007e-05 4.274965151774918137e-05 3.194843068202936652e-05 2.078634204517401137e-05 2.053605459134250191e-05 8.111566792159011170e-06 4.603197193928410148e-05 1.796933537459345992e-05 2.865903602571515086e-05 1.763394208163126562e-06 6.652596963510318446e-05 1.106976337202431661e-05 6.111846181598097659e-04
5.852387711299803690e-04 7.708638402371695503e-04 1.795905873076079516e-03 4.584227972420597957e-02 3.257740394695437104e-04 2.219579208312347522e-04 1.884648117780153901e-04 1.677506703536258922e-04 2.139870153043411374e-04 1.433088988012300885e-04 1.010636627215531904e-04 8.798850659627035706e-05 6.313700227370046291e-05 1.870141954461535601e-04 3.165641908305388033e-05 3.145699963970426360e-05 2.093552588994907577e-05 1.170258495668677139e-05 6.502005261974064266e-06 1.279414666116987563e-05 2.599003520747880918e-03 1.849421728553054330e-04 3.789727185321306482e-04 2.173523324902923670e-05 7.454379656044293093e-06
2.909587960971567449e-04 2.204291206966254235e-04 1.813368138958749716e-04 1.519898044834145344e-04 1.346074352246364890e-04 1.130906003704635249e-04 9.536896631732802031e-05 8.846743723113215097e-05 8.371013846271509911e-05 7.669168502549694050e-05 5.989282780611828935e-04 2.537954906724689680e-02 9.103779314681760841e-05 5.971043551973688804e-05 4.278485874559015650e-05 6.958155243995475402e-05 1.964821764979039116e-05 1.099485040706893044e-05 5.446328352416702295e-06 5.555505224317979452e-06 8.253370932805495497e-03 7.076741513913429986e-05 1.946832702375327561e-05 2.432996345554480999e-05 7.814657913573164343e-06
3.497844738935256144e-04 2.941370684594247944e-04 2.631491430732135523e-04 1.820133133556684196e-04 1.737632279049607553e-04 1.535727082781970917e-04 1.302581844050979204e-04 2.206092328979406534e-04 1.496725314802898991e-04 1.349968553009169708e-04 1.308602837443802365e-04 1.236642447410634619e-04 1.010301758560008361e-04 4.568738503965666430e-05 2.971556652871676718e-05 2.030177493968180223e-05 4.647189281392205274e-05 3.445960031189000412e-05 2.706625047128965897e-05 7.588031514761477318e-06 6.919660002648284678e-06 5.047999377493314231e-05 1.250502980999702019e-05 6.684526680893948579e-05 2.509838165638817367e-05
3.929794517689003445e-04 2.793241228899300682e-04 2.374618888414730615e-04 2.003289743382255766e-04 1.739946147217342240e-04 1.358238162972708572e-04 1.128888377147336619e-04 1.036631748954150721e-04 9.410562059112663198e-05 8.789586265202785245e-05 7.976541006748632113e-05 7.765173907090363106e-05 7.342936358466415725e-05 4.756253852658607999e-05 4.184419960442467838e-05 2.386809143388247446e-05 1.162667807630874233e-05 6.684608639565619823e-06 9.739640500361167915e-06 1.015614307007268454e-05 6.608103617956589231e-06 1.516909482367592734e-06 1.998029339093850224e-05 3.307657970075938947e-06 7.810526431763335786e-06
8.766955888583185868e-04 6.882815246131448149e-04 7.193103356834276924e-04 5.302334436143145164e-04 3.918519462752063313e-04 3.047429519994819492e-04 2.414387410455440350e-04 1.935990026951482504e-04 1.623579391006310169e-04 3.201893047771790465e-04 9.731424835425272818e-05 7.293695416897104237e-05 5.306982145653514144e-05 4.362151144854087802e-04 5.240515963985144509e-05 1.734846889373243249e-05 9.114385826404121507e-06 5.285085165543402860e-06 8.049803997705975265e-06 5.874799368309564596e-06 5.452353482519748854e-06 1.316461555586923740e-06 1.860866942348585171e-06 6.274678339399053192e-05 3.434672088651564222e-05
3.485171751081562845e-04 2.735512679231715742e-04 2.599358896834372029e-04 1.877351585997689423e-04 2.574627254727034184e-04 1.688921827349178500e-04 1.783707260472460756e-04 1.301008861187252894e-04 1.166871079708066010e-04 1.941001329311201062e-04 1.345373719925265746e-04 2.918057762814706526e-04 4.712419324318483906e-05 4.438915258559063140e-05 3.534079958936461950e-05 5.751114303736179316e-04 2.236359105824605378e-05 1.214522928573122620e-05 1.030638394474406964e-05 1.725206788472997358e-03 1.439986612029721275e-05 2.602047107469432566e-06 4.029194701029734717e-06 1.150888305412138975e-05 1.966236590786503503e-05
1.014326403869916966e-03 7.717946890692257414e-04 5.877919836785618340e-04 4.305556606308851204e-04 3.391197631693122273e-04 2.912963864903580797e-04 2.401572796673421119e-04 2.034288630765204806e-04 1.522586693628723991e-04 7.438262089915949208e-04 1.002659215704034749e-04 7.436428519867051507e-05 6.105832676394847035e-05 4.647442221540215590e-05 4.417631866471181766e-05 3.883879288762943048e-03 3.476189073226428175e-05 1.517702496734534228e-05 2.372937368029493137e-05 1.496940957734270752e-05 1.026834717654192198e-05 2.473694782067419217e-05 5.417635318691261170e-04 2.337960797711850552e-04 3.199718446895584282e-04
4.774670671778318476e-04 5.627562072430158024e-04 4.785692434920734329e-04 4.073751695502155238e-04 3.337638841006768868e-04 2.951066438126496256e-04 3.790222454866665485e-04 1.743813698034300211e-04 1.245385954188919450e-04 9.285731187140193563e-05 7.413121145278769213e-05 5.877557479747815445e-05 4.888821622274188350e-05 4.653513607470409063e-05 1.461232158389783736e-04 1.828078000800314150e-05 2.013384120671042434e-05 5.738805422372540190e-03 1.338391740322438200e-05 1.617324804593362186e-05 1.235000581534034286e-05 1.570699918658891850e-03 2.678359033372605978e-06 5.055684787230823023e-04 1.126283843014609133e-04
8.182776820480480977e-04 1.966129597367607257e-03 7.210277651835717309e-04 3.822769497035873347e-04 3.011403118150710848e-04 1.779153803103169097e-04 1.580930405773499033e-04 1.246809560439141528e-04 1.097098460632209911e-04 1.029732743912706690e-04 9.916541841391017151e-05 6.741049642844058464e-05 5.003638780396523720e-05 4.042523781166283177e-05 3.132412686042346575e-05 1.430996713751460630e-03 1.583802183736132576e-05 1.485045644163827343e-05 5.142462756935406750e-06 3.334897594153883432e-06 2.110689289106864612e-05 1.741543749999726731e-03 1.488353785458418560e-04 1.222565159030473836e-05 3.381262155427864811e-05
3.623622456842469516e-04 3.258831072335165646e-04 2.911400813646454976e-04 2.234459269934510074e-04 1.764703921473650863e-04 1.420211813433399359e-04 1.178589854079156209e-04 9.940880445074651642e-05 7.909189418737798351e-05 6.522765696900140761e-05 5.908677283097038524e-05 5.498096205329176600e-05 4.556028082811320272e-05 3.822042789658048310e-05 3.285691155473615191e-05 2.666626710430827093e-05 3.260168575510373869e-05 1.281077854431646115e-05 2.767486733052501504e-04 5.524699932491484075e-06 5.722811058695486362e-03 1.627285213492599917e-05 1.943924591798140770e-05 3.234586797923251250e-04 4.421636255537950854e-05
3.767769437353130405e-04 3.423229839247065144e-04 3.033282606017750839e-04 2.643719358666415139e-04 2.332490149681008037e-04 1.900305005279276393e-04 1.551928484097558208e-04 1.229107234677070211e-04 9.555461811927446077e-05 7.571847260077297845e-05 6.124495870701867793e-05 4.887258769348756614e-05 3.821656265427684975e-05 2.921537291547517611e-05 2.146753943201265528e-05 1.963082829790073377e-05 1.504311430840360496e-03 9.459448503387990099e-06 5.897245685680972635e-06 7.532298543745571296e-06 6.262747510434085705e-06 3.851235082396743101e-05 1.035555197004055641e-05 6.981755898511011115e-05 7.264381064453209139e-04
5.750915933156626730e-04 5.183577903697242015e-04 3.896863360069270166e-04 4.613281646812904127e-04 3.030876174886986893e-04 1.895478988705526766e-04 1.734560231127565825e-04 1.651292288259229967e-04 9.645610985894548066e-05 7.562956059237360533e-05 5.457475919925310911e-05 5.680237481107869481e-05 3.427405234496432512e-05 3.015878677470235260e-05 2.661777905185596052e-05 2.194611125542092169e-05 2.170097522700250835e-05 8.955188585219746422e-06 1.364666691583028423e-05 7.717231564810324881e-05 2.328609220785552775e-05 4.789002841625529435e-05 6.839034525086416696e-06 1.109374463123985363e-04 1.632842332355546327e-05
8.721994905599340800e-04 6.856419811632287519e-04 4.296630942531122553e-04 4.009667413880751139e-04 3.698363789169214545e-04 4.574681095455388098e-04 5.512724086515940125e-04 4.621889813984714213e-02 1.541211248671549565e-04 4.941303526114036856e-04 5.204235983317188723e-03 2.204440803612026697e-04 5.085550183318934971e-05 3.857555184471899188e-05 2.912261028373684560e-05 3.647268776956989202e-05 1.034978480726128938e-05 1.056194442389304922e-05 4.086987727433244704e-06 3.506225575117078707e-06 1.919663414957533383e-05 3.452543477672291697e-05 9.994165651627219405e-06 1.027421440692054247e-05 1.574896674179209678e-05
5.198218904119965853e-04 4.477989188923740403e-04 4.012609891550182194e-04 3.423209090209533068e-04 3.018338165594537290e-04 2.599542357417581034e-04 2.186681103913177106e-04 1.808780558756197898e-04 1.462745453766773067e-04 1.187160608394346523e-04 9.867137796737609752e-05 7.761813971371512634e-05 6.512835256374389621e-05 7.492359271035892979e-05 8.491626443189936521e-03 4.215625644995940011e-05 4.627344925384210914e-04 2.321278821170489365e-05 6.264049406739647322e-06 6.758209333351865765e-06 1.961349276299004273e-05 2.191200270510532729e-03 2.150135694589439418e-03 4.340328095521018490e-05 2.159121386466169624e-04
1.643947406988877698e-03 1.738028466985683598e-03 1.617918660372683493e-03 9.420138314722184504e-04 6.087796410529287784e-04 6.633624755784496910e-04 4.301377209243632620e-04 3.125644255175041375e-04 2.643120009186548545e-04 1.858576575225178709e-04 2.727303395208659567e-04 1.741871522059726700e-03 6.885370798940227918e-05 1.931179038192278865e-03 5.741789064830651960e-05 2.909273084935309133e-05 1.689459243060294162e-05 1.766333195971998683e-05 1.363699952414818970e-05 1.948266670907330909e-05 5.677832092564906295e-05 1.624749288266998581e-03 3.552663164287029658e-05 4.646034468375378687e-03 4.975555444490162554e-05
2.991070755430763053e-04 2.664824078593879876e-04 2.002170016642896482e-04 1.604413503020224333e-04 1.438213143114274752e-04 1.263375226482422781e-04 1.154378492492278660e-04 1.292968236357385945e-04 1.751949763089169748e-04 1.323044035449841575e-04 7.358370825381612649e-05 8.165754149362163753e-05 6.995891703345592284e-05 4.488058534238217341e-05 4.670247456436088615e-05 4.765172934439943826e-05 6.256158731735355033e-05 2.256307299850782155e-03 2.661746791137800525e-05 3.493734443035406620e-06 2.074388506746604501e-06 1.570090193039036435e-05 3.458325203362936241e-03 2.042285717986454436e-04 3.025568440182792592e-05
2.891469514263854835e-04 2.613735753198765028e-04 2.220553559794267637e-04 2.001330178302963652e-04 1.727807719924342620e-04 1.499699949799929686e-04 1.268002602851413328e-04 1.079968575472406705e-04 9.136761603549703621e-05 8.435509358262857258e-05 7.887971159724765393e-05 6.876079605796699427e-05 5.545558428218838365e-05 4.059466620853314849e-05 4.304700383716002395e-05 2.273756872830925158e-05 2.051770847016673219e-05 5.904511557697390286e-05 1.539249205573819354e-05 1.774082748470130749e-05 2.479172556153681309e-05 2.347826955098087655e-04 9.598080443661365611e-04 8.140215323485152851e-03 5.664898296927460292e-04
2.920598719544787846e-04 2.415448121631813560e-04 2.250295276170121632e-04 2.007372570582109390e-04 1.754603951925977259e-04 1.612279910918467275e-04 1.406623018128263884e-04 1.967104196353149461e-04 1.125000520945265248e-04 9.016487656608181784e-05 7.439580640606680874e-05 6.732390226718222472e-05 6.505333015712538229e-05 4.216152471629606654e-05 2.866521657872701622e-05 2.103843105547844203e-05 1.428074070122716372e-05 7.988081750506351942e-06 5.739074782793367515e-06 3.138638322717051126e-05 3.034943967672915036e-06 9.110336941488635418e-06 5.123142878670054756e-06 5.572899824831739423e-05 1.006644006329582373e-03
3.930914840015127315e-04 2.622499027256841781e-04 1.963750048874737700e-04 1.902766031679822682e-04 1.866948900872684558e-04 1.733608806479120228e-04 1.648039966113258961e-04 2.115700813601132898e-04 1.447100281490914988e-04 1.204651106102001232e-04 9.874797064826762710e-04 6.319305228616225664e-03 6.622361311451760381e-05 3.110065213910273953e-05 2.577579791701363357e-05 1.938334912346848798e-05 1.557955527369794387e-05 6.057882909775343929e-05 1.752794668751905859e-03 2.285493509489776255e-04 2.305846199702070283e-05 3.059454834388706211e-03 2.007901038584364252e-05 5.654953612023101738e-05 4.893414875423964178e-05
1.106953323067014910e-03 8.958631730280798176e-04 5.658143569916280861e-03 7.790214154290475744e-04 5.926440379454607109e-04 3.732305166060539449e-04 1.809801830064262235e-02 3.361314000428626981e-04 1.677820866254406537e-04 1.192658474981263283e-04 6.128164135473367080e-03 7.442772775637497649e-05 5.185127193964147519e-05 1.777795388549331798e-03 5.877048520503487701e-05 4.270203828996316529e-05 4.049090883468956041e-05 1.249747687528114322e-05 5.843824780933225705e-05 6.943862576835741472e-06 6.546592314421712289e-06 1.745456821031062669e-05 2.933645896795746520e-04 1.639516225659239871e-04 4.500820578500856479e-04
4.207935671260075406e-04 3.712582830631029206e-04 3.302338696894743342e-04 2.988394656439541299e-04 2.438648124086784379e-04 2.162882860490070722e-04 1.863571710459130610e-04 1.520682831166485281e-04 1.123383470860699621e-04 8.368683345060795174e-05 6.767641384929415620e-05 5.385365052423481575e-05 4.710560546397118606e-05 4.429834791856539900e-05 3.088425170120415452e-05 2.133495057611853394e-05 3.627185568872716269e-05 1.326300949354872354e-05 1.042926184736186732e-05 4.895212571486256669e-05 6.891117130695345811e-04 4.675788785387808015e-04 8.684793103289556858e-06 1.656061037493300768e-05 5.358625579965871008e-04
5.886734471084891819e-04 6.600707696134784294e-04 3.628099805134120154e-04 1.898006936635677263e-04 1.782024284842503587e-04 1.617167102894983687e-04 1.402705229878664845e-04 1.201598663692930784e-04 1.056122891560085629e-04 1.040120385729645310e-04 6.179453319592108861e-05 4.706747330528302295e-05 3.450863397505915883e-05 2.436930377756746572e-05 1.668069972734695293e-05 1.035873498956286546e-05 2.221440176714700133e-05 2.279951195076855485e-05 3.523566492633071603e-06 2.608684684556300781e-06 1.813967518017363573e-06 6.259902832652651007e-05 3.127668105139135706e-06 1.048455664634983554e-03 1.451000886571551950e-05
4.968664921188107588e-04 4.587808982097705537e-04 3.947952976322112797e-04 3.450038598509904612e-04 2.966031760415383813e-04 2.562111953498486059e-04 2.508908718823987761e-04 3.840026526513010997e-03 1.965045378848930533e-04 1.297578440081358802e-04 1.028231138406035847e-04 9.096750509742408946e-05 4.568579836716629705e-03 5.365768882504607268e-05 2.855324359522849764e-05 1.765748414198628759e-05 1.029226330695778271e-05 1.680698663901897746e-05 4.394666276851847160e-06 9.388414316674271708e-06 1.042632747288337996e-04 6.923287102221545140e-06 4.965794036106330509e-06 1.991558711835983105e-04 3.987466640948732839e-04
4.801373288173868938e-04 3.939342189362073521e-04 3.185484286174315185e-04 2.744882235142222997e-04 2.355662604351197733e-04 2.022254754842191867e-04 1.723120391658702942e-04 1.382624041148916951e-04 1.080743854320729994e-04 8.259307262600582250e-05 6.371643175780803835e-05 4.766271467032874733e-05 3.459522277561321343e-05 2.384402157207958617e-05 1.657600140607542278e-05 1.203984082745677637e-05 9.238878751436538193e-06 1.079855544969350558e-05 5.456338379914238398e-06 3.661812159724247039e-06 2.401984305816807431e-05 1.548270976879282017e-05 2.570846139414596573e-06 9.065239514061711453e-06 2.246145871633790152e-05
1.496292491709323410e-03 1.202973410968961356e-02 1.133359926854727098e-03 1.026629475025974758e-03 6.291799476744645110e-04 2.860945094847246206e-04 1.661983062098480832e-04 1.414368728447245769e-04 1.169792333410442738e-04 1.055569016710817290e-04 1.000536041891408829e-04 8.725520838681014458e-05 7.511361274156711800e-05 3.572895870013012998e-04 4.674614870459201034e-04 2.342654904606158471e-05 1.244920240357154109e-05 1.263250548083283005e-05 5.964905673186215269e-05 1.205933310672446084e-05 3.782212114890925515e-05 3.498804742063087191e-04 1.590314107006820079e-03 1.438355706395883784e-04 1.138070610382667836e-04
5.105759944043912783e-04 3.552780263730580842e-04 2.775379623868181960e-04 2.142542383717187791e-04 1.741744417758751351e-04 1.405058406744027284e-04 1.125874676383119966e-04 9.144348073384267906e-05 7.534176441751573214e-05 6.829655916919545513e-05 5.956232263345998380e-05 5.171879786205146011e-05 4.017319533283545378e-05 3.099603918075183621e-05 5.831582129035955942e-05 1.605350464584876039e-05 7.322566567089205643e-05 1.133091519065832719e-05 8.628203720059045585e-06 1.175061968410361799e-05 1.715893437166407477e-03 2.283461838212067494e-05 4.728574371594917552e-05 1.154397080265110001e-04 5.686322857030878287e-04
3.412699318285630974e-04 5.540738386017181024e-04 5.332712869651089942e-04 3.418278449722692968e-04 2.626992457546574282e-04 2.171018057501443747e-04 1.423236772675392505e-04 1.077813499714893735e-04 8.179861145857336810e-05 6.800350251455697663e-05 5.541535998620131351e-05 4.360065746891999411e-05 3.406288721861706903e-05 2.621937902836901139e-05 1.932584541098226333e-05 1.411692614082952039e-05 9.579320228006410370e-06 3.166250121630239230e-05 1.889781863814660932e-05 4.995522699628138601e-06 1.060052253365756172e-05 6.743738773449663463e-05 3.735342478373082035e-03 1.391497144735150347e-05 1.273752984059790209e-03
3.203348766760783840e-04 2.937103814593894986e-04 3.274989436977139004e-04 2.635405185926571400e-04 2.078011452520085798e-04 1.805707492242333140e-04 1.421118379973847223e-04 1.159664762081725797e-04 9.541175689915873121e-05 7.830085870820071626e-05 7.005019374985896579e-05 1.012025997289091507e-04 4.332134358008009106e-05 3.439589286404960055e-05 4.782679226472437829e-05 2.024753356360131589e-05 1.641730544909527945e-05 1.619358546036325308e-05 5.790780198551029280e-04 2.183708541157380068e-05 3.109746779913286619e-06 5.906095751561651055e-06 6.869071601846161155e-06 3.669180634962339186e-04 1.789696236509848723e-03
5.640348256700451800e-04 5.567167950752718560e-04 4.606167939045585852e-04 3.317886388329990485e-04 2.459734342073745619e-04 2.097584736448565644e-04 1.777772055201038131e-04 1.573724113886410046e-04 2.258736754720476990e-03 1.228249964831606641e-04 7.987909274711012090e-05 6.133809572718723244e-05 5.035695616429195257e-05 3.869518999751654794e-05 3.465284724673554407e-05 2.295752749588325409e-05 1.509579317037788676e-05 1.080919833688474168e-05 1.531214874417980657e-05 2.203647836219179714e-04 2.689718174278257014e-05 7.670320942416483572e-06 1.795741386028017878e-04 3.909548604801304654e-05 2.228646281490899593e-05
1.885071093716791371e-03 4.765970080470101344e-02 1.006388915598360355e-03 6.197278830719455756e-04 3.656331074354754744e-04 2.272591930709339154e-04 1.836866398436109993e-04 1.457235410652998507e-04 3.851442688375995155e-03 2.008928251574928581e-04 7.262052897870534067e-05 5.531180272794956101e-05 5.081899638415428153e-05 4.198269539363548233e-05 4.637076449229147112e-05 1.902575296478744595e-05 1.156199212007065421e-05 1.781744740210048063e-05 2.806812434686325685e-05 4.984626030892355429e-06 6.339440540437852421e-06 4.908007958779815507e-06 5.119194176807178795e-03 1.531390142162038557e-05 1.269989240030781289e-03
3.119336776428855134e-04 2.721704682124844268e-04 2.621399929204998812e-04 1.784840585960096844e-04 1.567971873517980531e-04 1.356060523952137126e-04 1.158597136301578727e-04 1.023430576683078113e-04 1.045683569149384330e-04 7.993746530544496227e-05 7.620104547234340410e-05 9.244554705448682042e-05 1.045801279268807364e-03 2.732251343484503136e-05 2.121345333231339792e-05 1.525528906567551207e-05 1.816017006989300561e-05 8.910726653412088405e-06 8.829791009772771488e-06 1.138616827131959498e-05 1.145059585441250134e-05 1.218199796400486983e-05 8.244295621798119431e-06 6.723081611526901451e-06 2.005213962623311893e-05
9.585813523272115845e-04 1.012788162831734784e-03 9.838651891482736497e-04 9.175168956523974649e-04 9.233298111589503072e-04 5.494951006742999477e-04 4.359422144721896634e-04 3.941071793686810811e-04 2.256848288415893862e-04 1.882427733740669399e-04 1.380661433900378099e-01 1.024235843238444017e-04 9.209488870452081123e-05 5.320341459958252201e-05 3.918651017604481612e-05 5.816480883276430904e-04 1.329025751698073126e-05 1.541200383410701343e-05 7.151082969164778796e-06 6.231359016748318615e-06 8.443627009720775878e-05 1.535994556710654733e-05 1.101321178562526928e-05 4.528062769450080957e-06 1.663997575520419949e-05
3.781462594056017026e-04 3.464728932044081815e-04 3.036772472814991777e-04 2.803758678161530566e-04 5.336847207720238611e-04 3.233664332230562315e-03 6.012404119363726901e-02 4.353094323512361275e-04 1.707711958564553845e-04 1.201540942914782731e-04 8.732089703880633799e-05 6.443814893307703436e-05 4.755368662568631793e-05 3.999964440863691288e-05 6.561230291133081545e-03 1.676967447430372069e-04 1.014582851730411058e-05 6.398704728817473650e-06 1.186167478495700184e-05 6.534536030402791601e-06 4.505593590498851101e-06 4.244107947780655419e-05 5.933668968424873295e-05 3.686146267780895312e-05 2.423051473917088691e-05
9.955533726998036775e-04 8.710176742532645209e-04 1.396392633857345689e-01 2.348582632688737959e-02 3.376712824467229652e-04 3.536840584884898189e-04 2.940876171986302082e-04 2.587129138285401545e-04 1.677264401115704921e-04 1.201997569856211242e-04 9.879813734890382799e-05 1.148056779288404478e-04 7.237108664699248026e-05 4.359207418127234991e-05 2.582814147789625286e-05 2.190468158476536860e-05 1.352535529829880990e-05 2.136352317929982511e-05 1.072912445484550605e-05 3.256748743857932973e-06 3.042099790786497980e-06 8.198462234856258358e-06 4.335108053700214203e-05 2.873205901936402707e-05 3.813304638613679732e-04
2.952953808777590713e-04 2.664105039563865150e-04 2.481420171099357253e-04 2.914280139834297457e-04 3.825247749945021925e-04 3.744563889977023299e-04 2.800053418717148024e-04 1.810463944412626122e-04 1.462028155437251702e-04 1.299587572133456602e-04 1.021856569877819924e-04 7.945625078818303281e-05 3.674596411037903690e-05 2.665616824351029664e-05 1.832611260855740079e-05 1.240195430804409385e-05 8.880218944186473687e-06 6.681583799542322058e-06 5.285928997576470844e-06 1.102385382227125978e-05 1.047962744565886789e-05 1.755913416610748509e-03 2.364358700176385185e-03 1.609935042526969320e-05 4.325261991558117410e-05
6.955514664187725099e-04 5.823369447140202583e-04 6.166690612121553811e-04 5.577587158943457524e-04 4.055348445056641674e-04 3.205485978543165981e-04 2.681830703224259596e-04 2.004939944984636077e-04 1.729180824046032286e-04 1.245372724523252444e-04 9.847332054538465956e-05 6.884432694362952506e-05 4.781929835463581457e-05 3.291707809180785825e-05 9.836616790437069109e-05 1.431340966146820873e-05 7.848834558417874734e-06 2.053706020037474506e-05 1.894697619216111420e-05 2.878603141817241739e-04 1.224979748660331573e-05 5.500308270949073545e-06 1.626696669894194422e-05 2.142465750213645641e-05 4.668459490326715882e-04
2.614943188947168131e-04 3.080541749554899711e-04 1.239321680166062620e-03 1.646473355030914354e-01 3.064775609309217715e-03 3.967880579732486210e-04 1.739262032417150986e-04 7.895385656326546757e-05 6.591719485115791295e-05 5.991862836968773565e-05 5.134834798093831188e-05 4.421920464488751391e-05 1.892933369514266046e-03 6.314567192886853559e-05 2.833071305987939692e-05 4.033818435050470931e-05 2.491477142466665769e-05 1.052454598698191992e-05 1.869323703393341421e-05 4.538197167217264387e-06 3.540691739215455573e-06 2.567326745343885952e-06 5.276822446862360018e-05 2.748550429647452905e-05 2.330546624620953271e-05
6.411609035614376870e-04 7.353797223121795587e-04 6.492343355506035229e-04 5.064336964934975684e-04 4.250649465924420255e-04 3.977975935555460489e-04 3.148300025191333321e-04 1.012637477078812695e-04 8.639794050013872612e-05 6.935592972427550185e-05 6.266372778514889795e-05 4.650709349291729975e-05 9.100466341819319520e-05 8.765457301396779866e-03 5.027568849793433294e-05 2.548583581136675230e-04 1.381718407493383865e-05 1.608103131565920006e-05 3.910355061040276636e-06 2.786606805140323019e-06 4.165337543748956785e-06 2.496099191001437589e-05 1.686974608192986621e-05 2.414244609861648542e-05 4.884017284750290667e-04
1.056550281593339642e-03 9.770504428660957159e-04 6.789277511478766054e-04 6.204186753869129220e-04 4.689587045868591855e-04 3.673459497075284809e-04 8.635719751716686111e-04 1.516270618425346098e-04 1.196161450291545534e-04 1.171101341106217458e-04 8.949800193084890250e-05 5.792356483637204527e-05 4.182282862758189492e-05 3.176270513939289888e-05 3.538799882110466076e-05 1.492795425277453086e-05 8.498370898032896978e-06 5.512018161563542071e-06 3.611583258741442572e-06 6.855290680529848228e-06 2.388871565807449604e-06 2.494228110613968410e-05 1.482457601023579551e-04 1.333598411872455921e-03 2.120109498291415520e-05
2.118153619816783191e-04 1.615940301718526582e-04 1.310361196180994802e-04 8.162087135113536406e-05 8.778540644420512924e-05 7.282427560865897516e-05 6.715966294890612443e-05 1.099393834378876615e-04 1.656770712953525219e-04 7.460812534091526040e-05 6.982512125298020729e-05 6.813129683669904885e-05 7.478876026019315470e-05 5.903679431491243724e-05 4.193066346517850776e-05 2.021703931326299222e-05 1.562659922086387254e-05 1.041159571939009490e-05 1.105198628636321856e-05 4.668700150910334887e-06 2.523958707024611859e-05 6.579478779224972436e-06 7.671925908982408018e-05 2.152726223197912140e-05 6.970789914746860529e-04
1.247557618405518032e-03 1.146151717038988542e-02 4.985061091336799718e-04 2.231246851648933547e-04 1.800436154343804974e-04 1.484056688167716316e-04 1.125058008636323225e-04 8.713639582474784354e-05 7.182371975442878003e-05 6.164746500327271828e-05 5.963462394488664142e-05 5.918297437144293572e-05 5.486579164668778261e-05 4.704142781546098045e-05 3.111673588927927334e-05 1.675878973049952601e-05 1.125051812232355768e-05 8.072291060585911281e-06 5.614135100991416507e-06 5.094869336174522354e-05 1.563046579406662497e-05 1.800705856159653297e-05 3.292382679282826116e-03 1.281078044942479712e-05 1.198360897742683021e-03
1.219522016576318020e-03 8.395445650398039106e-04 7.177104983368667651e-04 4.417191000233068338e-04 3.238978523926406487e-04 2.041516405054264382e-04 1.439462868813481792e-04 1.136467210489041805e-04 1.034107761887615264e-04 1.227450240802565652e-04 1.255432845381111544e-02 1.400568705809242742e-04 6.977469893478198523e-05 3.568448319826597143e-05 1.220775789604929950e-04 2.976645765487112539e-05 1.173563483408092200e-05 7.661359018413359939e-06 4.156194163789661092e-06 1.513741380717142836e-05 9.968492996633686461e-05 2.316305181466016234e-05 1.591977228949223815e-06 3.145534754271251402e-05 1.428502539603331193e-05
7.214173183347179826e-04 8.338710964205008416e-04 7.325744673029958290e-04 6.065890460129707120e-04 4.753595005738443791e-04 3.636110717137554975e-04 1.752886530086027910e-04 1.351964803186747784e-04 1.018161125109247328e-04 2.116712672784209668e-04 4.377269065888132055e-02 6.280906122392356395e-04 5.020989273220170698e-05 3.405944643182497953e-05 2.390961104507986494e-05 7.832948071817451079e-05 2.005007628827700186e-05 1.256243481749110100e-05 6.481969576201120890e-06 5.013836489380988516e-06 7.552372179835908737e-06 3.052733281684503162e-03 8.642692191288593197e-05 1.131432847483135079e-04 9.493249002063711226e-04
9.014662852578488820e-04 6.182351749738011467e-04 7.676033775271297321e-04 5.486176707593352778e-04 2.017513809557608200e-04 1.174550631489886622e-04 9.167163327273193934e-05 7.529261184527549094e-05 6.346795632264994286e-05 5.534977416742212550e-05 4.654258269506584596e-05 3.668162622900284072e-05 2.992822100379027251e-05 2.044964581677727726e-05 1.512047271534872487e-05 1.495269564169963288e-05 1.034213663032528240e-05 1.021706664320003635e-05 6.527084191730716353e-06 4.758787271078520125e-06 6.329124059209760323e-06 1.218043699127854384e-03 7.214170115326599400e-04 1.174846826478935101e-04 2.105168863906437402e-05
3.747762784754283226e-04 4.596447061771105408e-04 3.284193551005170665e-04 5.767817768824021109e-04 4.502711248058368612e-04 3.920927973391253609e-04 5.156597992790314978e-03 3.613941255922535731e-04 2.022154006746713396e-04 8.555476245845386430e-05 5.378975162528032189e-05 3.874121581274083401e-05 3.215839649597737349e-05 3.169536112377432398e-05 2.416990031067224102e-05 2.123205870284110359e-05 4.683459789566268654e-05 9.936789522347210017e-06 1.050018067941461561e-05 6.318075667645638633e-06 1.460132325863236404e-04 8.995595695855156050e-06 1.261590469611506516e-03 4.444833391176462563e-04 1.447645303244928688e-04
3.558027388918344426e-04 3.185890579822361272e-04 2.888954643526936168e-04 3.628059890671595606e-04 4.658287011083705239e-04 2.352567602751078285e-04 1.761975850787164666e-04 1.402785038102594356e-04 1.287805492560845132e-04 1.584331438769096868e-04 3.148740475028880947e-03 4.535651013655963350e-05 3.483044430162903372e-05 3.041907642249778017e-05 2.013961724653979413e-05 1.472827223220363958e-05 1.961702636290148794e-05 6.787861072778112503e-06 9.078723107666913155e-06 2.568428356680396279e-05 4.626618704211921685e-06 4.284585740150318248e-03 1.312644323974970079e-04 6.023110272745820615e-05 2.193979976669894341e-05
4.187703635597552756e-04 3.100250701622836035e-04 2.223471390319890642e-04 1.822463804987945032e-04 1.578061395020496688e-04 1.278534945283589747e-04 1.083525973450359794e-04 9.672441490892277503e-05 1.005007883437430044e-04 1.094779147748545077e-04 4.204389213832871765e-03 5.385610351378046083e-05 7.919629382934730607e-05 2.600211036523144566e-05 1.678881733774648737e-05 1.234601679577282447e-05 8.457852317296994828e-06 5.525086561020391157e-06 4.048509186002065429e-06 5.983002069662732899e-06 3.444700900793757232e-06 7.078235427095481074e-06 1.129150465730647735e-05 4.766809233049674853e-05 2.021503662003626981e-05
4.171439673988429722e-04 3.867766243041316910e-04 3.523229865837794266e-04 3.087029115377815623e-04 2.733904422250006336e-04 2.347348460105596821e-04 1.957681585099073482e-04 1.692459135245090462e-04 1.411441004136682140e-04 1.347003023360143184e-04 9.590456486185378439e-04 7.873623824833337432e-05 2.612115063426972972e-02 3.695643745230824020e-05 2.354425042223085457e-05 1.678604139437525752e-05 1.236809954089717119e-05 9.144070347544008972e-06 6.961260419053162591e-06 1.216572582323877141e-05 4.090717875102525933e-05 1.097806473555961370e-03 7.163780525177823773e-04 6.143633558679533098e-04 6.301242541778421039e-04
5.849090767637406480e-04 4.066941791256642046e-04 4.120460127186577836e-04 7.135845882501428957e-04 4.300380616107915468e-04 3.252720823195673263e-04 2.172102183434451196e-04 1.567022215607702645e-04 1.161658577554373125e-04 1.150588696781242428e-04 1.131742382780024156e-04 7.879591055157593199e-05 4.791412896554567640e-05 4.130715505574580654e-05 2.268228284204409811e-05 1.461503366531439860e-05 1.163127778407968697e-05 9.989218475349582571e-06 1.107974284960557084e-05 1.094516751159492485e-05 4.427900916384253034e-06 1.164622550334248026e-05 1.280659375401264231e-05 1.008983006251234433e-05 8.508599958989281368e-04
8.915498259956324001e-02 4.348099704570099547e-03 7.450870219163021778e-04 6.103516594715401727e-04 5.111886889622572388e-04 4.615678670209382470e-04 1.197254533476738159e-01 8.256977777435353660e-02 2.117953126103416935e-04 1.575380119142221673e-04 9.611107572066350589e-05 6.267651571094154232e-05 3.827949859761239286e-05 2.580570611664756924e-05 1.701667294646810595e-05 1.259221340217565137e-05 1.025824344760873044e-05 6.387025043161273700e-06 3.803076206695188673e-06 1.869494915723346788e-04 3.101517625951526488e-06 7.874233434897098395e-06 6.540099813648622602e-06 1.094166161832179723e-05 2.822417886428843452e-05
4.767561405925880820e-04 3.828293638271005575e-04 3.369137802955408456e-04 2.896611923462233439e-04 2.535248809398474171e-04 2.187799122756453531e-04 1.841122136129415732e-04 1.524966917057149886e-04 1.198847765524688869e-04 9.179079421209333561e-05 7.055266635667194696e-05 5.341277019018413405e-05 5.323500893014786845e-05 3.153254501867791657e-05 1.762770087569822674e-05 1.045328343825440698e-05 5.787061038018566486e-06 3.600533330465192266e-06 2.226816162157448157e-06 1.932195325388916646e-06 1.070253090365702999e-04 1.885550711574667120e-05 3.138044645300394273e-04 2.819927444367461270e-05 1.684712767660665944e-05
1.452231446602753918e-03 2.203034980356462225e-03 6.988118065282364344e-02 6.734305182162093895e-03 5.695636754957853192e-04 3.412378027301237859e-04 2.209119209468649243e-04 1.803828434242426193e-04 1.764158820093308304e-04 1.909017310563420472e-02 5.139609920963314569e-04 8.430730062051959811e-05 1.864459110128667855e-03 5.227984577322461945e-04 3.061792520572264469e-05 1.195076374962985338e-05 7.596412046713559708e-06 4.716867621902123489e-05 3.396264336953181639e-06 1.042639185056179429e-05 1.891536246088282006e-06 1.368104528969053115e-06 2.708768581895862687e-05 8.768254482956712095e-06 2.581511624086208693e-04
