6.976072031389278158e-04 5.795673140514644292e-04 4.870922746491825246e-04 4.282641714748458561e-04 3.886397520124323913e-04 3.508877736534260754e-04 3.012077820582754030e-04 1.724972641528927817e-03 2.157703257794553627e-04 1.603852389551723844e-04 1.389934106654477626e-04 8.698728749884432408e-05 6.839004067132393484e-05 4.895554388170293421e-05 5.102776479579864809e-04 4.416322888100176791e-05 1.835495933814597998e-04 8.681013552550750066e-05 2.463467836421300304e-05 2.916041612695302772e-04 1.072145499215448319e-04 2.362773370071106008e-04 4.863563856653324639e-05 4.056136426294477916e-04 1.485886933531517561e-04
4.219139690500130278e-04 4.021632644201251507e-04 4.827842651168811846e-04 4.359084845590613204e-04 4.155862931777167652e-04 2.946900337302028341e-04 2.299877631547602981e-04 2.128405768788858355e-04 4.411717058554792312e-04 1.303882799524225440e-04 1.109441982921283366e-04 8.586647450215613474e-05 1.530055187329918396e-04 8.358571759197516021e-05 3.812844518531111922e-05 6.397446952602845718e-05 2.225612041244929423e-04 3.449918270641879735e-04 1.118666297076692170e-04 1.723050715708388935e-04 2.007216921675666216e-04 1.836485261231616802e-04 1.221894007583257543e-04 2.859404380143861987e-04 9.087083728139919050e-05
4.435363662649094776e-04 6.137612816478457732e-04 3.840349645103146637e-04 3.891379788527605773e-04 4.033580194648092501e-04 4.827701901122095451e-04 4.576369980420369617e-04 5.179750203707371610e-04 2.356794699418012710e-04 1.954015512897117111e-04 1.608319719097867063e-04 1.029841101492470117e-03 7.723091517759591998e-04 6.592617497521806303e-05 6.902881046448579663e-05 3.838041161278106148e-04 6.603423355096540363e-05 3.267624269145414241e-05 3.359403897553013964e-04 1.289753388496720602e-05 7.448783181335641489e-06 6.085306448102855049e-05 5.413479850631062454e-04 3.753162481792389829e-05 1.223830428411963535e-04
1.396946813237825427e-03 1.421288276661237691e-03 1.094623015099371703e-03 1.070626549569097781e-03 7.734152774043671170e-04 3.933584903845223878e-04 2.688604239043479276e-04 2.331358902468073262e-04 2.278988297129357055e-04 1.504335579213809167e-04 1.349597302150406489e-04 1.104046495027205771e-04 8.476031092118694427e-05 5.743909657030540574e-05 4.075446266756192613e-05 6.229763985427401983e-05 2.951442450475799434e-05 1.612441176132573797e-04 1.127773440972936421e-05 1.527371892033690820e-05 6.974992474184299527e-05 2.333518752125950945e-05 1.055891697510417498e-04 1.680462016281849972e-04 1.233589519802034691e-04
3.913813302189179640e-04 3.313172267584414232e-04 2.829583566032949451e-04 3.006497573007189342e-04 2.529244753024701992e-04 1.874397155182418704e-04 1.685069932960752087e-04 2.234213655749277391e-04 1.451695012248178137e-04 9.496367661850455705e-05 7.327979002131724629e-05 5.863059005428590792e-05 4.741189674365326882e-05 3.750693983295388918e-05 3.126056472482693509e-05 4.330557782849589341e-05 2.857429059146120734e-05 3.819190940558738888e-05 4.006099356907996889e-05 1.084307347708577003e-04 3.007738917878897923e-04 2.095705565244546814e-04 1.279706688996913155e-04 2.407015694892366027e-05 5.953909004463904276e-05
3.362685863536896960e-04 3.198841273024679265e-04 3.195193529142774879e-04 2.453682546853173637e-04 2.452151034206622414e-04 2.781203807096274791e-04 2.698147798693447232e-04 1.729256470976724450e-04 1.275600165409829711e-04 9.806504575210123523e-05 8.231930187364986577e-05 6.686723691881824505e-05 5.309667326312011466e-05 9.498593363444935984e-05 7.572123085918796973e-05 3.357636785055240539e-05 8.493914817594240335e-05 2.534956634899500520e-05 1.162801602895969350e-04 2.995242755259676696e-04 3.951199659181958197e-05 4.951547288623310409e-05 1.186033118947646701e-04 6.076187004045445928e-05 2.781550590467959586e-05
1.198750982816577633e-03 7.408570502050057733e-04 2.724785935826187560e-04 2.265904362067488196e-04 1.961254672592832235e-04 1.690859968849195817e-04 1.510094745970139683e-04 1.361288182033206428e-04 1.235122093457248027e-04 1.108331677961936479e-04 9.132085932065350700e-05 8.021346453241395857e-05 8.245036350448139658e-05 6.562849252953267755e-05 6.471433701899049150e-05 9.415122803329096710e-05 5.480438554138282833e-05 6.753109126247732624e-05 5.435935582126807887e-05 4.197380389728100445e-05 3.277563470256556724e-05 4.188557215258196826e-05 1.153341466274068484e-04 3.632823223091569256e-05 1.098455537887357510e-04
8.854977133660675613e-04 6.135745958714927499e-04 5.883055887223704542e-04 4.992983793219128719e-04 3.739187603111438982e-04 3.189760688869995695e-04 2.650661681344985651e-04 2.426843896007016988e-04 5.349714016695030763e-04 3.740404416231793948e-04 1.285499887706305767e-04 1.598000300902986150e-04 7.301035247989614890e-05 6.544624845131056037e-05 2.166586494434763986e-04 1.409139904988686049e-04 6.119092504454770457e-05 2.152726001160152936e-05 1.405631017507350950e-05 9.353513097174705659e-05 1.658914813950151468e-04 1.114277161895201398e-04 6.550021357728299512e-04 1.257355426325118693e-04 1.984097921728894911e-04
7.834144083532788893e-04 7.741004264141893368e-04 5.998112715316310630e-04 4.824268662283797077e-04 4.109788321655532032e-04 3.509213079890515495e-04 2.982748264244306901e-04 2.514453176540128372e-04 2.114844532104037591e-04 1.728479063004602779e-04 1.311159426924671180e-04 1.082574428568323590e-04 8.715786176158246896e-05 1.290003647673467174e-04 4.163329974270661363e-05 4.891675089851974553e-05 7.298666523168285860e-05 2.172566085497553280e-05 1.938402997330956575e-04 5.396092398158138306e-04 3.886883395045146193e-05 1.036001948916181407e-04 1.164462972595677395e-04 6.178826487774270358e-05 7.793111271907144559e-05
4.811706629938006501e-04 4.334787703084140055e-04 3.940953828381566436e-04 3.498091586736837549e-04 3.093588105621228215e-04 2.800724059688527437e-04 2.434944908412320494e-04 3.773142297476255055e-04 2.132078433971207581e-04 1.750844506771671275e-04 6.355428749583323569e-04 1.678715750258390573e-04 7.374693620119707302e-05 1.335123741806809247e-04 1.250905507450980289e-04 4.488977705109386033e-04 2.030699796224829219e-05 5.733296541633192564e-05 4.229908305348790845e-04 6.203288050118143846e-05 2.056827500500442094e-04 9.576493240832248074e-05 4.959603804122720921e-05 2.043713582836488010e-04 6.923196173586766277e-05
4.869920355458192199e-03 3.905771712842209895e-03 1.827993177763076590e-03 2.518329708844053907e-03 8.503264390037661635e-04 6.474707859951435700e-04 1.153901349420225972e-03 6.771761432331495530e-04 1.128619656292662553e-03 2.442246859031786590e-03 5.637256750946212109e-04 1.038846692365891705e-04 4.437017174630401091e-04 1.939026568226878201e-04 3.991478281953391778e-05 1.774131386518902522e-04 5.362509690536779969e-05 3.183560742083559037e-05 1.151421733901366362e-05 3.567795788466018836e-04 5.674417316988152835e-05 1.520672990526477232e-04 8.235355569991146326e-05 2.827655888037534015e-05 2.860940244493449217e-04
4.419264373941063015e-03 3.845132176512029189e-03 2.386374084359719431e-03 2.287452365848055124e-03 7.170557540611867267e-04 6.379891211788957413e-04 7.197314408329972060e-04 3.970232778142998684e-04 2.235397510185522813e-04 5.708645458192832456e-04 2.390935403047813126e-04 1.209488427306102656e-04 4.362501893803516842e-04 2.464663643610345758e-03 4.236369039256469198e-04 2.251480377227427557e-04 4.283315338147742197e-05 1.925132132315891288e-04 1.256518658183133083e-03 2.853462440282224425e-05 4.272471969792397743e-05 2.957058002955080406e-05 1.712063720072335712e-05 6.169246896342170329e-05 1.486129360473804548e-04
1.143437629100821102e-03 4.864234585932025712e-04 5.437035806329817804e-04 3.508994152556525661e-04 3.208023284833452565e-04 2.961026507266648999e-04 2.530428673621118018e-04 6.836372340311166031e-04 3.533779309343982960e-04 1.914742794741840465e-04 1.233954434951573670e-04 1.002057839316997947e-04 7.031524076337082206e-05 5.667241359049142658e-05 8.023437776655152479e-05 1.170188241654811245e-04 2.384136842852727754e-05 1.034245585238870158e-04 4.802784225789642238e-05 9.575290819962988160e-05 1.263033944460210866e-05 3.310551714033930192e-04 1.025928812664526446e-04 5.564989641432231010e-05 3.843550393483491525e-05
4.304259863531669623e-04 4.821176057797284687e-04 3.858616140129473497e-04 3.353840031311814437e-04 2.763464527702271943e-04 2.684286763025424231e-04 2.402403627745892218e-04 1.873643419456245702e-04 1.491124065813387376e-04 1.881564859484552551e-04 1.874572461662431559e-04 5.321031420569426228e-04 8.219023627432207207e-05 9.244704549774552236e-05 5.858514352786209665e-05 3.081812585071688055e-05 1.873328513449533167e-05 1.284886330012894741e-05 1.176801470559940382e-05 2.929528448422421614e-05 1.577015064008255427e-05 3.394056880548054398e-05 4.437404185273763742e-05 1.570041575908661953e-04 3.138336120725353576e-04
1.265397055157172152e-03 8.908609836908873642e-04 5.313906814066721553e-04 3.744629061286484538e-04 2.952243681171923999e-04 2.438521457388634914e-04 1.833199898410242342e-04 1.533348084791630176e-04 1.287108197240892588e-04 1.091933778834181564e-04 9.340367318951090393e-05 6.872124294598141525e-05 5.645755406239134287e-05 4.698565259775555728e-05 9.334829455463656970e-05 5.972825839305510935e-05 3.784227222197917868e-05 1.040036774404265263e-05 6.023661444802451835e-06 6.957600267637462922e-06 4.228438858204020597e-05 4.066344769830500320e-05 1.219956577806534999e-04 6.395132189776758097e-05 1.845666792800032394e-05
9.945247345809367628e-04 9.520288661851657478e-04 1.212739973329948328e-03 1.302678481326429924e-03 1.399718942803273702e-03 6.905209121701101930e-04 4.293117517117687153e-04 2.061471034499582386e-04 2.043847199243547228e-04 1.270616599856204984e-04 8.806417765969886888e-04 1.511577849953827594e-04 8.543737811486758411e-05 8.121692200729007218e-05 6.058503301662074520e-05 1.012574964821741759e-04 4.266113365789629143e-05 5.758456392372998119e-05 1.027201582878471231e-04 5.524548084111620882e-04 1.027397506021719090e-04 4.393996235870092177e-05 7.977464041938967789e-05 2.177563591687816237e-04 1.338516456030414484e-04
6.876836430275615588e-04 6.360580067251645885e-04 5.581119162207178082e-04 7.728356160667696840e-04 7.728386929435322825e-04 3.412497876486463499e-04 2.244076658002831868e-04 1.978043107706350208e-04 1.703002805870463740e-04 1.826711502953746969e-04 2.130164942386760624e-04 1.348465571270377166e-04 1.080148164318098258e-04 2.746803336963096992e-04 6.003295760893937773e-04 6.680373987835617697e-05 4.704975842484624944e-04 9.700343709501417413e-04 1.387658245447983283e-04 1.665642323104350825e-05 1.074700440421820779e-04 8.226743728661334949e-05 2.584437453563115549e-05 3.117923719349496891e-05 6.355804014064493765e-04
5.445402924860583095e-04 4.818180889976701417e-04 4.240814651607134221e-04 3.733712760567915213e-04 3.266939975032666973e-04 2.794440552107846777e-04 2.841699584901732998e-03 1.608565429729467240e-03 4.711956100555044218e-04 1.990033908453850604e-04 1.245813524663836268e-04 1.490516893489983279e-04 6.093550452099639694e-05 4.613556110437584418e-05 2.552288164517470064e-04 6.619080290011397660e-05 2.959394888363548316e-05 1.113183983251972793e-05 1.059281204292542489e-05 5.247756687177951538e-06 2.799861623404242716e-05 1.345222479301113951e-05 4.007779030683031362e-04 3.027807374816469293e-04 3.339738738096499176e-05
7.934569031608910191e-04 5.461233004587049290e-04 4.887164253031837718e-04 4.998764866294473598e-04 1.466275525430324207e-03 6.258472450522317753e-04 2.593102319329830280e-04 1.990872953350661628e-04 1.680325355981412841e-04 1.375019375627353172e-04 1.053820762410729591e-04 8.848917942078923316e-05 1.194012009557242874e-04 5.068797978800109588e-05 1.421224675208524683e-04 1.939695771506510277e-04 6.073810989267457058e-05 3.011978492506140086e-05 9.163078329295129193e-06 8.463458867718990706e-06 3.041252594109620372e-04 1.721209986574959172e-05 3.502951567317871823e-05 2.747229416968807150e-04 9.807773559605947726e-05
4.861475510263059971e-04 4.085553856845696840e-04 7.129395466347316192e-04 6.278866658906114484e-04 4.111144334235800881e-04 3.469632551754391471e-04 2.272613369218133160e-04 1.922452422832819923e-04 1.648050236408813178e-04 1.346789779841493393e-04 1.822622702041958075e-04 1.464957345841749953e-04 1.220593522328997668e-04 5.675028281809988253e-05 1.796806193610059105e-04 3.251325834114227997e-05 2.018171407791959611e-05 7.828313765319476025e-05 5.041221992471394265e-05 2.704264274875800187e-05 1.186134530239504902e-05 4.217615786300426020e-06 2.551306990624154360e-04 7.619419666764908094e-05 5.157542564948983007e-05
6.241387813046992078e-04 5.532951880903830928e-04 4.936383699415379262e-04 4.285066929241599927e-04 3.672063864862325244e-04 3.138166611399837618e-04 2.698936247584290179e-04 2.355774394495118254e-04 1.964653654264179633e-04 1.623924032414512432e-04 1.338915576882273542e-04 2.408839108898217451e-04 8.423760161190100302e-05 1.671634035140594178e-04 4.599717863009757102e-04 9.434537589322266823e-05 2.233203826987049029e-05 3.360407660580949711e-05 1.700839610924546896e-04 5.148117438813380666e-05 1.624097466283425085e-04 3.795202700758826904e-05 2.311677385228905245e-04 3.038132741149836410e-04 1.225972141671133027e-04
3.778693186331042678e-03 9.564797345602170028e-03 3.832059141472077182e-03 1.407797573775715870e-03 1.755969820273946009e-03 2.966483699641629147e-03 4.093634777844003042e-04 2.055722198208529837e-04 1.376097060991960026e-04 1.113610001125852950e-04 2.476016686647669650e-04 1.548601929871636486e-04 4.312564613225117454e-04 1.887281832299188538e-04 1.360085970575039581e-04 2.554635353949154171e-05 9.581309668470250655e-05 3.968559605224983387e-04 1.849966868914897818e-05 1.624126989434856788e-04 8.519847155831293930e-05 8.559597117859915247e-06 2.473189857513374964e-04 4.367342923667089913e-05 8.124791472045978066e-05
1.464102196755016037e-03 1.090571982323150372e-03 6.279488736032705874e-04 3.407553268283791247e-04 2.586666415636930741e-04 2.870394828240487007e-04 2.133329084542798433e-04 1.910116780369500362e-04 1.465085395633462058e-04 1.137292990592863223e-04 9.929070672855102653e-05 3.517332304975335643e-04 1.807240808329841860e-04 8.589897560613262014e-05 4.437748126007928578e-05 2.380684108493338544e-04 1.486651038590674242e-04 8.112517990432938948e-06 6.853912083373005814e-06 8.393777017693561512e-04 7.168145476670176949e-06 3.989487028067614533e-04 3.374685587619147774e-05 3.965104328828354088e-04 1.083151480675544931e-05
6.313052969898385117e-04 6.078604040905851011e-04 5.852961432138790304e-04 4.112008415614958035e-04 3.105822420913412793e-04 2.472922447562663373e-04 2.890890423902974589e-04 2.685904269990729018e-04 2.376841067303199452e-04 1.669866178751611000e-04 2.862612455221708475e-04 3.260079799031873581e-04 9.199774664663500209e-05 8.374771674124068183e-05 4.609831286843805759e-05 9.774698305031131551e-05 6.223527109880254871e-05 2.000956345938371560e-04 8.042727114388550935e-05 5.402886552199047962e-04 1.071006809391649459e-04 8.582107390394104907e-05 6.266736453945979078e-05 1.262860786004545177e-04 2.080284418890495702e-04
8.966966979355593843e-04 9.554884126186901890e-04 8.873359741447501637e-04 4.307149998420728605e-04 3.558978933002721707e-04 1.865647075022850950e-04 2.702068430138293651e-04 1.593509679046383528e-04 1.394353544451774549e-04 1.406600507274073804e-04 9.295206930226280855e-04 1.128239915679407255e-04 1.297549109745375223e-04 1.763289048064773377e-04 6.658550226450960581e-05 2.596943689522980591e-04 1.018024357351289126e-04 2.090211604025692279e-05 1.663762716662326488e-05 2.370493737459597586e-05 4.021502269797089035e-05 1.654227582648211270e-05 9.613669624091328672e-05 4.284222319598159643e-04 8.518010865353946119e-05
1.124836710268960118e-03 5.275368525177242737e-04 5.481007811662129197e-04 4.927029228463810457e-04 4.374394387596535253e-04 2.963515525185184411e-04 2.435948132857273097e-04 2.013861891974198966e-04 1.695834158354517175e-04 3.401205438677302735e-04 1.236824189933100309e-04 1.516305210371368130e-04 7.056677540703618892e-05 4.660699696797814434e-05 2.960405287691593291e-05 2.969405611345439882e-05 5.115313461799032168e-05 1.190307894534691566e-05 8.030814410544248117e-06 6.551517199772706761e-05 6.391071723028553180e-06 1.758217108073771668e-05 2.819323498783991245e-05 1.341530529425277230e-04 4.609282450452148618e-05
5.083614303059638554e-04 3.367011181300463949e-04 2.879500979347915488e-04 2.587254498564538056e-04 2.869787121117379743e-04 2.032016672278459939e-04 1.706487304024606781e-04 1.444472211314554806e-04 1.302973937653880288e-04 4.047438724176838278e-04 2.874170016468391756e-04 1.826002305247393731e-04 6.098751876860120070e-05 1.016552963540256311e-04 9.405237141792947982e-05 1.007594996766844847e-04 2.320362625440175312e-04 1.483689273970438435e-05 6.482334146495410336e-05 2.137969012758550720e-05 1.764404768363310317e-05 2.488399791607752952e-04 7.317517467670039413e-05 1.285704596771727610e-04 1.579622114440057672e-04
1.847128073232035634e-03 1.284629506405353654e-03 6.518056711431537316e-04 3.212888737920452614e-04 2.504088255017514609e-04 1.958385994878438245e-04 1.709779854488045346e-04 2.031566147590735264e-04 1.880919987443611247e-04 6.288907126168224353e-04 3.474467167970196960e-03 1.987793290520908885e-04 9.983740523645635650e-05 6.254296931535650817e-05 7.962602558714129209e-05 1.263546171360918234e-03 5.661539310263468501e-05 4.547925184392261522e-04 2.416657841383569594e-04 9.329931957227046346e-06 2.088366202930350124e-04 2.262436908617057767e-05 4.178478332375348906e-05 2.329641332295649138e-04 9.517779367272351720e-05
4.531737975544783718e-04 4.024785780783790069e-04 3.744112756086022962e-04 3.417283318283720903e-04 2.961343979414604176e-04 2.640020663709336489e-04 1.994327115411854122e-04 1.570853595274514616e-04 1.264356132339043216e-04 1.155877595921177915e-04 8.768831391661414335e-05 8.725208322735581779e-05 1.851358752394661707e-04 4.498303690563165344e-05 3.400039058978151943e-05 1.882931688237870029e-05 8.938345993359397173e-05 7.120868035384994501e-05 1.727761412283942413e-04 8.047405709658554226e-06 7.305659286544865572e-05 4.067397225902893716e-05 1.712595311674676096e-05 1.702164866342085407e-05 1.194163733817130905e-04
5.556601668374712769e-04 4.493397436688510434e-04 3.649908151186482381e-04 4.614099500243397140e-04 3.864197546856449109e-04 2.129065692562018394e-04 1.662090816337547221e-04 1.418965137519050568e-04 1.366418330378250630e-04 1.091932043081926881e-04 8.991142692188812760e-05 7.385049494307668232e-05 6.422417333876874045e-05 5.174951304011750515e-05 5.043697778359077801e-05 3.455540353524539613e-04 3.005235414565065525e-04 4.311529047018185278e-05 3.229000886457873947e-05 2.315930163892098711e-05 7.621729098231940858e-05 8.275798986537404240e-06 8.967884351579415072e-05 7.332024389657266605e-05 7.757942632114980678e-05
3.057737279568185375e-04 2.597565886590438573e-04 2.259427216081745537e-04 1.955898018633223513e-04 1.706216221402235666e-04 1.484127200242091750e-04 1.276593970473771189e-04 1.131218050650440653e-04 9.474632965123574242e-05 7.671187404177419661e-05 6.272351195757503643e-05 5.226214899783977085e-05 5.076581303822954113e-05 7.501752576100544155e-05 3.293501473874297714e-05 6.963565491084749699e-05 2.222365590869607057e-05 5.390331694471576813e-05 4.768448766871863240e-05 3.257779376053858363e-05 5.728463211398097965e-05 6.599375310500141918e-05 2.649541485759726762e-04 2.627132651076546097e-04 2.805584138931351847e-04
1.948758615859658714e-03 1.164856969778761339e-03 1.032507328982598324e-03 4.133312380177361261e-04 4.436974592928645956e-04 4.015134846024446418e-04 2.316754090756108220e-04 1.841765829069739980e-04 2.571950025710632013e-04 4.732087176655912610e-04 2.240235316142038906e-04 9.104804992562259575e-05 5.852969333224348011e-05 4.321029836449228695e-05 3.458023673282705098e-05 2.544183776330124892e-05 1.236652183426219767e-05 2.754903972531235441e-05 2.748443180894245374e-05 4.064449120600326859e-06 7.028771306631184639e-06 3.999241322483676506e-06 4.728082613020423853e-05 1.489928905542269868e-04 2.864825931593216200e-05
8.836680860416349682e-04 6.928378183091532614e-04 6.399891354178079226e-04 4.261070261423569473e-04 3.860041170091337319e-04 3.124865526180748386e-04 3.664290314267490997e-04 7.780541793174893797e-04 2.981966196557742045e-04 1.501023597939621682e-04 9.155058740906000820e-05 7.306179862587273304e-05 6.401169773417627045e-05 9.952205535827971449e-05 4.087122705372399622e-05 2.822535832635287119e-05 1.226870884969158632e-04 2.557067715302987766e-05 9.250912146194821897e-04 2.680756827246846924e-05 7.071311783005049788e-05 2.616005526434992301e-04 9.598249210122621880e-04 4.038828922963207276e-05 3.087740447660621630e-05
1.572715086456333549e-03 1.344023795116366373e-03 9.386422705824764038e-04 1.090381164113199018e-03 9.780304993111542302e-04 7.443139953102002795e-04 5.145389024956929097e-04 4.678112604138723752e-04 2.209932783111900423e-04 1.506697410816132073e-04 1.234585147012241693e-04 1.039455264973111840e-04 7.969679095975850931e-05 2.625754506037077476e-04 3.657905597479005295e-05 1.323301131158013955e-04 3.687783252428324885e-05 1.294007933625657687e-05 6.268584235090139648e-06 4.903220715061718188e-04 3.761012155916402123e-05 2.166400219235366752e-05 2.940148246862902867e-05 4.076727293560147478e-04 5.989238108842695734e-05
2.371715549906221404e-04 2.054118730656400631e-04 1.845859131424618950e-04 1.585211352592759296e-04 1.308698623522705484e-04 1.274730596997619703e-04 1.276415537982899747e-04 1.150277917232713290e-04 9.522352189517488278e-05 8.394500712592106576e-05 5.733880656109373438e-04 6.267416408963417701e-05 5.332935046348600812e-05 6.564640602236658116e-05 5.376934254776825358e-05 7.267331869797072396e-05 3.737192121460120790e-04 2.032527049631771196e-04 2.584330673277403039e-04 9.640620132200368952e-05 1.859160169560385698e-04 4.200505754311405405e-05 1.429826385843250343e-04 1.584473593046226581e-04 1.922278823129031056e-04
1.133492255158847660e-03 5.766721266936998807e-04 5.112299427606182504e-04 7.760582550069844302e-04 3.039808012724223006e-04 5.492405013121835983e-04 2.875916971818357729e-04 1.757906054807881430e-04 1.473169086626101721e-04 1.234525291635815204e-04 1.130196973385767990e-04 8.158777406137378535e-05 6.103011430268172338e-05 4.759469499548013718e-05 1.516830152363980310e-04 2.727869842582844473e-05 5.708598873268312917e-05 1.168413838592127822e-05 4.195614036339868197e-05 8.998822369119088881e-06 4.673885659007187597e-05 2.839908306430922015e-04 1.089342005478006808e-04 1.565650157755423878e-04 1.304263879072942319e-04
5.804100270828193393e-04 4.322867616872619703e-04 2.114125404548433500e-03 7.534939701472743003e-04 3.698953524271847882e-04 2.321324343717947648e-04 3.065196205368337745e-04 6.723200639843988479e-04 1.113862844197578564e-03 3.614944349373516155e-04 3.630098289984307405e-04 3.409155617483864255e-04 1.022230817513410106e-03 2.516223980553756730e-04 1.383037792012712622e-04 4.973363351223529603e-04 4.454533023851916937e-05 5.214624544075426157e-04 2.304656093698319888e-05 2.080117843331201645e-05 5.484628040047039542e-04 1.411425906326785973e-05 2.887844650117404023e-05 4.921800926902398631e-04 7.700964263927379113e-04
1.133857888654196937e-03 5.424418092198531874e-04 2.448116223072916331e-04 1.803463349968985590e-04 1.948312365658705358e-04 1.875328514377406716e-04 2.347911979207511135e-04 2.562192442957476608e-04 1.500976509586264627e-04 1.339705208838957691e-04 1.019533166524963291e-04 3.458814703951832857e-04 1.725254792201051462e-04 2.783153414419771844e-04 7.390080473726790586e-05 4.624851328619995609e-05 4.127208392809220963e-04 1.236166454251392715e-05 1.047137245578956679e-05 7.924553670681205430e-04 2.102878830731576561e-05 2.783841052871619876e-05 3.119821937921370505e-04 1.355374513127903080e-04 2.416890546989864795e-05
1.399029775995984251e-03 1.119413350784934178e-03 5.348935425964469834e-04 2.463596612688196265e-04 2.078058837130571112e-04 1.801069587843305477e-04 1.537291582432615033e-04 1.307038302022753870e-04 1.108844040392650756e-04 9.111332299170601956e-05 7.554318329608702661e-05 5.776063993987169248e-05 4.468258035075949784e-05 3.383771870383951914e-05 2.429208029256279408e-05 2.364295553321101200e-05 2.223177624985095559e-05 1.461489060719579077e-05 2.663175453523217306e-05 1.614738142272374087e-05 2.381255913604653717e-04 9.176163841455839182e-06 9.594114722881519057e-06 3.015086144748233872e-05 8.096553560443017338e-05
2.410224643847497543e-04 2.305904063614670719e-04 4.960696014159386670e-04 3.604755715584073944e-04 1.919852349575307119e-04 1.944196767742711017e-04 1.682377377057060741e-04 1.817729954328306671e-04 2.036983084416755076e-04 1.222365834405354811e-04 1.119203080312167165e-04 1.083562344106780198e-04 8.605461214180516218e-04 2.350250775530795253e-04 5.462816362825990068e-05 3.698522715343947637e-05 1.572692384214318840e-05 1.021888567250501228e-05 3.285358387979534156e-05 1.593988041876558264e-05 1.091245949584713316e-04 5.017995727997405118e-04 2.600025292533525781e-04 5.592424553169903249e-05 4.974148179285127122e-05
1.035707938301139554e-03 5.976554967682608547e-04 7.317950016324662257e-04 4.681833640684951859e-04 4.050538853795401903e-04 3.367655664893643612e-04 2.468118752176965943e-04 2.504996801504268122e-04 2.158881319372319091e-04 1.711651904935165283e-04 1.376015361163134519e-04 1.037251468456659308e-04 7.339400701343702725e-05 5.005758577086788584e-05 3.196356862216639364e-05 2.711189710520085054e-05 3.883322107016166035e-05 1.193472297082954971e-05 3.654179811428890626e-05 6.866274396141349992e-06 2.090947107698846880e-05 4.678559116297993040e-05 4.535309569835802197e-05 1.777197379548816136e-05 2.552440754198401435e-05
1.397753495914211015e-03 1.235155835797582336e-03 9.556748850629153162e-04 6.014032184404086937e-04 4.007793375486685202e-04 4.486826974445566954e-04 4.500873284902879245e-04 5.126340453139431206e-04 1.483288764284306773e-04 1.208219392508999031e-04 9.584242462923233796e-05 7.910013179958030817e-05 8.166501373507851602e-05 1.114741408626693313e-04 5.450070757506811402e-05 5.626187185677412243e-05 7.062998655492876469e-05 2.315152075180604697e-04 1.233763230396941419e-05 1.019238271890739444e-05 2.472764336582379023e-05 9.379002539488623478e-05 1.486565751374669021e-05 6.720705802267246392e-05 7.919187479255680121e-05
3.413292371088959645e-04 3.068942167533036123e-04 5.320633420933462091e-04 4.368714789242432797e-04 2.473207548036893697e-04 2.178729154145365489e-04 2.651771631266239835e-04 4.453902694538371620e-04 7.400303145019527205e-03 1.422116418293722971e-03 2.926933118383498586e-04 2.219208079624730658e-04 2.919360379117163736e-04 9.828764732607661472e-05 4.822353117409619903e-05 4.250102421158644242e-05 4.400406910203111168e-05 1.372376002644593821e-04 3.239856095662746628e-05 3.490019604758792110e-05 7.984703100369647331e-05 5.062423347061810474e-05 7.410400842165866528e-06 7.767728357857118344e-05 1.130467061026947212e-04
5.686926986789937657e-04 2.918276181793751306e-04 2.423690913884526965e-04 2.195676125842454759e-04 2.738576945944525020e-04 2.445899984570788690e-04 1.506338470367079511e-04 1.322122425294443499e-04 1.490249284930567878e-04 1.258313885305427761e-04 9.413730205602034295e-05 5.939378616838637771e-05 4.540091755469576225e-05 4.041589956735940986e-05 4.016985234842740106e-05 4.826965143350357717e-05 1.052914742127237683e-04 8.135786716341368108e-05 3.018248391085905969e-05 7.119496951265435894e-05 3.822993759938236614e-05 2.784768778133231711e-05 5.878098926811184876e-05 2.695089936245695540e-05 1.724342664184547305e-05
3.240991427280578356e-04 2.698421336749680225e-04 2.349852137810385538e-04 2.079508881231631598e-04 1.921503776501963881e-04 1.916915575028156052e-04 5.460054717998753327e-04 6.865888840872015793e-04 5.049051041350987017e-04 2.289805204219573661e-04 1.971492181778146608e-04 9.251988601391258730e-05 1.186495663426741416e-04 7.668293716315328250e-05 3.120836304502199972e-05 2.159356761845057524e-05 2.762650045630018168e-04 1.816727433691044837e-05 1.301869742700730953e-05 5.999379349668901632e-05 8.669560064880323319e-05 1.411739648675358291e-04 2.206876266304252457e-05 3.930887914552482236e-04 2.927527923675686582e-04
1.074316773257986144e-03 1.008662282279448093e-03 9.127552673444739358e-04 5.573536303954273888e-04 4.000294300925720590e-04 2.480029250942588346e-04 2.251932632468784756e-04 1.881950833190469165e-04 1.367382926525452817e-04 2.109140650991955454e-04 1.556522069729898196e-04 7.506562524273868720e-05 5.323842579100663408e-05 3.696052200900677893e-05 2.564321596768021698e-05 1.927273586357510605e-05 2.594597741985305852e-05 1.550187316979636783e-05 1.433920468866097463e-04 3.264617444772107178e-05 2.580883315284073333e-04 2.229007052106159830e-06 1.969740940181790876e-05 1.129410685526443029e-04 1.897096231676523098e-04
4.703095023889393412e-04 4.249172065339437807e-04 3.838050301308141058e-04 4.048814688680130473e-04 4.081912573967288451e-04 3.313785023191930337e-04 2.866179929541708420e-04 2.400270101444122717e-04 1.741129963629520260e-04 1.378449073030989745e-04 2.144672790938957315e-04 1.181927073683792942e-04 7.758714707140225821e-05 1.802924773064389758e-04 1.011753285028867372e-04 1.843618791352581276e-04 1.359262169297250268e-05 7.463791746583310861e-06 4.768824572655474505e-06 2.571485817569722719e-05 9.388542117537354502e-06 1.208138500480363721e-05 6.114154029244000384e-06 1.147795147550696444e-04 2.524541937913893407e-04
9.170056404406812071e-04 9.703324568769733935e-04 7.986659035169849140e-04 6.232903183929202956e-04 4.609847044085707015e-04 3.483323123501051700e-04 4.203905656320547357e-04 3.619250948839660559e-04 2.404703932348123950e-04 1.539579694843145816e-04 1.553578936396264197e-04 8.148768841890185468e-05 6.493935034281722585e-05 3.766854053810589917e-05 2.911770162063469477e-05 1.794983291973838589e-05 2.518205082598289838e-05 3.109134546950997104e-05 1.492447433909039047e-05 8.147574853402046768e-05 4.291626829068146022e-05 9.672839441171646169e-05 1.557505145852480473e-05 5.689267367545286898e-05 3.283365871364567852e-04
5.637520467374794930e-04 4.792879272210113497e-04 3.147033560968542053e-04 2.356160466337454647e-04 2.034356747046784048e-04 3.971897200218399968e-04 8.390899673691613403e-04 4.348688824356520405e-04 1.763064895943946913e-04 9.888271967522802778e-05 2.147832650836781459e-04 8.412199776855132068e-04 7.294117124202085330e-05 4.657568297318089262e-05 7.698760807891313657e-05 4.009269454114799134e-05 1.333485351746145154e-05 2.948874277799413705e-05 7.437875381467093361e-05 2.860183458540349843e-05 9.202735885704057812e-05 6.132527058746762042e-05 8.404331793021067669e-05 1.336945740308524648e-05 1.587876133493167801e-04
2.332991388103460365e-03 9.168584852246906098e-04 4.385782793789542305e-04 4.935535480420113856e-04 3.530081436715025163e-04 4.582890240176801678e-04 2.053715651485718302e-04 2.369810550585858778e-04 1.442922504205742715e-04 1.271792117489077925e-04 1.797751341123180044e-04 5.819484769683637638e-05 4.547303194643742167e-05 3.465907246543333388e-05 4.156260443323836381e-05 2.599879391277747285e-05 5.843038173813353654e-05 9.099175499890087857e-06 5.652442637074916524e-06 4.642343179965446924e-06 5.784940353486465032e-05 7.733619425026275901e-05 1.390678600644613700e-04 1.659222802543057189e-05 5.155681939642549301e-06
7.939107257234589684e-04 6.330083889603128596e-04 4.551594658322207897e-04 3.408414251574732310e-04 2.607368067274361202e-04 2.362588724406577631e-04 2.073882077574659894e-04 1.708173871761639335e-04 1.469647224962217019e-04 1.155356271673608619e-04 8.508298443421795018e-05 6.695366585058828328e-05 4.901064389083346033e-05 3.641232929645289484e-05 2.691275712545555069e-05 1.986939048980231680e-05 1.076837069296070621e-04 7.043921806426799875e-05 8.957379630641058255e-06 5.391992399279848950e-06 5.969694824942063755e-06 1.517136817247289574e-04 9.696172357174415952e-06 9.619888198778479783e-05 3.171702496372874320e-04
8.966879166860438743e-04 4.351053125155252064e-04 3.285383773208618019e-04 2.528892134108905328e-04 2.085954899568948301e-04 1.616453083079555559e-04 1.302641152461369049e-04 1.033257647022023487e-04 8.602734612876811160e-05 7.079859922886281426e-05 5.716758295702108558e-05 2.779971918888688234e-04 1.832314658449207519e-04 9.531612103782888224e-05 3.074131912438975145e-05 1.835446807173728468e-05 1.386016419870354284e-05 9.449216256934206808e-06 6.701566785351794414e-06 7.072856819595913759e-06 6.948313198355706245e-06 4.355198825054672279e-06 3.767393618280252772e-05 1.501663361029864273e-05 2.384292222758580828e-05
6.750688426865248575e-04 7.399634479711404917e-04 8.936693188991636254e-04 7.634784555314460576e-04 2.832054647672920043e-04 1.397816436674979184e-04 1.367038927675965395e-04 9.852125770194992244e-05 8.199654833330225856e-05 7.083259062388548111e-05 6.612206201998844385e-05 1.068109180433744634e-04 3.100773295032227951e-04 6.209946764654712692e-05 4.022643391610338350e-05 1.904766887363859812e-04 2.591929038403890763e-05 6.524179995673248236e-05 1.100764990606738640e-05 1.013445529696837694e-05 6.844284452109909581e-05 9.444207339661708951e-04 4.539108595548641440e-05 7.256953844118976284e-05 4.209658746357811376e-05
7.686172807012254778e-04 7.873628173992593907e-04 7.217850937899431127e-04 6.448285332998017396e-04 4.489813889722877455e-04 4.331598470226083204e-04 2.830538784649712456e-04 1.836541367236746729e-04 1.561429362437469280e-04 1.486297943794870520e-04 9.258904011675596346e-05 7.724810509970724698e-05 5.609604833113726900e-04 2.060483219488272878e-04 7.988776728618138484e-05 2.770434053421675562e-05 2.054571040601838858e-05 1.333254894884522684e-04 1.798251340413517692e-04 1.110942790807500975e-05 6.344830290883898220e-05 3.753506030968894211e-04 1.931402688248992552e-04 2.327873785020419977e-04 9.323396604666077750e-05
6.735124322622428441e-04 4.537205177474873115e-04 3.795280377293750872e-04 3.259771752971580552e-04 2.749146808911186244e-04 3.024698508699772662e-04 1.810544716749397387e-04 1.227931527736230181e-04 2.521547796855450074e-04 1.037489122890141585e-03 1.744753234383810032e-04 6.396115322909996066e-05 3.233900963621701478e-04 9.369623249420572350e-05 1.205312452663275674e-04 7.161225986249016007e-05 1.768990352873386587e-05 1.185520370713099662e-05 1.303368573188153286e-05 1.075568727146708053e-04 8.935739659817425575e-05 5.899445347380155234e-06 3.142719413783651598e-06 1.234128516096389751e-05 1.062994930634867611e-04
1.050056223903537153e-03 9.618809101158999880e-04 8.653930405365224893e-04 6.223365125342739460e-04 3.650258519380998688e-04 2.932776135377756967e-04 2.349569268963325327e-04 1.656159292727865206e-04 1.385760820296891489e-04 1.127487793539042597e-04 8.589884219169700668e-05 8.067975788058289431e-05 6.508926280858064292e-05 3.767654849873277114e-05 3.233366989471337408e-05 2.714378108681146545e-05 1.452552849744419706e-04 7.115367616926364803e-05 2.948820166321488375e-04 4.006896851423992750e-05 4.131266241584221054e-05 4.356197499471260243e-05 7.702027702244566387e-05 5.478976437080815103e-04 2.770859300339264392e-04
5.627656924892980106e-04 5.073834822610291022e-04 3.650526371296016685e-04 3.273398884409416966e-04 3.903048113462498510e-04 7.927011593424127846e-04 7.168203210401188170e-04 1.530275831556174174e-03 4.613444864977689699e-04 1.389536523290621690e-04 8.809818951637257516e-05 6.992919443934438690e-05 5.492580746841350345e-05 5.304048493883599527e-05 4.707937649390454181e-05 1.174258031401893962e-03 1.118977847590727235e-04 1.886629269163256332e-05 1.325081904371791411e-04 2.702170124765468527e-05 1.379975155919056773e-05 9.733978860508634085e-05 1.150887094305034852e-04 1.627137817754605422e-04 1.808326707907210030e-04
4.088075419150181619e-03 1.773440781236529937e-03 8.308685483607792166e-04 6.776473924135676492e-04 7.888161472564442526e-04 8.303360077183477572e-04 4.249910384905380110e-04 4.932958638824641931e-04 1.618200645432231889e-04 1.315227852584314593e-04 9.341832491282133085e-05 8.956335340254500358e-05 5.845991528146162174e-05 3.164028591775307404e-04 7.914295941062933373e-05 3.771170686436766274e-05 2.274092145392918332e-05 1.256718956177983049e-05 1.265962773339577827e-05 4.684691770711238261e-04 4.786770958217346323e-05 8.237114955211307212e-06 2.847959206282437371e-04 2.856893255706732804e-04 3.341280370654037079e-05
5.813493601061172278e-04 9.081516996748473019e-04 6.591158356726786738e-04 4.049175579870429361e-04 3.410059210765991797e-04 2.582005029774856581e-04 2.327690303785761943e-04 1.622353985866057996e-04 1.604015020632604434e-04 1.146426498020992316e-04 9.628053576389969577e-05 7.185846464961247583e-05 5.127854439154463305e-05 3.836177411414445719e-05 2.534322998550409865e-05 2.657040358869876794e-05 1.101338236024929857e-05 6.735128835633970910e-06 1.757290781691275879e-05 4.822967069029820751e-06 7.189403106801687231e-06 1.598287519206775725e-06 4.346144592060480442e-06 6.415538429903123497e-05 2.796432380035405335e-04
8.517168002748028892e-04 6.529157556744966161e-04 5.216460596881208325e-04 4.566169345189735108e-04 4.194508666800603777e-04 3.673756543407001389e-04 2.117907413351485183e-04 1.970504879894015922e-04 1.399006363193384061e-04 9.993953195524671784e-05 7.802382147214786815e-05 6.495754830402676973e-05 8.734661228270991203e-05 3.288144005775743794e-05 2.420264713331070686e-05 1.882431098293253557e-05 1.828573408815851130e-05 8.632603019666338997e-06 1.176252634724770708e-04 1.895538178201851547e-04 2.070995683168395425e-05 2.589838577993675722e-04 8.547016087032660835e-06 6.858125547167254340e-05 1.551397147446899674e-05
4.242381602316007329e-04 3.656040638518798431e-04 3.169808550121353831e-04 2.919570427354280131e-04 3.273635183925037309e-04 2.146147176173674007e-04 1.857899500140399894e-04 1.600054375540528693e-04 1.335556809208966983e-04 1.127204330092478475e-04 9.089726456599189731e-05 6.398011591007565313e-05 4.727917882118135202e-05 3.502342952710745124e-05 2.876358184619789971e-05 1.804938598931170329e-05 2.748218747233648843e-05 5.559865010096358296e-06 3.469541393844490092e-05 1.831049788952094361e-06 1.447344910699126664e-04 1.624365414218440049e-04 3.021356330778294375e-05 4.745537357364510057e-06 1.441447423204728529e-04
3.900301763661460572e-04 3.427496613638875318e-04 2.851296378479015181e-04 2.786574330488926152e-04 2.214337515355424221e-04 2.016164416406859925e-04 2.806979520197305723e-04 2.081613466403022113e-04 1.633391404653558479e-04 1.394000760012659634e-04 1.212092304025204651e-04 1.172273871384429066e-04 1.075086261533129164e-04 2.633561726635244462e-04 7.833355586869316723e-05 9.296593421438874381e-04 1.565584356588975692e-05 7.643263248625051015e-05 8.651302389619855066e-06 3.059272447681840200e-05 2.244629014535171928e-05 5.407497280134613464e-05 4.732561373191502153e-04 1.469301089671623377e-04 7.165245263566982846e-05
8.999354072364542300e-04 6.840438892288782042e-04 4.099303414922374016e-04 3.249640816563952018e-04 2.686914834565164579e-04 2.215091748788986306e-04 1.758394727884751805e-04 1.517186119787350082e-04 1.255464071223690546e-04 1.044610615354424604e-04 1.363577032092002706e-04 7.520286382903609585e-05 9.363045916323672554e-05 5.038946930877093058e-05 2.894237390506141134e-05 8.190577922431767572e-05 1.265471914571567622e-04 1.462213557648731122e-05 1.364173212695987218e-05 3.287326063076025497e-05 1.004332204282547156e-04 5.517776370345869863e-05 7.555452480998784142e-05 3.519053390454223384e-04 8.562517128089134689e-05
3.115182621381697809e-04 2.752808537491329473e-04 2.466695034566132919e-04 2.192494161494500788e-04 1.901613900365823207e-04 1.637521080036234331e-04 1.394504744300290098e-04 1.157509526935789822e-04 9.706225734490427049e-05 8.263966260165346925e-05 6.616732544393805269e-05 6.662693465605004715e-05 9.538219000661192796e-05 2.242514680363062631e-04 3.061190560633856515e-05 1.560455338799725600e-05 5.807167973170279538e-05 3.941070710589742831e-04 1.827914531063331327e-05 2.756233610827130937e-05 3.360602587373293500e-05 4.285197746902439219e-06 3.790464458983801657e-06 7.021397131667500005e-05 1.424184770297376012e-04
2.894789166559129270e-04 2.567335146742200005e-04 2.299218920472896697e-04 2.218672442004734229e-04 2.515519671180572190e-04 2.339532661053734554e-04 1.319972920755301470e-04 1.039931659276369921e-04 9.039504945163133866e-05 7.810876804062135467e-05 6.256696469803980508e-05 2.989529947560808998e-04 4.810417783261037808e-05 3.683686450290784295e-05 2.864748603647500200e-05 5.335771483869679191e-05 1.976207006869870172e-05 1.322260020546435452e-05 7.175260625404577175e-06 6.786129555760948015e-06 2.678474870178238477e-05 5.032386316706974062e-05 2.801446297225078830e-04 7.466946922641163145e-05 2.434171117095032511e-05
9.284239190236483587e-04 5.881132897974438800e-04 2.549183419789744637e-04 2.731634262473474632e-04 2.435866598562874577e-04 1.781616981196501191e-04 1.572933482860922950e-04 1.313664474368025632e-04 1.332434784626257049e-04 1.206316753645645973e-04 9.101077670567149719e-05 6.198308471881458417e-05 5.194714348223050752e-05 4.444862021825262273e-05 2.911027569940394390e-05 2.269337340624783480e-05 1.306706524909900317e-05 4.606250765395277695e-05 2.685898347026303783e-05 1.997866693866873501e-05 1.962597333427204310e-05 1.200559838270622454e-04 4.483213462047039760e-05 4.362016485365417779e-05 7.066037495440485026e-05
5.495913452344102987e-03 2.695698426207103742e-03 1.614647362627838001e-03 1.267544944842107337e-03 1.967886599146052937e-03 9.994626094298178151e-04 3.330799539241244387e-04 2.013030386031984444e-04 1.795040873035474017e-04 9.860541997426819100e-04 1.182262490192822427e-03 1.154045708020063639e-04 2.504586693264120099e-04 7.325574690562665922e-04 3.695418145333175626e-05 3.095176983145749456e-05 1.332980678131205771e-05 1.627450407625692855e-05 1.022979039824832971e-05 5.314727716372187583e-05 9.897321662361391152e-04 1.094765438693969672e-04 5.956697682278814881e-05 6.453776653892542587e-04 1.052877750909902613e-04
8.327068631232678510e-04 5.495547227414328403e-04 2.584225710739207504e-04 1.974293833142397748e-04 1.800243769620168684e-04 1.919330586233465000e-04 1.597136547877944270e-04 1.462813512699671112e-04 1.216365523000905618e-04 9.598548268084865600e-05 8.932371907823487538e-05 2.460205705759782352e-04 5.800365734842090831e-05 6.878787381197589204e-05 3.253623645275063717e-05 3.364836573883110070e-05 1.664326286469728719e-05 2.086952884136684293e-05 3.959738007259109628e-04 4.971049980121092639e-05 6.656437302186187497e-06 9.401887021951949800e-06 1.175068514656032071e-04 3.514634217787224548e-04 4.200493770674159358e-05
4.362926794489069846e-04 3.591640753320641871e-04 3.692398798832134286e-04 3.362548243999969135e-04 3.078641892087148634e-04 2.748610601425147170e-04 2.712147340130777857e-04 2.356332120674251560e-04 4.361330312110453002e-03 1.204962290442371286e-04 8.649584993331595184e-05 1.247252672001018163e-04 5.129559325381891630e-05 5.815328478059114139e-05 4.286749853403372455e-05 7.051914502450651670e-05 2.144713658827116339e-05 7.841534757416558936e-06 6.851583926391169238e-06 1.300293939444835827e-05 2.238005975078461099e-05 2.825665011388992903e-05 2.356612296887729646e-05 1.412980338619766701e-05 1.030090591468808974e-05
3.822333677193037347e-04 4.002679360232641549e-04 3.461776288523139475e-04 2.527061434766885947e-04 2.549919519914579805e-04 2.898480633602138791e-04 2.010554972660027399e-04 1.815809034582548294e-04 1.598974770125422766e-04 1.968866410772402960e-04 2.743426587116746260e-04 6.566521539346555775e-05 4.643481907293128840e-05 3.794628114452463840e-05 2.956942205170592892e-05 2.110181184517402356e-05 2.138391041707709983e-05 8.402217307329228993e-06 6.092969933659366054e-06 7.295242603011457675e-05 4.240336567944462977e-06 7.388620208287296962e-06 1.837453148770058813e-05 5.604143047789669074e-05 1.375339864960591161e-04
5.481552663193108282e-04 4.935410781915765960e-04 4.500831667084828408e-04 4.169582365298799801e-04 3.203205079397039058e-03 3.712083549609444897e-03 5.937712093208082900e-04 4.387835004151394917e-04 7.094859514739735445e-04 1.236257788868585031e-04 9.492734712708935556e-05 7.193657591263029913e-05 7.743924999790031266e-05 6.424275406083415879e-05 1.344444840988733762e-04 1.942176304045836245e-05 1.967901818520902758e-05 9.659345870209554163e-05 6.147806815877991662e-06 8.418166201666542757e-06 7.665989119567434465e-05 4.156152433077326829e-05 9.682360858260841184e-04 5.555954831781658083e-05 5.220476030292608960e-05
1.048735845251689029e-03 1.152515379242821832e-03 1.185157064890015721e-03 9.314359072009998578e-04 6.860571810844760896e-04 5.085405862698594076e-04 2.471117189358771932e-04 1.488629081697842062e-04 8.907871046470558398e-05 7.693062233480089072e-05 6.749947992949829521e-05 5.237024423605350919e-05 4.185444588680001932e-05 4.591004530920769923e-05 2.482822297422496036e-05 3.338174084393210397e-05 1.516900196692006718e-05 1.055831867928010774e-05 2.746440071620390503e-05 1.723856664393349957e-05 1.558329799637204766e-05 1.541739632245167860e-05 1.348105898799696367e-05 4.749936397852761599e-05 7.076961072440187686e-05
1.656553903491035521e-03 1.108992442338453677e-03 6.870224198750561877e-04 7.487948821309056485e-04 4.167302022938147049e-04 1.217801972206217134e-03 3.133179937471184165e-04 2.346532355386340117e-04 1.571627823207730201e-04 1.602748583188981512e-04 9.148773540955465065e-05 1.010583267270419810e-04 1.442544391130896582e-04 1.134026663356417974e-03 4.002439381922819430e-04 2.672393443600657047e-05 1.524649616821516598e-05 2.110653674008339646e-05 1.763806406972755360e-05 6.134322426060719246e-06 4.829574873916862458e-06 8.208086242282693274e-05 9.206335048662274236e-06 6.203727489270041554e-05 1.665288861693076821e-04
2.134288288263964484e-04 1.560714522989335804e-04 1.204310884242529452e-04 1.036210442576530465e-04 9.449696614737012647e-05 1.333809873851992105e-04 3.147404713412910149e-04 5.530081725132092452e-04 2.765488898690854238e-04 1.289860204577014658e-04 1.118899471678154103e-04 7.609097528807527385e-05 5.584964502071593001e-05 3.940088989233001351e-05 3.210731487097869913e-05 2.964964029744679105e-05 1.521426652399393011e-04 1.918655352449163617e-04 1.066110889716471609e-04 1.283187717376804883e-05 2.863196398051960203e-06 1.243689016922482002e-05 7.665558088818789668e-05 6.164951168366842335e-05 1.209718916669179318e-04
4.180392095192411901e-04 2.435062434098578309e-04 1.856744178882897389e-04 1.554485027032304490e-04 1.352403844317287324e-04 1.174376064864262595e-04 9.511879682160111215e-05 7.835834244950802498e-05 7.005844824876716415e-05 6.076702745259084223e-05 5.188136835468214479e-05 4.419410400148474901e-05 3.487213669393069804e-05 2.581467763973466326e-05 1.930973690093831810e-05 1.459311403182797201e-05 1.122776144176706847e-05 1.507468435652013611e-05 5.959667375687940475e-06 4.919273463221945123e-06 2.394778190208351858e-05 4.930626449056039253e-06 6.623618326694086091e-06 1.218309091028546253e-05 2.024134796785745046e-04
3.594769333011354432e-04 2.756036939811742545e-04 2.145802662232854910e-04 1.828431799210522026e-04 2.074051108297550114e-04 1.715318466289604278e-04 1.474869570028144007e-04 1.291225607085560436e-04 1.146135971582097981e-04 1.119478916326743816e-04 8.030520111818999782e-05 4.838797475595316182e-05 4.313420672301449720e-05 3.735754916522876891e-05 2.835046615937533007e-05 6.100059279593892866e-05 3.726519480091476308e-04 1.924859211922535452e-05 1.206847614632384465e-05 1.811020698855756676e-04 6.381252655735246719e-04 5.452687386515908045e-05 1.178976268317605794e-05 2.495274769889514949e-05 2.909272534947805202e-04
6.638901663911461835e-04 5.266444279135331068e-04 4.969875118587610552e-04 2.969176009502926244e-04 2.702930979687791484e-04 2.023322376461742509e-04 1.983119995160162647e-04 1.793052814684174400e-04 2.852568307746382727e-04 2.982088707311984083e-04 1.085347559148142651e-04 9.329612014266297168e-05 1.000643628846128173e-04 1.633114808384901679e-04 3.998017654312019717e-05 4.078713636395681628e-05 1.376532321030399956e-05 1.038290577365571173e-05 8.783075707808930753e-06 9.531523533907588873e-06 2.050080458892341033e-05 2.517713120546143796e-04 1.171863279646395963e-05 1.940363049784177610e-04 3.253991958705628579e-04
1.216001673978831703e-03 1.107650413713773697e-03 9.311595189245735387e-04 7.710993156169663977e-04 5.575005149454393153e-04 4.716570704940870767e-04 3.149635807827444608e-04 1.515018811362076837e-04 1.247465079576898955e-04 9.654196280935316873e-05 7.220794981686516850e-05 5.451854545973658465e-05 4.037969883896036093e-05 3.203597023054669560e-05 2.253613286118912783e-05 1.526158578039027064e-05 1.334324145565076072e-05 9.484094239727274694e-06 5.604815252131763551e-06 1.849120694602225207e-05 1.349760297575734872e-05 1.079920256481191321e-04 8.402898655085343671e-05 1.670085929001841870e-05 5.925547548962324846e-05
1.017162705541719506e-03 1.049158879939083742e-03 1.104799429093470883e-03 9.193773155118443834e-04 4.356435599513054191e-04 3.025890550753724032e-04 3.513482085777473837e-04 1.881085118823492609e-04 2.498770279413105267e-04 1.125441103358975486e-03 1.194942073761464518e-04 2.481177229865325767e-03 1.065887238552088627e-03 6.131459580290910070e-05 3.683259366724888338e-04 3.818252063597218834e-05 1.855258778907904142e-04 2.209115555160674383e-05 1.267346607643382746e-05 1.384897726428997960e-04 2.664474345045258569e-05 8.786036762229698627e-05 5.572273084779126844e-05 1.979300160425229930e-04 8.566769985255853314e-05
1.507605777608761206e-03 1.040246322732591615e-03 9.292400058086827588e-04 7.850187042044170669e-04 2.546871957528036383e-04 3.323814079687642683e-04 3.050650311957761943e-04 1.872997370486114983e-04 1.534200374418812518e-04 8.782208732052757233e-05 9.407153925995730040e-05 1.967482482263631371e-03 8.396676750352403474e-05 2.291430277274626173e-04 3.790813948205205136e-05 5.370732046774835114e-04 1.783097182185055054e-04 2.033712736039224652e-04 6.815765666910059610e-06 3.833439090555992144e-06 7.428976199770872083e-06 1.040973999348186028e-05 3.866255600700746063e-05 7.581041528825726813e-05 1.977755786276966157e-05
2.409924126892120429e-03 1.551414605779553348e-03 1.328180999771633305e-03 1.166410815063436985e-03 2.880757328878750037e-03 1.382185487455341900e-03 5.697939056071551003e-04 3.506971788122281741e-04 3.043139568966100298e-04 1.546495634332227965e-04 6.652511267784512938e-04 2.998405987018878190e-04 8.211517588005553744e-05 5.317158200909323924e-05 3.654101456717700157e-05 2.465763741101949903e-05 4.365765567538564803e-05 3.336634607025772907e-05 5.071726121248454527e-06 3.889672964162033141e-06 3.481684677980266840e-06 5.032886446418081110e-05 4.000395936825053202e-04 6.246019652752619487e-05 7.842691019916495912e-04
1.723080241788299766e-03 1.602542362811293364e-03 1.686392618398750709e-03 1.284998122155496742e-03 9.026191068123509686e-04 2.845272351694065616e-03 2.108869138100046350e-03 9.177036354334717561e-04 3.576527034063958169e-04 2.798393709464116509e-04 2.036374650985957877e-04 2.403344032864179931e-04 1.150846802844857644e-04 7.288645738550964101e-05 1.351199549247999109e-04 3.496117450843751900e-05 5.216172712563032707e-05 9.332492352713269722e-06 9.917206249410237334e-06 7.059925949749692720e-06 3.205115602023298860e-04 1.540722042267722171e-05 2.844516520571251298e-05 6.456161238032096104e-06 5.441145052458516549e-05
3.572480994131071465e-04 3.188990753901019140e-04 2.858969635331656367e-04 2.884857149751224553e-04 2.612169924726121103e-04 2.109139157136483730e-04 4.918510848489985590e-04 4.043288880303896968e-04 1.513441798413617256e-04 1.002819547829985648e-04 7.623500410212169585e-05 5.784984902049923784e-05 5.303084004380567425e-05 5.650377733109436052e-05 8.007719651185945067e-05 2.292244708488493977e-04 3.255559841923461875e-05 8.961985469800807431e-06 3.899806601024143017e-05 1.118811090398533303e-05 9.086412259214010970e-06 4.121702466846411176e-05 1.331109007309742409e-04 7.612017564565863137e-05 2.523181605852378145e-05
9.400579050071121131e-04 7.571595259848025667e-04 7.750779166657719267e-04 5.472435948297749457e-04 3.508140823472424884e-04 4.614154052561440854e-04 2.316045160598844961e-04 1.680795353044363719e-04 1.296616855636368291e-04 7.335573220625264115e-04 8.129180100773903772e-05 6.551848108952080575e-05 5.410422490268770965e-05 3.931271426128914452e-05 6.769536723565396335e-05 1.688197003123073690e-04 1.114020384438277636e-05 6.786210435257352518e-06 6.614352349184224143e-06 3.134332774316926575e-06 4.654700950926502361e-06 6.012003994680410469e-05 9.659702395398995221e-05 1.549317289257758025e-04 8.891806704897718791e-05
2.180231208871675954e-03 2.325429562903447329e-03 2.429363701520058979e-03 2.719723727458593643e-03 4.421624805785369719e-03 2.648970235166670482e-03 5.659423966629526436e-04 2.604115097992886645e-04 2.710363429247574906e-04 1.325206106451592872e-04 9.272946363247912824e-05 7.244456439889324865e-05 1.210610580462135726e-04 8.920197167818485822e-04 7.953161081220904772e-05 3.940081247190205515e-05 5.328412094528404237e-04 2.235965854493259932e-05 1.707505045766779354e-05 1.940149066804910515e-05 4.372893342771719223e-05 3.973670899687253735e-05 2.325558211606640281e-05 3.381165258851432254e-04 4.439436965716126750e-05
1.149722023049734154e-03 8.698995976674948546e-04 5.990619384436478940e-04 6.990396474178728250e-04 7.407162801624083423e-04 2.672805921428825812e-04 1.933803157274917805e-04 1.454344909670501136e-04 1.245687334308588016e-04 9.701175812884432650e-05 1.051727050973497580e-04 3.567931192666716771e-04 5.770057115816353672e-05 4.184152670712741108e-05 2.986674834625701404e-05 1.064150607087933697e-04 1.495341872838104711e-05 1.276340681412781473e-05 8.526941086682223003e-06 7.045511984854114129e-06 3.280473323774253723e-04 1.748993092874041055e-05 5.666610581342371308e-05 3.085097643850317215e-04 2.074447776532626004e-04
2.846502336944570764e-04 3.010588075697745512e-04 1.821416449899522386e-04 1.460845024096776282e-04 1.565470204603568692e-04 1.022042008041896952e-04 8.991149507924459528e-05 9.352327228961390335e-05 8.524703246049528907e-05 9.791937256409399153e-05 1.019850003919859841e-04 4.232611871110748152e-04 2.820735585321346942e-04 2.928444172605375404e-04 3.225741596549283754e-05 2.627072022367556731e-05 9.096616873681380384e-06 4.243353116713444493e-05 2.457935595225019487e-05 5.260119558121304547e-04 1.298130670387292215e-04 1.474400476217639282e-05 2.241545494371415516e-05 3.369859900622809788e-05 1.033816036542524408e-05
7.881900829591391520e-04 4.043774262071713160e-04 4.227507316814512698e-04 2.526040345852737954e-04 2.297780870404187445e-04 1.972937323615644284e-04 2.110811076768312716e-04 1.657493153658512193e-04 1.175368772933048633e-04 3.944381288429816331e-04 1.023299615052133548e-04 1.721992472833673354e-03 4.104445390588999507e-05 3.303787872607757487e-05 3.390379049857327419e-05 1.378032527090340255e-05 2.768350010181568806e-05 5.316712802634239042e-05 2.034467979113743731e-05 1.650313415975992529e-05 1.255688630433797407e-05 4.913053667511679953e-04 1.618777557650281104e-04 4.794771969292529784e-04 3.220013927138230586e-05
6.605643579576923365e-04 4.226043700184001239e-04 4.715299324819434857e-04 3.097932722422372105e-04 2.079895334587788364e-04 1.833240259162991989e-04 1.528281843920085872e-04 1.514610883737694895e-04 1.258450455184932431e-04 9.269310313307625889e-05 6.335536877692421898e-05 4.884348618127199219e-05 3.762336253220137751e-05 3.099652339255185951e-05 2.747322638867731828e-05 3.033284198354047973e-05 6.878935096375127418e-05 1.575741003585411518e-05 6.147020900926672445e-06 3.283788220199752471e-04 5.918091872149248354e-06 1.231635164351678027e-05 2.355902475003539780e-05 1.492407952212491789e-05 1.680885440256101721e-04
3.370437207161451078e-04 2.603286116203067471e-04 2.383347601056261310e-04 1.625185078479817987e-04 1.927088143700678938e-04 1.759047928529115540e-04 1.767077587971268714e-04 1.297575011838155703e-04 1.134329226861856694e-04 9.933462129570195989e-05 1.168568857610550321e-03 2.307779072968748539e-04 7.748247369088774453e-05 4.829432396027544402e-05 3.047606807878409325e-05 3.820661186723197034e-05 6.108572816377991243e-05 1.794506748896269969e-05 8.766187527341174571e-05 5.765878534732661041e-06 1.969779235394813078e-05 1.288819264726863987e-04 8.649313219477488862e-05 1.945351880557685419e-04 2.354271053722909108e-04
1.198503178690252116e-03 8.552457474084316147e-04 6.960195644683244906e-04 5.944946640097422547e-04 4.913984498738685047e-04 2.873138859402487666e-04 2.367235282180554399e-04 2.468695407466614620e-04 1.081796361496652160e-03 2.014670360249068404e-04 1.396318118354416507e-04 2.331369690921622831e-04 1.653886387913045030e-03 7.798087406798500526e-05 4.432109758176363781e-05 1.788103650144320887e-05 5.671504543235490129e-05 2.341233329274165732e-05 6.202440857253987471e-06 6.228516333578907649e-06 3.654163127438015838e-06 3.694802188060478226e-06 7.020174932133856711e-05 1.079602250472058189e-05 3.930235782028033932e-04
2.305505760249855431e-04 1.827065206070513197e-04 1.450326866058070845e-04 1.128370691258555428e-04 9.027200697740210100e-05 8.064053416770502341e-05 7.900049218127168642e-05 6.617208605428980895e-05 6.031669187131800535e-05 6.373697424025598812e-05 3.796626847311441517e-05 3.028161549992778939e-05 2.460401336725358317e-05 1.877928339493648263e-05 1.518897020820229868e-05 1.274196654973891579e-05 1.827426478500297663e-05 8.744408083065011760e-06 7.864518971654341570e-06 1.223879816794494938e-05 8.224604515073181152e-05 9.880764429659360035e-06 4.277707488252186895e-06 3.395535283423582328e-04 1.309536375296790775e-05
6.548691916285932909e-04 4.460515234902000161e-04 1.806058643988930088e-04 1.347731712676167933e-04 1.139872339776381319e-04 9.808777435111432855e-05 8.498353342587712804e-05 7.350361338369301733e-05 7.106310747093579018e-05 1.943960321700430240e-04 2.344539455568907336e-03 3.246281394370802457e-04 6.969615022627475708e-05 2.851328166321138332e-05 2.180730014162944201e-05 1.520505427753482292e-05 1.018005114783927421e-05 6.986634040865085732e-06 4.720488434241142792e-06 5.577712638693963376e-06 2.427851366576621632e-05 2.806996337823821499e-05 3.708426855355471908e-05 6.411485214446851686e-05 3.652441123434641229e-05
6.798663656220459844e-04 5.460143079155092187e-04 3.404760391277772283e-04 3.322273780269104906e-04 2.790236962763119853e-04 3.089280676788867266e-04 6.757254611278958089e-04 3.241406908877978148e-04 2.953731814664745299e-04 1.787550970968157548e-04 1.163406810849388820e-04 6.416195042252854507e-05 3.351922172439362178e-05 2.288500938037688222e-05 3.506277110152598549e-05 1.847280173387654169e-05 1.201745803311576425e-05 1.599701455820556217e-05 9.537352270370499222e-06 8.299102555173846498e-05 9.075263355185956247e-06 6.023469798716476304e-05 3.432573095843633772e-05 1.076109283392830991e-05 1.133583983732267350e-04
3.839636471836130934e-04 3.344217633631499831e-04 2.988995301081006305e-04 2.640440417050176486e-04 2.949370780605991074e-04 2.379410432242794388e-04 2.219013135476756589e-04 1.439170294254063639e-04 1.358316377896188554e-04 1.090754406723031000e-04 1.554773501342827078e-04 2.199962449230797711e-03 1.528663620705137717e-04 3.431167047410430693e-05 2.694112412767404619e-05 1.830615770073782121e-05 1.541588559239633551e-05 1.063101464693530005e-05 1.021195788018729456e-05 5.981331995110737460e-05 2.293124410573713057e-04 8.970839997793125776e-05 2.805144014005816013e-04 2.679248348850553005e-04 6.552421464092257793e-04
8.747020494911213672e-04 8.415814946110688902e-04 6.713532724903888355e-04 5.238028959112233252e-04 4.317076370387404219e-04 4.072993718788510279e-04 3.172361436568326147e-04 1.895366801960641828e-04 1.394272184198964190e-04 1.048057785852132796e-04 9.178699906508969576e-05 6.500097448234168406e-05 4.292075092133686002e-05 4.552815827156557373e-05 7.262445913373812370e-05 1.933584605137289513e-05 1.164259515619181562e-05 5.213615346728510083e-06 3.609333460097034975e-06 2.714795300188572120e-06 3.151526990097973857e-06 4.889325651456653734e-04 2.483053378116126760e-05 1.132667908256388132e-05 1.099308088643503357e-04
3.061210893503078789e-04 2.703967475158926140e-04 2.854145760878494639e-04 2.325977664358739097e-04 1.824284799220041511e-04 1.526497156663050891e-04 1.241840622470196612e-04 1.044797577535239093e-04 8.476694980209796852e-05 6.839149943358237055e-05 5.565614941258578924e-05 5.102400801045866809e-05 5.032282392932598089e-05 9.732792389343144352e-05 1.710214248059449183e-05 2.597959761178953228e-05 8.452619482771957368e-06 5.942920420882990610e-06 5.098863626687574319e-06 2.749333281216158156e-06 1.339498694499671153e-04 1.951986279837784533e-05 8.858408348202045446e-05 4.073671503134369544e-05 1.878943875424621450e-05
3.903056535220282932e-04 4.848241010574079577e-04 5.145886169398464997e-04 5.981779635643145760e-04 6.295715952361592921e-04 1.388171164578813361e-03 2.306785586741331735e-03 3.307615434765197554e-04 2.022951001729606792e-04 3.717519144152937275e-04 1.315783068995896943e-03 6.034889184317655824e-05 4.283717270143897523e-05 3.044799850705051227e-05 2.321984713048592299e-05 2.495841419264335583e-05 1.203143052258584873e-05 5.376978555906573186e-06 7.319755796809900661e-06 1.077528521041494687e-04 2.337776445978978533e-06 6.704803750195722211e-06 1.660637501653977084e-05 1.888204785475277678e-05 2.948256493211671845e-05
1.940179970457828185e-04 1.641900615042651531e-04 1.410957386196377459e-04 1.218300184117662699e-04 1.256968763314711586e-04 1.040050908773475761e-04 8.791914201317275633e-05 7.696013474575209455e-05 6.444588977478662962e-05 7.942607923704392292e-05 8.643072775974737390e-05 6.101162672618580009e-04 7.825034155574593598e-04 2.051969044179806912e-05 1.534000793542405198e-05 1.177979908225338495e-05 1.037593026102439415e-05 1.576574959275939044e-05 6.367872961959309823e-06 2.938753152167752360e-06 2.818961785187944966e-06 8.362652661816521494e-05 6.819024161398838007e-04 4.131152706802148868e-05 2.779386492853845527e-05
1.560585932730374295e-04 1.405194032621974259e-04 1.266223674593047732e-04 1.175860784911558039e-04 1.135050213573620781e-04 9.548524886893076469e-05 8.873329536816974773e-05 7.964044961047830006e-05 7.272432727135550020e-05 5.822755812774844838e-05 4.796617915216697277e-05 4.040974882371107244e-05 2.617524893710001138e-05 7.688110283076831242e-05 4.000854608725815825e-04 2.061548479708177683e-05 1.078725888848616979e-05 7.027088817502434120e-06 5.781664056838378078e-06 3.511947080599508209e-06 8.931678362176046095e-06 9.458962619458131761e-06 1.190649912420744012e-05 3.712315382827423239e-05 2.593329065799956478e-05
