1.567764139712752788e-03 1.399849110465286976e-03 1.210471933301675383e-03 1.033032726857015899e-03 8.555974158779966867e-04 6.959900954351139766e-04 5.641280034609501715e-04 4.364269798155637659e-04 3.238377455333851318e-04 2.336277146436583827e-04 2.147208081422570297e-04 9.380005337889507893e-04 1.519828052543129059e-04 5.983609674603320989e-05 8.424804379472027515e-05 6.498443956841088581e-05 8.169416583422632291e-05 1.658372389415005150e-04 1.346449691681109249e-04 7.465942107953535314e-05 5.878422339583408332e-05 7.145149037415118799e-05 1.173264314784819529e-04 1.317779114044144721e-04 1.678434823001164963e-04
1.140652874371892844e-03 2.207180311482412338e-03 7.735344142191548367e-04 3.950170739683311915e-04 3.369086711432573637e-04 2.927434091964589290e-04 2.865346197130949862e-04 2.445859171886734977e-04 2.084361454480087206e-04 3.128194566544925822e-04 2.462514201592429122e-04 1.622240883987871888e-04 1.240562396897143310e-04 1.062843042875776119e-04 1.087184924178223225e-04 2.040911830328338654e-04 1.281372694984345920e-04 8.098524940174529332e-05 2.963672923482097514e-05 4.393734815379563154e-05 5.427265880388557485e-05 5.325988107955228692e-05 6.743768550625769997e-05 1.200667059144860981e-04 2.289852957526220358e-04
5.040031614766996796e-04 4.879819890879689330e-04 4.671776370661510696e-04 3.830166964662567574e-04 3.485373122663576288e-04 3.304913307500400178e-04 2.642514119073652193e-04 2.004365904567922279e-04 1.654161716328375977e-04 1.367747589708069806e-04 1.113724467407510311e-04 8.611309502443795108e-05 8.594927528896818901e-05 7.233434901887409330e-05 6.249266551220838191e-05 6.188578480458931130e-05 4.504840161559766406e-05 3.802080195175290751e-05 1.492028674905403651e-04 6.261317595990119583e-05 5.565779895369825673e-05 2.049289919595063438e-04 2.888776608261797935e-05 5.857361904659433684e-05 6.827010009374170766e-05
5.794768139725112394e-04 6.719637169805306410e-04 5.544177029464920047e-04 4.714256914268260385e-04 4.358886209489763719e-04 3.959824276140711777e-04 3.473132949809044218e-04 2.985535636126734720e-04 2.418881671285434524e-04 2.034380837979677639e-04 1.494224331769905274e-04 1.445092403889815019e-04 1.493582852850673139e-04 3.176705623265341184e-04 3.367798285878322804e-05 1.064591946860369502e-04 1.167006097293769504e-04 1.718221736034524372e-05 3.609413574623454894e-05 3.062990167085673124e-04 1.656429273519960269e-04 1.831591212929440987e-04 1.302153068549435401e-04 2.040528076631349978e-04 2.638649575350102052e-04
1.019919441503615342e-03 9.031079724728397753e-04 8.392433586392722931e-04 8.765665350008367733e-04 7.158071473744772586e-04 6.042244737324861757e-04 5.018643988200714549e-04 4.047379627362514623e-04 2.955705553697058350e-04 2.069297010006086724e-04 1.476345285814205529e-04 1.121181733280963413e-04 7.754310809690902748e-05 5.893152974768042351e-05 3.452048617910594776e-05 6.642074230777024208e-05 3.470631110542697238e-04 3.369781824043661456e-05 1.985742864267860231e-05 1.401523851481927397e-04 2.734895288630802585e-05 2.020091747247072063e-04 2.627949320680985973e-04 2.892823493504471976e-04 2.004068563310766105e-04
9.256128373243758785e-04 8.514902110374738403e-04 7.529147764095012879e-04 6.772880409122811153e-04 5.951642962575033613e-04 4.994484388309401116e-04 4.217739037012535478e-04 3.537948721093471353e-04 2.857331149293349123e-04 2.097527515779078265e-04 1.781759204634722688e-04 9.828234272535278236e-05 6.692725644486815324e-05 1.346106040280642337e-04 3.645084600642683120e-05 3.784752743810501315e-04 3.361760133561274034e-05 2.290716547749059286e-05 1.586205831759424285e-04 2.333915930173083297e-04 7.039702082665380729e-05 5.439848167991393531e-05 5.039092773629608082e-04 4.590274783307709557e-05 7.430220486788633512e-05
6.708924785447541433e-04 6.879829020635625869e-04 5.331251731672384314e-04 4.940290782348456811e-04 4.921431945508200146e-04 4.502060061176227715e-04 4.145062087213508364e-04 1.001975443019541192e-03 4.193525369522697627e-04 4.047021304320175109e-04 2.171727289548603280e-04 1.742935502098961510e-04 1.084824660559000721e-04 7.427290280134710425e-05 3.842476898623496955e-05 1.151084487508689057e-05 7.303145410714063794e-06 3.134378285279010865e-05 1.677643685408230034e-05 6.633085567637210094e-06 2.578935247954522989e-04 8.901086044659002627e-05 1.359161362990941402e-04 3.013992797656152683e-05 1.220581562504305791e-04
1.197181590474769410e-03 1.099471781156074806e-03 9.541652508940750297e-04 7.942228412988469122e-04 6.628437946503846481e-04 5.419316097075481745e-04 4.700070639324998526e-04 3.513472214301867499e-04 2.807728692455686327e-04 2.311625708466168909e-04 1.644371851898874029e-04 1.281436063473450238e-04 1.517048783819203777e-04 4.813986655774410087e-05 2.804580217070866936e-05 2.112164774659494124e-05 7.510149641953766330e-05 2.443582948837235802e-04 3.696105636827837248e-05 1.476263879990879832e-05 9.569919844536158346e-06 9.955859832675235846e-05 4.284824246423288904e-05 1.069177977007198301e-04 6.919200380553787292e-05
1.422771392931709063e-03 1.486419112815326633e-03 8.692515904989656182e-04 1.225674628140470792e-03 8.310558244211019470e-04 5.615673235048561623e-04 4.922005191384354024e-04 3.124939238037765903e-04 2.250017377590084080e-04 1.693091407562665070e-04 1.422230861323344159e-04 1.050783503874222008e-04 7.585570489165231571e-05 6.530615492408499857e-04 4.670713062898068050e-05 3.631416630588516512e-05 6.356070546574099471e-05 2.300169698868154136e-05 8.310824324489616730e-05 2.893246395749327724e-05 1.291347090873054071e-04 1.547207523099393704e-05 1.298333815045051671e-04 2.582013378140975536e-04 2.234925058869550421e-04
7.360984460225410836e-04 6.642224800616387814e-04 5.942774232628978640e-04 5.270232909304906890e-04 4.798867674068336151e-04 3.852128571751519412e-04 3.173437507394763772e-04 2.690072670990569913e-04 2.332232711976715107e-04 1.837619595803207252e-04 1.348912365326947638e-04 1.013377570079687976e-04 8.461909720471466601e-05 8.372933597180450590e-05 3.225926244390488803e-04 9.584009106124723751e-05 2.158335136206521250e-05 1.389656644544471877e-05 1.371245311853331835e-04 1.101696675049720370e-05 2.676857241699648077e-04 3.343311557012682250e-05 8.650847177748696921e-05 2.480637798078376335e-04 4.239944092470987404e-04
8.576523367822862839e-04 7.279763894613208025e-04 6.222009913164943317e-04 5.438049426161767905e-04 4.690937515157510133e-04 4.097825356452887858e-04 3.457876104916467793e-04 2.836034013404087166e-04 2.308798081877937842e-04 2.086927896055912389e-04 3.323524153443538592e-04 1.138489101761931742e-04 4.309160879053444541e-04 4.616522256670009864e-05 2.872929601668634434e-05 1.745445774390747812e-05 2.096505835336206279e-05 5.721407419118841997e-06 5.496111972246037242e-06 5.289229367077472620e-06 2.601633449421496619e-05 4.650579817153161117e-05 2.753593412912410949e-05 6.667756273007251298e-05 3.901873187312917629e-05
1.458843799075893810e-03 1.093691291030930192e-03 9.578775445984491184e-04 9.000038234416134209e-04 7.268502902379413416e-04 6.133250958611870035e-04 5.119806669854103575e-04 4.055438633589872376e-04 3.492608054005853085e-04 4.416503258609525621e-04 1.841555214564202813e-04 1.051456210297507202e-04 6.226467249467001650e-05 5.682802694797592000e-05 2.395218377888697924e-05 1.648726699468535978e-05 2.177985028797960570e-05 8.721170343679220607e-06 8.572099612311019829e-06 7.445203061364850419e-06 2.143369761438364187e-04 1.161449681749162602e-04 3.937068632454572277e-05 6.696459888211289170e-05 1.986165614223127027e-04
8.905875992562884477e-04 8.535512912405552460e-04 7.438500422905141912e-04 6.671256510303370281e-04 6.407390123038787062e-04 4.619091655748860893e-04 3.981068430164548338e-04 3.404747283262748395e-04 2.682406300676468667e-04 2.055902599379765949e-04 1.551316920955630725e-04 1.098140225662283482e-04 7.542859349598965511e-05 8.948973953158185666e-05 4.850617030687457288e-05 4.027012898316242417e-04 7.662214971431012165e-05 5.047610280002367059e-05 1.424772480781457451e-05 4.311431497444888106e-05 1.856536266813829813e-04 8.286376916873641315e-06 8.033564080163723949e-05 8.626327562540673209e-05 2.144476913866824044e-04
1.145475547170395330e-03 1.037365134047519124e-03 9.503930165627194095e-04 8.350574118195239551e-04 6.953902503042782212e-04 5.962668983738282635e-04 5.166929065531319530e-04 3.602003024358740066e-04 2.780313276238321790e-04 2.272825303366257535e-04 1.555964347527031362e-04 1.206306752479062032e-04 6.131366149678268442e-05 3.940947321768414251e-05 5.033970153056975376e-05 3.685691268762512327e-05 3.078927881128861084e-05 7.136404527253528808e-06 3.709761377518065099e-05 1.001085077200727251e-05 1.653417217680129797e-04 2.254014366233123877e-05 8.972209997096078262e-05 1.960825361260105134e-04 7.849753057557460917e-05
1.498892783463154528e-03 1.406118518105962467e-03 1.025777900030975165e-03 7.941462051118049507e-04 6.431324104788228423e-04 4.736296032457772663e-04 4.034280324909290017e-04 3.212605345617639647e-04 2.491951908978803096e-04 2.028165185053577130e-04 1.848263227346389761e-04 1.117386881140845859e-04 7.112827445600333493e-05 6.207560279584384386e-05 5.293713579175451407e-05 6.927754570746589039e-05 1.994531863642908372e-05 9.818996848717993333e-06 1.116201668249193490e-05 4.132858029691019604e-05 6.627375252286726448e-06 5.936926389861711792e-05 3.880550956339737597e-05 1.407191349854235607e-04 1.807928569753396901e-04
6.976096756528422363e-04 5.795693687505317849e-04 4.870940014873005532e-04 4.282656893865875768e-04 3.886411293044017752e-04 3.508890177140817283e-04 3.012088501006479906e-04 1.724978759321125132e-03 2.157710909400165219e-04 1.603858076171784319e-04 1.389939034343579388e-04 8.698759591625012842e-05 6.839028316550954157e-05 4.895571749940030143e-05 5.102794554282656138e-04 4.416338534619159177e-05 1.835502439803988074e-04 8.681044279117929626e-05 2.463476569136163836e-05 2.916051949522831146e-04 1.072149300699856071e-04 2.362781745417932670e-04 4.863581125470910530e-05 4.056150802406381477e-04 1.485892196482431937e-04
8.973925015212486870e-04 8.020251628965029741e-04 6.396991998731244283e-04 5.610101820934037479e-04 5.058298563162829222e-04 4.229057846003412982e-04 3.779512953707869793e-04 3.184467249600338515e-04 2.827362485610633992e-04 1.913676371189098344e-04 1.384476434275530837e-04 9.897049317510025481e-05 9.791323084864703803e-05 4.928779178893853664e-05 3.336447801044422994e-05 7.751517819051970484e-05 1.527534932867190412e-05 1.096751542328011990e-05 5.750299223294672631e-04 3.541738193041097976e-05 1.610484279464062242e-05 1.019544089093427129e-04 5.083364304061694381e-04 4.282773004805278083e-05 5.322095677772389747e-05
6.243149140487654417e-04 5.645878578158587853e-04 5.124770780779345320e-04 4.677458736790938488e-04 4.167707099453053527e-04 3.697230630003460667e-04 3.261390893259825670e-04 2.841482682610056037e-04 2.353926174877163260e-04 1.889690949526701971e-04 1.864591137431634727e-04 1.637521159765959486e-04 1.834455687063227735e-04 1.254985863797034300e-04 5.133688846653764316e-05 2.280494623053965926e-05 5.422047161310871984e-05 7.342177622710663982e-05 1.209191433649315110e-04 1.770428968246754798e-04 3.052052417801581801e-05 2.339667061797166071e-05 7.971107639580623551e-05 2.615043214631812920e-04 1.562021705435679352e-04
6.459341785586703716e-04 4.852547334222448243e-04 3.892803703394025769e-04 3.639075453035390964e-04 3.671926567191621414e-04 3.301132214309533686e-04 2.761784918468425756e-04 2.183818488011119655e-04 1.688007528284617977e-04 1.346668535954196363e-04 1.097950723734015578e-04 8.243327516740240170e-05 6.489460012441293827e-05 5.105343016674398902e-05 4.042250642444356583e-05 2.612125519404905234e-04 7.966688167909699255e-05 5.152953014369894021e-05 2.406236567708431377e-05 9.309071942760182021e-06 2.852725129840867705e-05 6.842513668046946963e-05 5.557019379322597160e-05 2.469469971367933316e-04 7.715479590089286701e-05
7.110826016252269925e-04 6.098474495849108079e-04 5.713014811424415055e-04 5.764007997878930556e-04 6.826287407308381143e-04 4.492020319535300452e-04 3.014928681880570832e-04 2.470975918005391793e-04 2.377234157584515520e-04 2.215170862567009873e-04 2.298392016667405370e-04 1.164109558272359958e-04 1.182401492103814835e-04 7.304010445690606161e-05 1.580948833466418266e-04 4.426219408448014704e-05 5.486818755527923504e-04 2.339215247182350948e-05 4.991340766280387214e-05 6.712274366697045078e-05 1.301736770810696527e-04 2.866967510652103173e-04 7.220675432725669717e-05 2.355730179095585095e-04 6.373592867055130574e-05
6.741380405993290361e-04 5.950257941065064662e-04 5.344984192777101030e-04 4.877175601197507445e-04 4.513473605917127395e-04 3.953926877979963982e-04 3.276725952673630602e-04 2.696353261804589475e-04 2.166105781659469231e-04 2.093122818856770363e-04 1.456809655778677987e-04 1.112687748337124833e-04 1.063190506405884257e-04 7.196280403553732743e-05 4.030552619394680094e-05 4.031548547837256630e-05 1.527779045387002869e-05 6.903749599491841896e-05 3.663642724078308211e-05 4.406664590197279066e-05 6.664615477817015102e-05 2.632311843804075900e-04 6.261140897431505085e-04 2.110893179729618420e-04 7.445950005756050429e-05
4.219036993147341611e-04 3.801341391242849172e-04 6.100776697656850722e-04 4.775245920261103768e-04 3.273268672312511294e-04 2.629574332816387813e-04 3.665813265434069443e-04 3.297360072215488954e-04 3.354830445361779408e-04 2.140590376054640493e-04 4.756376025461440016e-04 1.428077869820546951e-04 1.310313534167001337e-04 1.786508456310806272e-04 5.157573256931447512e-05 5.447046984152463257e-05 3.404454301382756895e-05 4.066687692205292362e-04 1.927529663399076974e-04 1.792959313906418277e-04 7.288279704275323382e-05 1.879286568728920652e-05 2.869395491605089693e-05 4.310351729358757118e-04 1.300513568866996418e-04
6.142652051788258759e-04 8.022181104762964553e-04 6.136884739727985465e-04 5.417623092938231863e-04 4.564695556053525614e-04 5.052770137190875461e-04 3.762974808512484053e-04 5.113802708912644707e-04 3.027744280174427352e-04 2.154704982138305920e-04 2.794235099841798839e-04 3.992394118936331508e-04 2.778770248721235082e-04 2.033207919889068276e-04 3.432905473356507621e-04 6.425160952588445534e-05 3.998746941475596908e-05 1.503518272178458557e-04 1.407719464397993189e-04 1.361015049094099465e-05 1.775015205290802274e-05 3.383275473913618269e-05 8.760144399912367147e-05 1.985251211055103187e-04 1.778558499453569447e-04
4.728884256736478903e-04 4.297394370386759736e-04 3.936064503167263575e-04 3.696811507148458362e-04 3.466537919465723832e-04 3.045263888513435446e-04 2.658857787048465827e-04 2.104409204604835201e-04 1.799257653853870639e-04 1.419525012404686314e-04 1.151838949761311805e-04 9.310396650121417772e-05 7.215377344938610639e-05 5.778266324885824299e-05 9.050074665300635404e-05 3.061632785280120854e-05 1.561130332955903120e-05 1.569151263069847664e-04 4.688545287230577339e-05 4.296894063212618458e-05 9.573073720030773643e-05 4.022285136538674718e-05 2.001971295412473251e-04 2.845304783911967346e-04 3.104431792140801899e-04
8.977805692122177656e-04 7.867069755710696466e-04 7.291604410543376562e-04 5.009883392959491467e-04 4.224035795813949360e-04 3.713037746811585424e-04 2.993037667472150400e-04 2.323024176627274686e-04 2.815840587963470564e-04 2.948274408915032120e-04 1.258803309355383936e-04 9.991570250565413435e-05 9.685285460847795221e-05 6.285682919083686554e-05 4.898949669476721283e-05 9.518510828412800643e-05 1.427679994736795128e-05 7.857372149217055433e-05 5.746268973844704137e-05 1.688204658486334585e-05 7.244381913448247692e-05 6.235589891744875953e-05 1.067833611771373760e-04 9.913227964452098521e-05 4.879342173478391428e-05
8.901417949258364198e-04 8.031092928516302999e-04 7.113013226433641863e-04 6.216534235752554970e-04 5.306427027842273037e-04 4.788192231884543285e-04 1.103102257615524951e-03 5.081366454059535768e-04 3.161476704721546504e-04 2.377482742209480876e-04 1.877886687162070678e-04 1.372754676472681158e-03 9.448699547614486491e-05 6.692607694376494719e-05 5.902699987303362621e-05 2.439576986567535397e-04 3.969118055495377006e-05 2.678750719990338365e-05 9.105679087585832345e-05 3.705108853398001172e-04 2.380507238735371609e-04 1.715418946317695070e-04 4.024023468699037588e-05 1.273957963070499583e-04 2.741303680363435676e-04
9.072845151736089143e-04 1.344227187258162891e-03 6.698647789738019619e-04 5.314716291292719474e-04 4.698751269482891982e-04 4.550652738081016201e-04 3.539611153689126871e-04 2.680050275561820334e-04 2.178137260138806295e-04 1.696716254210171491e-04 1.214704762893575234e-04 9.127530948541321787e-05 1.156385218766555308e-04 4.500478336453462858e-05 6.595660010800394259e-05 1.705304394141168639e-04 1.025459210798878084e-05 6.994155881371276473e-04 1.518611939772271998e-05 1.078523181153746288e-04 1.746155817407821071e-05 8.618993036800623887e-05 1.230654653598359813e-04 6.128212855478309788e-05 1.035834709186070481e-04
7.210618886502494695e-04 6.571216953770642926e-04 6.032109716034468605e-04 5.359774081356978538e-04 4.500595940652393789e-04 4.531446875197536360e-04 4.321633556210573981e-04 3.086497955321883344e-04 2.504400171093800961e-04 1.939779839164004380e-04 1.509725702845329798e-04 9.430186269068302702e-05 7.110292916287970510e-05 4.785098558130310468e-05 3.381294810648573029e-05 3.794197257285912973e-05 2.178840617288952731e-05 1.407016559378156874e-05 1.552701068000752625e-04 3.450016134821290556e-05 3.257045868643542022e-05 4.733448170728336000e-05 4.668446077201235102e-05 3.741550399882931789e-05 7.364165962283117763e-05
4.435379387011640869e-04 6.137634583726408674e-04 3.840363258388558229e-04 3.891393592378109283e-04 4.033594494154301075e-04 4.827719011350130210e-04 4.576386203736930208e-04 5.179768564881954323e-04 2.356803057279162296e-04 1.954022441283305444e-04 1.608325424679026775e-04 1.029844751645279249e-03 7.723118889696050943e-04 6.592640868515805424e-05 6.902905529034568572e-05 3.838054764163401100e-04 6.603446775809425991e-05 3.267635855613942018e-05 3.359415805778628319e-04 1.289757959914308947e-05 7.448809570748050725e-06 6.085328007823939748e-05 5.413499040064627833e-04 3.753175785960658324e-05 1.223834767033587774e-04
6.552702040296293521e-04 6.867919703990322524e-04 7.391910201584051552e-04 7.210004753487620497e-04 7.491929587262993913e-04 4.875314179340180460e-04 3.913364512116121225e-04 5.118898822503730904e-04 3.497197436407306083e-04 5.920646771611129920e-04 1.686195424634116802e-04 2.250088870396721680e-04 7.170228741419327415e-05 4.534640068767726098e-05 2.882080173339854391e-05 3.444840712502005676e-05 1.146825240921843075e-05 2.633972768741249377e-05 5.008985160123342589e-06 2.074009584945265053e-05 6.486370035122783625e-05 4.191682767706700037e-04 2.932296501789274554e-04 2.856861592426788326e-04 6.951997200807962559e-05
8.433148583570053295e-04 5.428416486442815860e-04 4.827353328191540506e-04 4.743292886910103925e-04 5.215229774264103831e-04 5.561873643344961453e-04 3.281403957310930083e-04 2.952271736537889508e-04 2.194430112960838255e-04 1.675862845688323428e-04 1.262501483376189410e-04 9.132961679164382056e-05 6.995073826889821027e-05 7.882296215209340211e-05 4.276321518919128534e-05 1.343960607101394493e-04 4.808095425171670111e-05 1.712571876148610625e-05 3.399215536303611465e-04 9.333025693777913375e-05 3.482481655731168663e-05 3.043267175702975605e-04 3.288342166990940152e-04 4.058164005733726004e-05 8.198675235641760114e-05
7.248824189859891763e-04 6.950368611760535413e-04 5.501114297444160972e-04 4.964764075953092106e-04 4.099894289804001195e-04 3.417525782108145858e-04 2.772627089014438563e-04 2.607714074097594397e-04 1.969550441008865581e-04 1.675753942590092228e-04 1.284852146888611582e-04 1.299831615108972048e-04 7.603161781827790541e-05 3.534201921326814155e-04 3.581001170713895871e-05 2.407115891467751271e-05 7.168575065025099889e-05 2.584817330429750831e-04 8.192975567730029050e-06 6.197802127360880554e-05 5.128749020734997831e-05 1.885601296754730409e-05 3.662037680125839937e-05 2.088027848235415071e-04 1.227527604666630364e-04
8.199816104928654703e-04 7.703544177019590712e-04 7.141928532808422461e-04 6.182060104947107284e-04 4.991910275982600065e-04 4.138095884584178531e-04 3.397659602237742020e-04 2.768468926633509781e-04 2.213700119108755280e-04 1.722887866972836119e-04 1.283177389932009136e-04 1.160793617954089508e-04 7.989653177932753156e-05 4.352498493240370775e-05 2.826138139283941177e-05 3.955983847801442188e-05 1.557050162631225024e-05 3.313184004246089723e-05 4.097835962262379400e-05 6.390137414432580157e-05 2.711641350643288696e-04 3.200483149447222751e-05 1.264349055431571178e-04 2.309984419148291114e-04 2.564228215936972832e-04
9.349886220503235640e-04 8.415537695183634027e-04 7.175256229058099393e-04 6.191604981334893195e-04 5.420248715019939430e-04 4.674737034503528605e-04 3.927368347163798668e-04 3.212883527099205465e-04 2.501083737313139336e-04 1.880514219567153969e-04 1.418330356945305922e-04 1.060907000324842731e-04 1.203858404313298152e-04 4.287074239411858676e-05 2.713819214590351759e-05 1.801843287482554263e-05 1.035405589849843866e-05 1.886872348451869622e-05 1.656525194077875041e-05 3.468298411857527767e-04 1.317694086619690531e-05 5.342488904390133204e-05 1.910920795734330404e-04 6.328914378625411289e-05 1.041427562133813634e-04
1.223965280386077456e-03 1.199325938984527719e-03 8.849857077904408655e-04 7.533698896077260700e-04 6.049985892988112837e-04 5.083458507177490661e-04 4.157472248996146131e-04 3.326202793008080642e-04 2.627060357247068588e-04 2.082390301422787110e-04 1.475927535673956506e-04 1.077410251266481417e-04 1.258834488507125935e-04 5.784097532386935840e-05 3.085600120258080432e-05 2.776335614815555821e-05 6.620081312260677267e-05 7.278227880411801542e-06 4.380609747621738541e-05 1.121464151612817836e-04 1.529274297994062649e-04 1.404113910266692770e-04 4.474512270977842041e-05 7.717926432984525791e-05 5.226456317360915336e-05
5.080788074620831143e-04 4.763550999588236912e-04 4.524847683890654421e-04 4.516720948912092783e-04 4.065336345166568194e-04 3.564978516970839515e-04 3.742947725684987086e-04 3.327067833847845548e-04 4.455201737741826284e-04 6.321538254021992704e-04 8.944986404620677931e-04 2.432914361263733497e-04 1.069577182389287262e-04 1.430000248221201958e-04 3.380549788782217656e-05 7.287485999544744838e-05 2.220525572573472082e-04 9.884487621581912340e-06 1.272396936684020081e-04 1.739963758046971003e-05 2.018667980591521370e-04 2.194481782344960880e-05 1.908394953784221142e-04 1.463348701707473597e-04 1.337499069092166798e-04
5.970700714133358577e-04 5.248515957687762247e-04 4.504832655417946108e-04 5.027710398361298931e-04 4.091109669388439535e-04 5.223745635055984486e-04 3.301859217155615517e-04 3.131741927699584638e-04 2.983031523247834087e-04 2.959545641262492600e-04 3.089939009465679748e-04 2.914065149520489602e-04 8.015316104876518796e-05 1.458216670134125734e-04 2.452333436933773147e-05 1.902105583345941380e-05 8.475656168262627903e-06 4.636892248966927351e-06 5.672631835065589235e-06 1.758661555551820706e-04 1.251753803662947965e-04 3.690986929814997887e-05 5.301477469597786624e-04 8.151583817536373525e-06 1.414866680911918763e-05
5.123173308966111989e-04 6.022652490090126768e-04 6.657317871076089350e-04 5.168305750162601082e-04 3.445373183456483025e-04 4.551113657420942306e-04 3.524248006227563503e-04 2.837924583566306955e-04 2.564429212145863933e-04 1.926007541881540053e-04 1.804510818193269322e-04 1.566990285872975938e-04 1.102814652174475017e-04 4.370986692025342294e-05 6.746053091118732199e-05 4.222398999491604074e-05 1.062579978713777176e-05 8.719662496317168136e-06 4.372127758339257504e-05 2.277672792224022557e-05 2.249268162752679403e-04 2.025160479827553257e-04 7.615741256728172557e-05 9.681879403303725871e-05 2.907078765512334734e-04
8.855008512468322485e-04 6.135767712249452430e-04 5.883076743149004027e-04 4.993001497860320411e-04 3.739200860534583836e-04 3.189772000962977859e-04 2.650671078370319084e-04 2.426852499379982475e-04 5.349732968465926650e-04 3.740417676827345801e-04 1.285504446454862639e-04 1.598005966060737427e-04 7.301061136244484790e-05 6.544648057235980302e-05 2.166594183790005932e-04 1.409144912632072106e-04 6.119114180970153184e-05 2.152733636491375532e-05 1.405635998179992711e-05 9.353546264186195886e-05 1.658920697165936398e-04 1.114281110805984322e-04 6.550044570169382286e-04 1.257359884130821229e-04 1.984104955823446043e-04
7.834171855049233907e-04 7.741031707577195400e-04 5.998133965389665237e-04 4.824285770983314397e-04 4.109802888724601038e-04 3.509225523088307626e-04 2.982758840180401122e-04 2.514462088823319545e-04 2.114852030395082466e-04 1.728485192647052861e-04 1.311164074801213913e-04 1.082578267326681545e-04 8.715817082346872754e-05 1.290008215672355937e-04 4.163344735747776209e-05 4.891692426841525235e-05 7.298692391301909782e-05 2.172573788987368728e-05 1.938409871725563466e-04 5.396111534065816621e-04 3.886897180187187190e-05 1.036005622007588582e-04 1.164467099977134837e-04 6.178848393446921062e-05 7.793138883298274873e-05
4.811723693267323169e-04 4.334803088210011372e-04 3.940967799735836880e-04 3.498103989611280095e-04 3.093599079262023639e-04 2.800733991304924777e-04 2.434953539103615599e-04 3.773155678075365864e-04 2.132085994882872409e-04 1.750850716773787218e-04 6.355451269584409943e-04 1.678721703802043652e-04 7.374719768780115751e-05 1.335128474096468939e-04 1.250909946288670713e-04 4.488993598579917119e-04 2.030706998923147231e-05 5.733316869911390419e-05 4.229923292861701811e-04 6.203310039895581216e-05 2.056834791466497273e-04 9.576527179133397503e-05 4.959621393312568110e-05 2.043720823657679884e-04 6.923220719021258172e-05
4.419280037744686106e-03 3.845145807425080255e-03 2.386382535447100113e-03 2.287460474069442831e-03 7.170582985777363381e-04 6.379913836047247785e-04 7.197339927185696356e-04 3.970246860367307321e-04 2.235405437823749140e-04 5.708665719547236601e-04 2.390943884196001384e-04 1.209492716346379431e-04 4.362517370613205815e-04 2.464672376319608938e-03 4.236384031374971246e-04 2.251488356117756489e-04 4.283330522038872567e-05 1.925138959143272684e-04 1.256523113063771728e-03 2.853472552032674378e-05 4.272487142872419025e-05 2.957068490820066671e-05 1.712069792218351828e-05 6.169268761494888518e-05 1.486134628395398825e-04
7.796310651717615727e-04 6.827822951893132561e-04 7.796461207181740053e-04 8.045740853744873852e-04 1.021330883803615126e-03 8.168040936875647267e-04 9.223736749101276626e-04 1.274785177709320634e-03 1.691606230789164918e-03 4.105891396402130706e-04 2.653740436338609260e-04 1.247870151164006541e-04 7.716517259217209161e-05 7.644538744274829848e-05 5.550123291150227558e-05 1.561970256507373551e-05 9.972642765570434385e-06 9.067085674425014340e-06 1.037136099004926394e-05 3.284564069474054212e-05 7.974024299438816645e-05 2.600313381236210187e-05 4.311868759860067966e-05 5.001356394058925804e-05 5.496950891032555098e-05
1.143441684630957427e-03 4.864251802589710178e-04 5.437055083380747719e-04 3.509006586205989410e-04 3.208034659992650933e-04 2.961037004398754603e-04 2.530437643565885443e-04 6.836396567673492641e-04 3.533791837693785859e-04 1.914749586221785348e-04 1.233958811149412293e-04 1.002061391764799881e-04 7.031549008635011708e-05 5.667261450816547195e-05 8.023466238384085623e-05 1.170192391475078530e-04 2.384145296375305811e-05 1.034249248940373927e-04 4.802801254000453851e-05 9.575324773531792622e-05 1.263038421554710476e-05 3.310563449221061590e-04 1.025932452930784636e-04 5.565009378268503861e-05 3.843564021738853716e-05
5.445422218923135155e-04 4.818197966606759886e-04 4.240829703814811657e-04 3.733725990308934270e-04 3.266951555982475588e-04 2.794450460019107956e-04 2.841709653653111227e-03 1.608571129670849625e-03 4.711972809143771227e-04 1.990040968281562455e-04 1.245817940694759097e-04 1.490522173803928427e-04 6.093572062264477978e-05 4.613572470683177440e-05 2.552297208373943238e-04 6.619103816763748419e-05 2.959405380539910938e-05 1.113187929714313910e-05 1.059284958989255910e-05 5.247775300075267925e-06 2.799871552058526470e-05 1.345227248461845737e-05 4.007793219768106979e-04 3.027818104700293186e-04 3.339750569226941651e-05
